-2.481712e-007 10.1304
-2.479712e-007 10.128
-2.477712e-007 10.0814
-2.475712e-007 10.0652
-2.473712e-007 10.1311
-2.471712e-007 10.1691
-2.469712e-007 10.147
-2.467712e-007 10.1056
-2.465712e-007 10.079
-2.463712e-007 10.0948
-2.461712e-007 10.0327
-2.459712e-007 9.85178
-2.457712e-007 9.79067
-2.455712e-007 9.89873
-2.453712e-007 9.97469
-2.451712e-007 9.98091
-2.449712e-007 9.98091
-2.447712e-007 9.94845
-2.445712e-007 9.88285
-2.443712e-007 9.8611
-2.441712e-007 9.92014
-2.439712e-007 10.0009
-2.437712e-007 10.0065
-2.435712e-007 9.98091
-2.433712e-007 10.0596
-2.431712e-007 10.1076
-2.429712e-007 9.96365
-2.427712e-007 9.86628
-2.425712e-007 9.97366
-2.423712e-007 10.1073
-2.421712e-007 10.1439
-2.419712e-007 10.1004
-2.417712e-007 10.0434
-2.415712e-007 9.98643
-2.413712e-007 9.89873
-2.411712e-007 9.86559
-2.409712e-007 9.91703
-2.407712e-007 9.93326
-2.405712e-007 9.89701
-2.403712e-007 9.92394
-2.401712e-007 9.99058
-2.399712e-007 9.95916
-2.397712e-007 9.90288
-2.395712e-007 9.95156
-2.393712e-007 10.0206
-2.391712e-007 10.0141
-2.389712e-007 9.96641
-2.387712e-007 9.96537
-2.385712e-007 10.0151
-2.383712e-007 10.031
-2.381712e-007 10.0182
-2.379712e-007 9.98781
-2.377712e-007 9.90633
-2.375712e-007 9.89943
-2.373712e-007 10.0569
-2.371712e-007 10.1439
-2.369712e-007 9.9526
-2.367712e-007 9.72921
-2.365712e-007 9.75717
-2.363712e-007 9.90771
-2.361712e-007 10.0403
-2.359712e-007 10.1522
-2.357712e-007 10.1473
-2.355712e-007 10.0437
-2.353712e-007 9.99127
-2.351712e-007 10.0109
-2.349712e-007 10.0879
-2.347712e-007 10.1929
-2.345712e-007 10.2019
-2.343712e-007 10.0928
-2.341712e-007 10.0006
-2.339712e-007 9.99783
-2.337712e-007 10.0161
-2.335712e-007 10.0206
-2.333712e-007 10.0154
-2.331712e-007 9.96882
-2.329712e-007 9.92221
-2.327712e-007 9.9557
-2.325712e-007 10.0479
-2.323712e-007 10.1318
-2.321712e-007 10.1825
-2.319712e-007 10.1836
-2.317712e-007 10.1352
-2.315712e-007 10.098
-2.313712e-007 10.1463
-2.311712e-007 10.2188
-2.309712e-007 10.1487
-2.307712e-007 9.96882
-2.305712e-007 9.87974
-2.303712e-007 9.9343
-2.301712e-007 10.0127
-2.299712e-007 10.0386
-2.297712e-007 10.0645
-2.295712e-007 10.11
-2.293712e-007 10.1062
-2.291712e-007 10.0783
-2.289712e-007 10.0931
-2.287712e-007 10.1087
-2.285712e-007 10.1076
-2.283712e-007 10.1021
-2.281712e-007 10.0572
-2.279712e-007 9.98954
-2.277712e-007 9.97124
-2.275712e-007 10.0317
-2.273712e-007 10.0683
-2.271712e-007 10.0034
-2.269712e-007 9.92601
-2.267712e-007 9.89148
-2.265712e-007 9.90564
-2.263712e-007 9.96434
-2.261712e-007 10.0109
-2.259712e-007 10.0717
-2.257712e-007 10.1211
-2.255712e-007 10.0738
-2.253712e-007 10.0417
-2.251712e-007 10.0493
-2.249712e-007 9.96399
-2.247712e-007 9.87595
-2.245712e-007 9.89873
-2.243712e-007 9.95778
-2.241712e-007 9.98885
-2.239712e-007 9.95709
-2.237712e-007 9.88216
-2.235712e-007 9.87974
-2.233712e-007 9.9488
-2.231712e-007 9.92774
-2.229712e-007 9.86214
-2.227712e-007 9.94776
-2.225712e-007 10.0986
-2.223712e-007 10.1176
-2.221712e-007 10.0389
-2.219712e-007 10.0424
-2.217712e-007 10.1276
-2.215712e-007 10.1314
-2.213712e-007 10.08
-2.211712e-007 10.0745
-2.209712e-007 10.0258
-2.207712e-007 9.92221
-2.205712e-007 9.93671
-2.203712e-007 10.0869
-2.201712e-007 10.2174
-2.199712e-007 10.2191
-2.197712e-007 10.1114
-2.195712e-007 10.0344
-2.193712e-007 10.0469
-2.191712e-007 10.0217
-2.189712e-007 9.92946
-2.187712e-007 9.95087
-2.185712e-007 10.0455
-2.183712e-007 9.95847
-2.181712e-007 9.77444
-2.179712e-007 9.76753
-2.177712e-007 9.90564
-2.175712e-007 9.99368
-2.173712e-007 9.97366
-2.171712e-007 9.93879
-2.169712e-007 9.98056
-2.167712e-007 10.04
-2.165712e-007 10.0441
-2.163712e-007 10.0251
-2.161712e-007 9.97538
-2.159712e-007 9.89977
-2.157712e-007 9.91289
-2.155712e-007 10.0199
-2.153712e-007 10.1042
-2.151712e-007 10.1712
-2.149712e-007 10.2323
-2.147712e-007 10.2209
-2.145712e-007 10.1857
-2.143712e-007 10.147
-2.141712e-007 10.0261
-2.139712e-007 9.92118
-2.137712e-007 9.94949
-2.135712e-007 9.99368
-2.133712e-007 9.94086
-2.131712e-007 9.88527
-2.129712e-007 9.94155
-2.127712e-007 10.0448
-2.125712e-007 10.0365
-2.123712e-007 9.92118
-2.121712e-007 9.89873
-2.119712e-007 9.96537
-2.117712e-007 9.94949
-2.115712e-007 9.92981
-2.113712e-007 9.99645
-2.111712e-007 10.0589
-2.109712e-007 10.099
-2.107712e-007 10.1249
-2.105712e-007 10.0997
-2.103712e-007 10.0172
-2.101712e-007 9.93326
-2.099712e-007 9.94466
-2.097712e-007 10.031
-2.095712e-007 10.0866
-2.093712e-007 10.0966
-2.091712e-007 10.0935
-2.089712e-007 10.0793
-2.087712e-007 10.0327
-2.085712e-007 9.96675
-2.083712e-007 9.94983
-2.081712e-007 9.98816
-2.079712e-007 10.0054
-2.077712e-007 9.95329
-2.075712e-007 9.88665
-2.073712e-007 9.8939
-2.071712e-007 9.9412
-2.069712e-007 9.9526
-2.067712e-007 9.97228
-2.065712e-007 10.031
-2.063712e-007 10.0662
-2.061712e-007 10.0576
-2.059712e-007 10.0327
-2.057712e-007 9.99576
-2.055712e-007 9.94811
-2.053712e-007 9.93361
-2.051712e-007 9.98816
-2.049712e-007 10.022
-2.047712e-007 9.95847
-2.045712e-007 9.91531
-2.043712e-007 10.0006
-2.041712e-007 10.1532
-2.039712e-007 10.2385
-2.037712e-007 10.2153
-2.035712e-007 10.1484
-2.033712e-007 10.0928
-2.031712e-007 10.1083
-2.029712e-007 10.197
-2.027712e-007 10.2095
-2.025712e-007 10.051
-2.023712e-007 9.84177
-2.021712e-007 9.78411
-2.019712e-007 9.91186
-2.017712e-007 9.99196
-2.015712e-007 9.92774
-2.013712e-007 9.92394
-2.011712e-007 9.9923
-2.009712e-007 9.99334
-2.007712e-007 10.0013
-2.005712e-007 10.0496
-2.003712e-007 10.0741
-2.001712e-007 10.0983
-1.999712e-007 10.11
-1.997712e-007 10.1276
-1.995712e-007 10.1743
-1.993712e-007 10.1732
-1.991712e-007 10.1456
-1.989712e-007 10.1487
-1.987712e-007 10.1273
-1.985712e-007 10.0848
-1.983712e-007 10.1
-1.981712e-007 10.1311
-1.979712e-007 10.1567
-1.977712e-007 10.2202
-1.975712e-007 10.2226
-1.973712e-007 10.1249
-1.971712e-007 10.0596
-1.969712e-007 10.0617
-1.967712e-007 10.0614
-1.965712e-007 10.0586
-1.963712e-007 10.0686
-1.961712e-007 10.0731
-1.959712e-007 10.0817
-1.957712e-007 10.0617
-1.955712e-007 10.0082
-1.953712e-007 10.0189
-1.951712e-007 10.0745
-1.949712e-007 10.0879
-1.947712e-007 10.0724
-1.945712e-007 10.0313
-1.943712e-007 9.96882
-1.941712e-007 9.93982
-1.939712e-007 9.97297
-1.937712e-007 10.0586
-1.935712e-007 10.0859
-1.933712e-007 9.94535
-1.931712e-007 9.82416
-1.929712e-007 9.95432
-1.927712e-007 10.1698
-1.925712e-007 10.1822
-1.923712e-007 10.0248
-1.921712e-007 9.89632
-1.919712e-007 9.84453
-1.917712e-007 9.84625
-1.915712e-007 9.88354
-1.913712e-007 9.916
-1.911712e-007 9.96813
-1.909712e-007 10.0192
-1.907712e-007 10.0078
-1.905712e-007 9.99817
-1.903712e-007 10.0441
-1.901712e-007 10.1176
-1.899712e-007 10.1915
-1.897712e-007 10.2133
-1.895712e-007 10.1201
-1.893712e-007 9.96226
-1.891712e-007 9.87698
-1.889712e-007 9.90219
-1.887712e-007 9.95847
-1.885712e-007 9.99886
-1.883712e-007 10.0693
-1.881712e-007 10.168
-1.879712e-007 10.1995
-1.877712e-007 10.1332
-1.875712e-007 10.0582
-1.873712e-007 10.0686
-1.871712e-007 10.1083
-1.869712e-007 10.0721
-1.867712e-007 10.0127
-1.865712e-007 10.0286
-1.863712e-007 10.0655
-1.861712e-007 10.0268
-1.859712e-007 9.96779
-1.857712e-007 9.98436
-1.855712e-007 10.0541
-1.853712e-007 10.1249
-1.851712e-007 10.168
-1.849712e-007 10.1049
-1.847712e-007 9.94949
-1.845712e-007 9.89839
-1.843712e-007 10.0009
-1.841712e-007 10.0828
-1.839712e-007 10.1045
-1.837712e-007 10.1511
-1.835712e-007 10.1836
-1.833712e-007 10.1349
-1.831712e-007 10.0313
-1.829712e-007 9.95985
-1.827712e-007 9.97159
-1.825712e-007 10.031
-1.823712e-007 10.1104
-1.821712e-007 10.1712
-1.819712e-007 10.1539
-1.817712e-007 10.0959
-1.815712e-007 10.062
-1.813712e-007 10.071
-1.811712e-007 10.1501
-1.809712e-007 10.2167
-1.807712e-007 10.1239
-1.805712e-007 9.98298
-1.803712e-007 9.97021
-1.801712e-007 10.0358
-1.799712e-007 10.1135
-1.797712e-007 10.1594
-1.795712e-007 10.1273
-1.793712e-007 10.0911
-1.791712e-007 10.1135
-1.789712e-007 10.1225
-1.787712e-007 10.0728
-1.785712e-007 10.0527
-1.783712e-007 10.108
-1.781712e-007 10.1546
-1.779712e-007 10.128
-1.777712e-007 10.0382
-1.775712e-007 9.96399
-1.773712e-007 9.95916
-1.771712e-007 9.95985
-1.769712e-007 9.916
-1.767712e-007 9.87836
-1.765712e-007 9.92532
-1.763712e-007 10.0299
-1.761712e-007 10.0589
-1.759712e-007 9.98851
-1.757712e-007 9.92428
-1.755712e-007 9.90702
-1.753712e-007 9.94397
-1.751712e-007 10.0154
-1.749712e-007 10.0261
-1.747712e-007 9.95053
-1.745712e-007 9.88976
-1.743712e-007 9.95156
-1.741712e-007 10.0907
-1.739712e-007 10.1687
-1.737712e-007 10.1359
-1.735712e-007 10.0462
-1.733712e-007 9.97504
-1.731712e-007 9.97124
-1.729712e-007 10.0258
-1.727712e-007 10.0437
-1.725712e-007 9.97538
-1.723712e-007 9.89252
-1.721712e-007 9.87836
-1.719712e-007 9.9671
-1.717712e-007 10.0873
-1.715712e-007 10.1397
-1.713712e-007 10.1387
-1.711712e-007 10.1339
-1.709712e-007 10.1342
-1.707712e-007 10.147
-1.705712e-007 10.1622
-1.703712e-007 10.119
-1.701712e-007 10.0227
-1.699712e-007 9.97297
-1.697712e-007 10.0113
-1.695712e-007 10.0831
-1.693712e-007 10.0817
-1.691712e-007 9.99058
-1.689712e-007 9.95122
-1.687712e-007 10.0362
-1.685712e-007 10.1642
-1.683712e-007 10.2305
-1.681712e-007 10.177
-1.679712e-007 10.051
-1.677712e-007 9.97469
-1.675712e-007 9.99265
-1.673712e-007 10.0662
-1.671712e-007 10.148
-1.669712e-007 10.1718
-1.667712e-007 10.1201
-1.665712e-007 10.0959
-1.663712e-007 10.1401
-1.661712e-007 10.1515
-1.659712e-007 10.1059
-1.657712e-007 10.0545
-1.655712e-007 10.0103
-1.653712e-007 10.0123
-1.651712e-007 10.06
-1.649712e-007 10.0527
-1.647712e-007 9.97815
-1.645712e-007 9.93499
-1.643712e-007 9.96848
-1.641712e-007 10.0265
-1.639712e-007 10.0217
-1.637712e-007 10.0002
-1.635712e-007 10.0182
-1.633712e-007 9.98851
-1.631712e-007 9.95985
-1.629712e-007 10.0489
-1.627712e-007 10.0997
-1.625712e-007 9.96434
-1.623712e-007 9.83624
-1.621712e-007 9.89735
-1.619712e-007 10.0265
-1.617712e-007 10.0772
-1.615712e-007 10.0389
-1.613712e-007 10.0002
-1.611712e-007 10.0679
-1.609712e-007 10.1698
-1.607712e-007 10.1898
-1.605712e-007 10.1401
-1.603712e-007 10.0096
-1.601712e-007 9.85247
-1.599712e-007 9.82243
-1.597712e-007 9.86524
-1.595712e-007 9.85316
-1.593712e-007 9.86524
-1.591712e-007 9.94051
-1.589712e-007 9.98367
-1.587712e-007 9.96054
-1.585712e-007 9.92843
-1.583712e-007 9.95985
-1.581712e-007 10.0251
-1.579712e-007 10.0355
-1.577712e-007 10.0268
-1.575712e-007 10.0551
-1.573712e-007 10.0355
-1.571712e-007 9.94189
-1.569712e-007 9.91738
-1.567712e-007 10.0189
-1.565712e-007 10.1252
-1.563712e-007 10.168
-1.561712e-007 10.158
-1.559712e-007 10.0879
-1.557712e-007 10.0141
-1.555712e-007 9.99196
-1.553712e-007 9.94362
-1.551712e-007 9.86732
-1.549712e-007 9.89045
-1.547712e-007 10.0013
-1.545712e-007 10.0503
-1.543712e-007 9.95122
-1.541712e-007 9.81552
-1.539712e-007 9.84971
-1.537712e-007 10.0061
-1.535712e-007 10.0545
-1.533712e-007 9.98229
-1.531712e-007 9.93395
-1.529712e-007 9.96675
-1.527712e-007 10.0372
-1.525712e-007 10.0807
-1.523712e-007 10.1145
-1.521712e-007 10.1456
-1.519712e-007 10.0797
-1.517712e-007 9.9595
-1.515712e-007 9.98678
-1.513712e-007 10.1359
-1.511712e-007 10.1739
-1.509712e-007 10.0679
-1.507712e-007 9.98954
-1.505712e-007 10.0458
-1.503712e-007 10.156
-1.501712e-007 10.1601
-1.499712e-007 10.0904
-1.497712e-007 10.0793
-1.495712e-007 10.0793
-1.493712e-007 10.0375
-1.491712e-007 10.0116
-1.489712e-007 9.97435
-1.487712e-007 9.91496
-1.485712e-007 9.94017
-1.483712e-007 10.0344
-1.481712e-007 10.0997
-1.479712e-007 10.1432
-1.477712e-007 10.1919
-1.475712e-007 10.2278
-1.473712e-007 10.224
-1.471712e-007 10.1781
-1.469712e-007 10.1214
-1.467712e-007 10.0748
-1.465712e-007 10.0341
-1.463712e-007 10.0137
-1.461712e-007 10.0417
-1.459712e-007 10.09
-1.457712e-007 10.1069
-1.455712e-007 10.0524
-1.453712e-007 9.90909
-1.451712e-007 9.80344
-1.449712e-007 9.87215
-1.447712e-007 9.98436
-1.445712e-007 9.97262
-1.443712e-007 9.95191
-1.441712e-007 9.9961
-1.439712e-007 9.94224
-1.437712e-007 9.84142
-1.435712e-007 9.89321
-1.433712e-007 10.0113
-1.431712e-007 10.0413
-1.429712e-007 10.0317
-1.427712e-007 10.0434
-1.425712e-007 9.98609
-1.423712e-007 9.86386
-1.421712e-007 9.8535
-1.419712e-007 9.96917
-1.417712e-007 10.0417
-1.415712e-007 10.0244
-1.413712e-007 9.97366
-1.411712e-007 9.94293
-1.409712e-007 9.98298
-1.407712e-007 10.0175
-1.405712e-007 9.95916
-1.403712e-007 9.92774
-1.401712e-007 10.0158
-1.399712e-007 10.11
-1.397712e-007 10.0986
-1.395712e-007 10.0085
-1.393712e-007 9.98471
-1.391712e-007 10.118
-1.389712e-007 10.2571
-1.387712e-007 10.2233
-1.385712e-007 10.0993
-1.383712e-007 10.041
-1.381712e-007 10.0103
-1.379712e-007 9.92981
-1.377712e-007 9.84591
-1.375712e-007 9.79067
-1.373712e-007 9.78859
-1.371712e-007 9.90357
-1.369712e-007 10.062
-1.367712e-007 10.1732
-1.365712e-007 10.2447
-1.363712e-007 10.2447
-1.361712e-007 10.2005
-1.359712e-007 10.1984
-1.357712e-007 10.1701
-1.355712e-007 10.04
-1.353712e-007 9.97228
-1.351712e-007 10.061
-1.349712e-007 10.1449
-1.347712e-007 10.1176
-1.345712e-007 10.0147
-1.343712e-007 9.99196
-1.341712e-007 10.1625
-1.339712e-007 10.3245
-1.337712e-007 10.2305
-1.335712e-007 10.0244
-1.333712e-007 9.9816
-1.331712e-007 10.0717
-1.329712e-007 10.1121
-1.327712e-007 10.0807
-1.325712e-007 10.069
-1.323712e-007 10.0886
-1.321712e-007 10.0986
-1.319712e-007 10.1056
-1.317712e-007 10.1266
-1.315712e-007 10.1318
-1.313712e-007 10.1152
-1.311712e-007 10.0862
-1.309712e-007 9.98436
-1.307712e-007 9.87215
-1.305712e-007 9.91289
-1.303712e-007 9.97573
-1.301712e-007 9.84798
-1.299712e-007 9.73887
-1.297712e-007 9.86939
-1.295712e-007 10.0158
-1.293712e-007 9.99368
-1.291712e-007 9.92567
-1.289712e-007 9.90426
-1.287712e-007 9.93154
-1.285712e-007 9.96882
-1.283712e-007 9.9381
-1.281712e-007 9.87111
-1.279712e-007 9.83866
-1.277712e-007 9.86179
-1.275712e-007 9.96675
-1.273712e-007 10.0589
-1.271712e-007 9.99852
-1.269712e-007 9.92567
-1.267712e-007 10.0237
-1.265712e-007 10.1584
-1.263712e-007 10.1888
-1.261712e-007 10.1532
-1.259712e-007 10.1235
-1.257712e-007 10.138
-1.255712e-007 10.109
-1.253712e-007 9.98367
-1.251712e-007 9.88596
-1.249712e-007 9.88596
-1.247712e-007 9.93948
-1.245712e-007 10.0531
-1.243712e-007 10.1819
-1.241712e-007 10.1867
-1.239712e-007 10.1121
-1.237712e-007 10.0779
-1.235712e-007 10.0935
-1.233712e-007 10.1415
-1.231712e-007 10.1297
-1.229712e-007 10.0213
-1.227712e-007 9.92428
-1.225712e-007 9.90806
-1.223712e-007 9.9671
-1.221712e-007 10.0448
-1.219712e-007 10.0607
-1.217712e-007 10.0179
-1.215712e-007 9.98885
-1.213712e-007 10.0058
-1.211712e-007 10.0427
-1.209712e-007 10.07
-1.207712e-007 10.1104
-1.205712e-007 10.148
-1.203712e-007 10.1145
-1.201712e-007 10.0469
-1.199712e-007 10.0261
-1.197712e-007 10.0752
-1.195712e-007 10.185
-1.193712e-007 10.2478
-1.191712e-007 10.1656
-1.189712e-007 10.0524
-1.187712e-007 10.0451
-1.185712e-007 10.0924
-1.183712e-007 10.0748
-1.181712e-007 9.96434
-1.179712e-007 9.8901
-1.177712e-007 9.98091
-1.175712e-007 10.1228
-1.173712e-007 10.1584
-1.171712e-007 10.1218
-1.169712e-007 10.0244
-1.167712e-007 9.87422
-1.165712e-007 9.83486
-1.163712e-007 9.94914
-1.161712e-007 10.0748
-1.159712e-007 10.1187
-1.157712e-007 10.1135
-1.155712e-007 10.1218
-1.153712e-007 10.1387
-1.151712e-007 10.1415
-1.149712e-007 10.1363
-1.147712e-007 10.1014
-1.145712e-007 10.0151
-1.143712e-007 9.97573
-1.141712e-007 10.0144
-1.139712e-007 9.99576
-1.137712e-007 9.9305
-1.135712e-007 9.8939
-1.133712e-007 9.87215
-1.131712e-007 9.89735
-1.129712e-007 9.93464
-1.127712e-007 9.93775
-1.125712e-007 10.0023
-1.123712e-007 10.1011
-1.121712e-007 10.1118
-1.119712e-007 10.0814
-1.117712e-007 10.0593
-1.115712e-007 10.0413
-1.113712e-007 10.0748
-1.111712e-007 10.1142
-1.109712e-007 10.0714
-1.107712e-007 9.99955
-1.105712e-007 10.0027
-1.103712e-007 10.0831
-1.101712e-007 10.1401
-1.099712e-007 10.1415
-1.097712e-007 10.1674
-1.095712e-007 10.1777
-1.093712e-007 10.0627
-1.091712e-007 9.93292
-1.089712e-007 9.9412
-1.087712e-007 10.0203
-1.085712e-007 10.0624
-1.083712e-007 10.0593
-1.081712e-007 10.0779
-1.079712e-007 10.1308
-1.077712e-007 10.109
-1.075712e-007 10.0503
-1.073712e-007 10.1052
-1.071712e-007 10.1991
-1.069712e-007 10.1553
-1.067712e-007 10.0424
-1.065712e-007 10.0548
-1.063712e-007 10.1318
-1.061712e-007 10.0848
-1.059712e-007 9.95363
-1.057712e-007 9.90599
-1.055712e-007 9.97953
-1.053712e-007 10.0617
-1.051712e-007 10.0617
-1.049712e-007 10.0016
-1.047712e-007 9.93948
-1.045712e-007 9.91842
-1.043712e-007 9.97538
-1.041712e-007 10.0555
-1.039712e-007 10.0507
-1.037712e-007 10.0217
-1.035712e-007 10.0703
-1.033712e-007 10.1522
-1.031712e-007 10.1725
-1.029712e-007 10.0969
-1.027712e-007 10.0006
-1.025712e-007 9.98471
-1.023712e-007 10.0009
-1.021712e-007 9.92187
-1.019712e-007 9.84453
-1.017712e-007 9.9343
-1.015712e-007 10.0565
-1.013712e-007 10.0855
-1.011712e-007 10.1083
-1.009712e-007 10.1314
-1.007712e-007 10.0993
-1.005712e-007 10.0368
-1.003712e-007 9.97331
-1.001712e-007 9.90737
-9.997119e-008 9.87318
-9.977119e-008 9.89425
-9.957119e-008 9.94466
-9.937119e-008 10.0078
-9.917119e-008 10.0337
-9.897119e-008 10.0103
-9.877119e-008 10.0386
-9.857119e-008 10.1011
-9.837119e-008 10.079
-9.817119e-008 10.0168
-9.797119e-008 10.0161
-9.777119e-008 10.0379
-9.757119e-008 10.0109
-9.737119e-008 9.98298
-9.717119e-008 10.0382
-9.697119e-008 10.0886
-9.677119e-008 9.98678
-9.657119e-008 9.85868
-9.637119e-008 9.90771
-9.617119e-008 10.0334
-9.597119e-008 10.0548
-9.577119e-008 10.0071
-9.557119e-008 9.97573
-9.537119e-008 9.99403
-9.517119e-008 10.0866
-9.497119e-008 10.1656
-9.477119e-008 10.127
-9.457119e-008 10.033
-9.437119e-008 9.97366
-9.417119e-008 9.95363
-9.397119e-008 9.96503
-9.377119e-008 9.99645
-9.357119e-008 10.0241
-9.337119e-008 10.0444
-9.317119e-008 10.0317
-9.297119e-008 9.96606
-9.277119e-008 9.90529
-9.257119e-008 9.89666
-9.237119e-008 9.93568
-9.217119e-008 10.0047
-9.197119e-008 10.0251
-9.177119e-008 9.97538
-9.157119e-008 9.98574
-9.137119e-008 10.0517
-9.117119e-008 10.0582
-9.097119e-008 10.0586
-9.077119e-008 10.1131
-9.057119e-008 10.1318
-9.037119e-008 10.0641
-9.017119e-008 9.98091
-8.997119e-008 9.96675
-8.977119e-008 10.0227
-8.957119e-008 10.0227
-8.937119e-008 9.92567
-8.917119e-008 9.8718
-8.897119e-008 9.88872
-8.877119e-008 9.91116
-8.857119e-008 9.96537
-8.837119e-008 10.0531
-8.817119e-008 10.1294
-8.797119e-008 10.1805
-8.777119e-008 10.1618
-8.757119e-008 10.0848
-8.737119e-008 10.0665
-8.717119e-008 10.1204
-8.697119e-008 10.1542
-8.677119e-008 10.1128
-8.657119e-008 9.98989
-8.637119e-008 9.88734
-8.617119e-008 9.92808
-8.597119e-008 10.0192
-8.577119e-008 9.98885
-8.557119e-008 9.89217
-8.537119e-008 9.89425
-8.517119e-008 9.98402
-8.497119e-008 10.022
-8.477119e-008 9.96986
-8.457119e-008 9.92981
-8.437119e-008 9.96882
-8.417119e-008 10.0282
-8.397119e-008 10.0876
-8.377119e-008 10.1422
-8.357119e-008 10.1087
-8.337119e-008 10.0462
-8.317119e-008 10.1259
-8.297119e-008 10.2734
-8.277119e-008 10.2606
-8.257119e-008 10.1066
-8.237119e-008 9.98678
-8.217119e-008 9.95709
-8.197119e-008 10.0185
-8.177119e-008 10.1014
-8.157119e-008 10.0848
-8.137119e-008 9.9854
-8.117119e-008 9.89425
-8.097119e-008 9.86593
-8.077119e-008 9.89701
-8.057119e-008 9.96952
-8.037119e-008 10.0589
-8.017119e-008 10.0641
-7.997119e-008 10.0141
-7.977119e-008 10.052
-7.957119e-008 10.1163
-7.937119e-008 10.0797
-7.917119e-008 9.98989
-7.897119e-008 9.93084
-7.877119e-008 9.94189
-7.857119e-008 10.041
-7.837119e-008 10.1235
-7.817119e-008 10.062
-7.797119e-008 9.9046
-7.777119e-008 9.81
-7.757119e-008 9.84349
-7.737119e-008 9.92843
-7.717119e-008 9.98574
-7.697119e-008 9.96503
-7.677119e-008 9.86317
-7.657119e-008 9.84833
-7.637119e-008 9.99955
-7.617119e-008 10.1304
-7.597119e-008 10.1201
-7.577119e-008 10.0627
-7.557119e-008 10.0728
-7.537119e-008 10.1076
-7.517119e-008 10.0596
-7.497119e-008 9.98712
-7.477119e-008 10.0241
-7.457119e-008 10.0945
-7.437119e-008 10.0486
-7.417119e-008 9.96468
-7.397119e-008 9.95467
-7.377119e-008 9.98022
-7.357119e-008 10.0227
-7.337119e-008 10.0714
-7.317119e-008 10.0734
-7.297119e-008 10.0362
-7.277119e-008 10.0023
-7.257119e-008 10.004
-7.237119e-008 10.0161
-7.217119e-008 9.98574
-7.197119e-008 9.9709
-7.177119e-008 10.021
-7.157119e-008 10.0752
-7.137119e-008 10.108
-7.117119e-008 10.1228
-7.097119e-008 10.118
-7.077119e-008 10.1225
-7.057119e-008 10.1266
-7.037119e-008 10.0935
-7.017119e-008 10.0479
-6.997119e-008 10.0662
-6.977119e-008 10.1753
-6.957119e-008 10.2485
-6.937119e-008 10.1584
-6.917119e-008 9.98402
-6.897119e-008 9.88251
-6.877119e-008 9.89735
-6.857119e-008 9.96641
-6.837119e-008 10.0362
-6.817119e-008 10.0904
-6.797119e-008 10.1073
-6.777119e-008 10.0959
-6.757119e-008 10.0876
-6.737119e-008 10.0348
-6.717119e-008 9.92118
-6.697119e-008 9.94431
-6.677119e-008 10.1339
-6.657119e-008 10.1656
-6.637119e-008 9.96641
-6.617119e-008 9.83728
-6.597119e-008 9.94293
-6.577119e-008 10.1073
-6.557119e-008 10.1104
-6.537119e-008 10.0441
-6.517119e-008 10.0579
-6.497119e-008 10.0434
-6.477119e-008 9.95501
-6.457119e-008 9.93015
-6.437119e-008 9.95329
-6.417119e-008 9.92394
-6.397119e-008 9.91531
-6.377119e-008 9.94569
-6.357119e-008 9.89287
-6.337119e-008 9.80896
-6.317119e-008 9.84384
-6.297119e-008 9.96088
-6.277119e-008 10.0299
-6.257119e-008 10.0227
-6.237119e-008 9.99921
-6.217119e-008 9.99576
-6.197119e-008 10.003
-6.177119e-008 10.0386
-6.157119e-008 10.1245
-6.137119e-008 10.1743
-6.117119e-008 10.1066
-6.097119e-008 9.96986
-6.077119e-008 9.86145
-6.057119e-008 9.8718
-6.037119e-008 9.99748
-6.017119e-008 10.1104
-5.997119e-008 10.1035
-5.977119e-008 9.99886
-5.957119e-008 9.91427
-5.937119e-008 9.94466
-5.917119e-008 10.0482
-5.897119e-008 10.081
-5.877119e-008 10.0009
-5.857119e-008 9.94293
-5.837119e-008 9.93119
-5.817119e-008 9.85868
-5.797119e-008 9.79239
-5.777119e-008 9.85005
-5.757119e-008 9.95743
-5.737119e-008 9.98194
-5.717119e-008 9.94258
-5.697119e-008 9.9557
-5.677119e-008 10.0192
-5.657119e-008 10.0351
-5.637119e-008 10.0396
-5.617119e-008 10.1028
-5.597119e-008 10.1346
-5.577119e-008 10.079
-5.557119e-008 10.0286
-5.537119e-008 10.0431
-5.517119e-008 10.1194
-5.497119e-008 10.1608
-5.477119e-008 10.0168
-5.457119e-008 9.83451
-5.437119e-008 9.89045
-5.417119e-008 10.0917
-5.397119e-008 10.1787
-5.377119e-008 10.0935
-5.357119e-008 9.97331
-5.337119e-008 9.95467
-5.317119e-008 9.97849
-5.297119e-008 9.92428
-5.277119e-008 9.85247
-5.257119e-008 9.90288
-5.237119e-008 10.021
-5.217119e-008 10.0741
-5.197119e-008 10.0945
-5.177119e-008 10.1076
-5.157119e-008 10.0848
-5.137119e-008 10.0835
-5.117119e-008 10.1028
-5.097119e-008 10.0765
-5.077119e-008 10.0603
-5.057119e-008 10.0869
-5.037119e-008 10.0465
-5.017119e-008 9.94604
-4.997119e-008 9.89425
-4.977119e-008 9.86801
-4.957119e-008 9.85281
-4.937119e-008 9.88803
-4.917119e-008 9.9267
-4.897119e-008 9.9488
-4.877119e-008 9.97608
-4.857119e-008 9.94604
-4.837119e-008 9.8718
-4.817119e-008 9.89079
-4.797119e-008 9.99955
-4.777119e-008 10.0717
-4.757119e-008 10.0683
-4.737119e-008 10.0662
-4.717119e-008 10.1235
-4.697119e-008 10.166
-4.677119e-008 10.1266
-4.657119e-008 10.0886
-4.637119e-008 10.1239
-4.617119e-008 10.1705
-4.597119e-008 10.1618
-4.577119e-008 10.1211
-4.557119e-008 10.0679
-4.537119e-008 10.0206
-4.517119e-008 9.98954
-4.497119e-008 9.95087
-4.477119e-008 9.94707
-4.457119e-008 9.99161
-4.437119e-008 10.04
-4.417119e-008 10.062
-4.397119e-008 10.0099
-4.377119e-008 9.9526
-4.357119e-008 10.0289
-4.337119e-008 10.1508
-4.317119e-008 10.1415
-4.297119e-008 10.0962
-4.277119e-008 10.1753
-4.257119e-008 10.2295
-4.237119e-008 10.109
-4.217119e-008 9.98471
-4.197119e-008 9.97642
-4.177119e-008 9.98264
-4.157119e-008 9.98367
-4.137119e-008 10.0358
-4.117119e-008 10.0759
-4.097119e-008 10.0158
-4.077119e-008 9.92774
-4.057119e-008 9.94224
-4.037119e-008 10.0538
-4.017119e-008 10.1169
-3.997119e-008 10.0551
-3.977119e-008 9.9923
-3.957119e-008 10.0389
-3.937119e-008 10.1415
-3.917119e-008 10.1577
-3.897119e-008 10.0731
-3.877119e-008 10.0738
-3.857119e-008 10.1708
-3.837119e-008 10.1794
-3.817119e-008 10.0817
-3.797119e-008 9.99334
-3.777119e-008 10.0096
-3.757119e-008 10.0879
-3.737119e-008 10.0738
-3.717119e-008 9.97504
-3.697119e-008 9.92705
-3.677119e-008 9.93499
-3.657119e-008 9.93015
-3.637119e-008 9.92428
-3.617119e-008 9.94604
-3.597119e-008 9.98816
-3.577119e-008 10.06
-3.557119e-008 10.1466
-3.537119e-008 10.206
-3.517119e-008 10.1867
-3.497119e-008 10.041
-3.477119e-008 9.8687
-3.457119e-008 9.84004
-3.437119e-008 9.93188
-3.417119e-008 10.0013
-3.397119e-008 10.0344
-3.377119e-008 10.0451
-3.357119e-008 10.0065
-3.337119e-008 10.012
-3.317119e-008 10.1045
-3.297119e-008 10.1553
-3.277119e-008 10.0955
-3.257119e-008 9.99403
-3.237119e-008 9.94949
-3.217119e-008 9.98022
-3.197119e-008 10.0037
-3.177119e-008 9.97746
-3.157119e-008 9.94983
-3.137119e-008 9.97262
-3.117119e-008 10.0551
-3.097119e-008 10.129
-3.077119e-008 10.1031
-3.057119e-008 10.0265
-3.037119e-008 10.0006
-3.017119e-008 10.0082
-2.997119e-008 10.0175
-2.977119e-008 10.0393
-2.957119e-008 10.0434
-2.937119e-008 10.0265
-2.917119e-008 10.0524
-2.897119e-008 10.0786
-2.877119e-008 10.023
-2.857119e-008 9.98436
-2.837119e-008 9.98091
-2.817119e-008 9.93775
-2.797119e-008 9.94466
-2.777119e-008 10.0061
-2.757119e-008 9.99092
-2.737119e-008 9.94155
-2.717119e-008 9.97573
-2.697119e-008 10.0486
-2.677119e-008 10.0817
-2.657119e-008 10.0676
-2.637119e-008 10.0203
-2.617119e-008 9.99921
-2.597119e-008 10.0089
-2.577119e-008 9.9854
-2.557119e-008 9.96226
-2.537119e-008 9.98505
-2.517119e-008 10.0113
-2.497119e-008 10.0334
-2.477119e-008 10.0648
-2.457119e-008 10.0576
-2.437119e-008 10.0444
-2.417119e-008 10.0762
-2.397119e-008 10.0917
-2.377119e-008 10.1069
-2.357119e-008 10.1401
-2.337119e-008 10.1031
-2.317119e-008 10.013
-2.297119e-008 9.97469
-2.277119e-008 9.99299
-2.257119e-008 10.0213
-2.237119e-008 10.0341
-2.217119e-008 10.04
-2.197119e-008 10.0707
-2.177119e-008 10.069
-2.157119e-008 9.99161
-2.137119e-008 9.945
-2.117119e-008 9.95674
-2.097119e-008 9.92083
-2.077119e-008 9.84833
-2.057119e-008 9.83659
-2.037119e-008 9.85799
-2.017119e-008 9.85627
-1.997119e-008 9.89114
-1.977119e-008 10.0244
-1.957119e-008 10.1777
-1.937119e-008 10.1939
-1.917119e-008 10.1156
-1.897119e-008 10.1308
-1.877119e-008 10.1653
-1.857119e-008 10.071
-1.837119e-008 9.97159
-1.817119e-008 9.98402
-1.797119e-008 10.0759
-1.777119e-008 10.1653
-1.757119e-008 10.1415
-1.737119e-008 10.0161
-1.717119e-008 9.91911
-1.697119e-008 9.85419
-1.677119e-008 9.80862
-1.657119e-008 9.88976
-1.637119e-008 10.0196
-1.617119e-008 10.0334
-1.597119e-008 10.004
-1.577119e-008 9.98229
-1.557119e-008 9.88769
-1.537119e-008 9.81829
-1.517119e-008 9.92636
-1.497119e-008 10.0952
-1.477119e-008 10.1225
-1.457119e-008 10.0306
-1.437119e-008 9.99403
-1.417119e-008 10.0596
-1.397119e-008 10.0924
-1.377119e-008 10.0351
-1.357119e-008 9.98367
-1.337119e-008 9.99852
-1.317119e-008 10.0755
-1.297119e-008 10.1601
-1.277119e-008 10.1294
-1.257119e-008 10.003
-1.237119e-008 9.97331
-1.217119e-008 10.0517
-1.197119e-008 10.1073
-1.177119e-008 10.1408
-1.157119e-008 10.1563
-1.137119e-008 10.1076
-1.117119e-008 10.0317
-1.097119e-008 10.002
-1.077119e-008 10.0503
-1.057119e-008 10.1301
-1.037119e-008 10.1501
-1.017119e-008 10.1073
-9.971192e-009 10.0444
-9.771192e-009 9.92981
-9.571192e-009 9.81345
-9.371192e-009 9.83521
-9.171192e-009 9.93568
-8.971192e-009 9.95881
-8.771192e-009 9.90909
-8.571192e-009 9.8977
-8.371192e-009 9.9999
-8.171192e-009 10.1138
-7.971192e-009 10.1159
-7.771192e-009 10.1
-7.571192e-009 10.1301
-7.371192e-009 10.081
-7.171192e-009 9.96537
-6.971192e-009 9.98781
-6.771192e-009 10.1125
-6.571192e-009 10.1218
-6.371192e-009 10.0693
-6.171192e-009 10.0627
-5.971192e-009 10.0362
-5.771192e-009 10.0061
-5.571192e-009 10.0161
-5.371192e-009 10.0185
-5.171192e-009 9.99334
-4.971192e-009 9.97297
-4.771192e-009 10.0078
-4.571192e-009 10.0703
-4.371192e-009 10.0783
-4.171192e-009 10.0596
-3.971192e-009 10.052
-3.771192e-009 10.0348
-3.571192e-009 10.0638
-3.371192e-009 10.1453
-3.171192e-009 10.1622
-2.971192e-009 10.0959
-2.771192e-009 10.0037
-2.571192e-009 9.90944
-2.371192e-009 9.88665
-2.171192e-009 9.95363
-1.971192e-009 9.91669
-1.771192e-009 9.62804
-1.571192e-009 9.14018
-1.371192e-009 8.42167
-1.171192e-009 7.37136
-9.711924e-010 6.06623
-7.711924e-010 4.72106
-5.711924e-010 3.58616
-3.711924e-010 2.76994
-1.711924e-010 2.18263
2.880758e-011 1.78281
2.288076e-010 1.61466
4.288076e-010 1.58532
6.288076e-010 1.52558
8.288076e-010 1.43374
1.028808e-009 1.39024
1.228808e-009 1.37401
1.428808e-009 1.35951
1.628808e-009 1.34812
1.828808e-009 1.3053
2.028808e-009 1.26145
2.228808e-009 1.2725
2.428808e-009 1.2801
2.628808e-009 1.24453
2.828808e-009 1.22969
3.028808e-009 1.23797
3.228808e-009 1.24488
3.428808e-009 1.2984
3.628808e-009 1.34743
3.828808e-009 1.2687
4.028808e-009 1.1489
4.228808e-009 1.1596
4.428808e-009 1.24799
4.628808e-009 1.29287
4.828808e-009 1.29805
5.028808e-009 1.29736
5.228808e-009 1.30737
5.428808e-009 1.30047
5.628808e-009 1.24005
5.828808e-009 1.2
6.028808e-009 1.23003
6.228808e-009 1.28562
6.428808e-009 1.32533
6.628808e-009 1.30876
6.828808e-009 1.27941
7.028808e-009 1.30945
7.228808e-009 1.32982
7.428808e-009 1.30323
7.628808e-009 1.34225
7.828808e-009 1.47483
8.028808e-009 1.56046
8.228808e-009 1.4883
8.428808e-009 1.3709
8.628808e-009 1.38126
8.828808e-009 1.44721
9.028808e-009 1.3968
9.228808e-009 1.2687
9.428808e-009 1.24453
9.628808e-009 1.32533
9.828808e-009 1.32498
1.002881e-008 1.21829
1.022881e-008 1.12956
1.042881e-008 1.1489
1.062881e-008 1.26076
1.082881e-008 1.30047
1.102881e-008 1.19758
1.122881e-008 1.07501
1.142881e-008 1.03841
1.162881e-008 1.13267
1.182881e-008 1.27285
1.202881e-008 1.27492
1.222881e-008 1.15097
1.242881e-008 1.10125
1.262881e-008 1.21657
1.282881e-008 1.39058
1.302881e-008 1.42891
1.322881e-008 1.28424
1.342881e-008 1.11678
1.362881e-008 1.03634
1.382881e-008 1.03254
1.402881e-008 1.07673
1.422881e-008 1.13439
1.442881e-008 1.15994
1.462881e-008 1.14924
1.482881e-008 1.15994
1.502881e-008 1.20103
1.522881e-008 1.21104
1.542881e-008 1.1451
1.562881e-008 1.04393
1.582881e-008 1.01113
1.602881e-008 1.04566
1.622881e-008 1.07742
1.642881e-008 1.11817
1.662881e-008 1.14372
1.682881e-008 1.11678
1.702881e-008 1.08847
1.722881e-008 1.06776
1.742881e-008 1.05912
1.762881e-008 1.09538
1.782881e-008 1.12127
1.802881e-008 1.08398
1.822881e-008 1.04117
1.842881e-008 1.05153
1.862881e-008 1.10228
1.882881e-008 1.15822
1.902881e-008 1.1268
1.922881e-008 0.977296
1.942881e-008 0.895121
1.962881e-008 0.996631
1.982881e-008 1.13336
2.002881e-008 1.15166
2.022881e-008 1.08951
2.042881e-008 1.08778
2.062881e-008 1.16478
2.082881e-008 1.18998
2.102881e-008 1.15994
2.122881e-008 1.19723
2.142881e-008 1.25455
2.162881e-008 1.19447
2.182881e-008 1.07742
2.202881e-008 1.0391
2.222881e-008 1.07742
2.242881e-008 1.11195
2.262881e-008 1.08675
2.282881e-008 1.02322
2.302881e-008 0.956925
2.322881e-008 0.923779
2.342881e-008 1.02149
2.362881e-008 1.1962
2.382881e-008 1.20897
2.402881e-008 1.09814
2.422881e-008 1.1154
2.442881e-008 1.22762
2.462881e-008 1.24557
2.482881e-008 1.16788
2.502881e-008 1.12714
2.522881e-008 1.15304
2.542881e-008 1.1306
2.562881e-008 1.06845
2.582881e-008 1.07777
2.602881e-008 1.12473
2.622881e-008 1.12473
2.642881e-008 1.0971
2.662881e-008 1.12162
2.682881e-008 1.18377
2.702881e-008 1.16271
2.722881e-008 1.0246
2.742881e-008 0.888216
2.762881e-008 0.902027
2.782881e-008 1.0498
2.802881e-008 1.14648
2.822881e-008 1.12611
2.842881e-008 1.08882
2.862881e-008 1.03185
2.882881e-008 0.937935
2.902881e-008 0.924815
2.922881e-008 1.00733
2.942881e-008 1.03772
2.962881e-008 0.973843
2.982881e-008 0.965211
3.002881e-008 1.05187
3.022881e-008 1.0612
3.042881e-008 0.989035
3.062881e-008 1.00699
3.082881e-008 1.09434
3.102881e-008 1.094
3.122881e-008 1.01873
3.142881e-008 1.00664
3.162881e-008 1.04083
3.182881e-008 1.03288
3.202881e-008 1.0063
3.222881e-008 0.968319
3.242881e-008 0.943114
3.262881e-008 1.00146
3.282881e-008 1.07363
3.302881e-008 1.04359
3.322881e-008 0.965211
3.342881e-008 0.984201
3.362881e-008 1.07259
3.382881e-008 1.08295
3.402881e-008 1.04393
3.422881e-008 1.04048
3.442881e-008 1.06465
3.462881e-008 1.08398
3.482881e-008 1.01631
3.502881e-008 0.877513
3.522881e-008 0.833318
3.542881e-008 0.93172
3.562881e-008 1.05395
3.582881e-008 1.10228
3.602881e-008 1.11022
3.622881e-008 1.13198
3.642881e-008 1.12749
3.662881e-008 1.11817
3.682881e-008 1.16098
3.702881e-008 1.17893
3.722881e-008 1.13647
3.742881e-008 1.07294
3.762881e-008 0.980058
3.782881e-008 0.92585
3.802881e-008 1.01562
3.822881e-008 1.13957
3.842881e-008 1.1154
3.862881e-008 1.0101
3.882881e-008 0.986273
3.902881e-008 1.00492
3.922881e-008 0.983856
3.942881e-008 1.01286
3.962881e-008 1.13992
3.982881e-008 1.23832
4.002881e-008 1.22658
4.022881e-008 1.14717
4.042881e-008 1.09469
4.062881e-008 1.1375
4.082881e-008 1.20207
4.102881e-008 1.2176
4.122881e-008 1.24453
4.142881e-008 1.27216
4.162881e-008 1.2397
4.182881e-008 1.19723
4.202881e-008 1.19551
4.222881e-008 1.19827
4.242881e-008 1.15511
4.262881e-008 1.10608
4.282881e-008 1.1489
4.302881e-008 1.22347
4.322881e-008 1.1779
4.342881e-008 1.05982
4.362881e-008 1.02701
4.382881e-008 1.06845
4.402881e-008 1.11264
4.422881e-008 1.15546
4.442881e-008 1.16616
4.462881e-008 1.14475
4.482881e-008 1.15684
4.502881e-008 1.19067
4.522881e-008 1.18653
4.542881e-008 1.15131
4.562881e-008 1.11989
4.582881e-008 1.11092
4.602881e-008 1.10712
4.622881e-008 1.09745
4.642881e-008 1.10574
4.662881e-008 1.12335
4.682881e-008 1.11471
4.702881e-008 1.07328
4.722881e-008 1.01873
4.742881e-008 0.982129
4.762881e-008 1.00975
4.782881e-008 1.09641
4.802881e-008 1.18066
4.822881e-008 1.24419
4.842881e-008 1.21657
4.862881e-008 1.08847
4.882881e-008 1.02356
4.902881e-008 1.02529
4.922881e-008 1.00181
4.942881e-008 1.05636
4.962881e-008 1.20379
4.982881e-008 1.25593
5.002881e-008 1.21104
5.022881e-008 1.18101
5.042881e-008 1.13439
5.062881e-008 1.09503
5.082881e-008 1.1192
5.102881e-008 1.12956
5.122881e-008 1.0795
5.142881e-008 1.01528
5.162881e-008 0.990071
5.182881e-008 1.02494
5.202881e-008 1.09883
5.222881e-008 1.20863
5.242881e-008 1.33016
5.262881e-008 1.33431
5.282881e-008 1.18584
5.302881e-008 1.06085
5.322881e-008 1.0826
5.342881e-008 1.17479
5.362881e-008 1.22727
5.382881e-008 1.21242
5.402881e-008 1.18031
5.422881e-008 1.17617
5.442881e-008 1.16443
5.462881e-008 1.13888
5.482881e-008 1.1451
5.502881e-008 1.13439
5.522881e-008 1.06223
5.542881e-008 1.03047
5.562881e-008 1.07811
5.582881e-008 1.10401
5.602881e-008 1.08329
5.622881e-008 1.06845
5.642881e-008 1.10436
5.662881e-008 1.20863
5.682881e-008 1.27492
5.702881e-008 1.21726
5.722881e-008 1.14372
5.742881e-008 1.0978
5.762881e-008 1.01976
5.782881e-008 0.974534
5.802881e-008 1.01838
5.822881e-008 1.08053
5.842881e-008 1.09538
5.862881e-008 1.0902
5.882881e-008 1.09572
5.902881e-008 1.08916
5.922881e-008 1.06292
5.942881e-008 1.03461
5.962881e-008 1.04497
5.982881e-008 1.11264
6.002881e-008 1.18584
6.022881e-008 1.21968
6.042881e-008 1.20656
6.062881e-008 1.18135
6.082881e-008 1.20034
6.102881e-008 1.22658
6.122881e-008 1.20621
6.142881e-008 1.20103
6.162881e-008 1.20759
6.182881e-008 1.18929
6.202881e-008 1.22382
6.222881e-008 1.24281
6.242881e-008 1.13785
6.262881e-008 1.04152
6.282881e-008 1.0467
6.302881e-008 1.10228
6.322881e-008 1.13819
6.342881e-008 1.0978
6.362881e-008 1.02909
6.382881e-008 0.977641
6.402881e-008 0.907206
6.422881e-008 0.877513
6.442881e-008 0.978677
6.462881e-008 1.12024
6.482881e-008 1.15304
6.502881e-008 1.09434
6.522881e-008 1.04462
6.542881e-008 1.05015
6.562881e-008 1.11195
6.582881e-008 1.16236
6.602881e-008 1.15753
6.622881e-008 1.12852
6.642881e-008 1.08916
6.662881e-008 1.07501
6.682881e-008 1.09434
6.702881e-008 1.08329
6.722881e-008 1.0498
6.742881e-008 1.07604
6.762881e-008 1.14026
6.782881e-008 1.14095
6.802881e-008 1.0643
6.822881e-008 0.973843
6.842881e-008 0.970736
6.862881e-008 1.08744
6.882881e-008 1.19136
6.902881e-008 1.20656
6.922881e-008 1.17755
6.942881e-008 1.12162
6.962881e-008 1.09158
6.982881e-008 1.12265
7.002881e-008 1.13163
7.022881e-008 1.11161
7.042881e-008 1.11333
7.062881e-008 1.07777
7.082881e-008 1.02045
7.102881e-008 1.0574
7.122881e-008 1.15546
7.142881e-008 1.2176
7.162881e-008 1.25904
7.182881e-008 1.27561
7.202881e-008 1.24626
7.222881e-008 1.23141
7.242881e-008 1.22658
7.262881e-008 1.19689
7.282881e-008 1.20966
7.302881e-008 1.25731
7.322881e-008 1.22485
7.342881e-008 1.13094
7.362881e-008 1.06845
7.382881e-008 1.03634
7.402881e-008 1.04497
7.422881e-008 1.10125
7.442881e-008 1.12749
7.462881e-008 1.06189
7.482881e-008 0.94415
7.502881e-008 0.906515
7.522881e-008 0.977986
7.542881e-008 1.02356
7.562881e-008 1.03357
7.582881e-008 1.08847
7.602881e-008 1.1375
7.622881e-008 1.16788
7.642881e-008 1.23832
7.662881e-008 1.27526
7.682881e-008 1.17583
7.702881e-008 1.04324
7.722881e-008 1.03461
7.742881e-008 1.09883
7.762881e-008 1.11989
7.782881e-008 1.11437
7.802881e-008 1.10677
7.822881e-008 1.07397
7.842881e-008 1.05464
7.862881e-008 1.11402
7.882881e-008 1.18411
7.902881e-008 1.15338
7.922881e-008 1.0864
7.942881e-008 1.08744
7.962881e-008 1.08951
7.982881e-008 1.01148
8.002881e-008 0.951055
8.022881e-008 0.980403
8.042881e-008 1.02115
8.062881e-008 1.04428
8.082881e-008 1.06016
8.102881e-008 1.03668
8.122881e-008 1.00181
8.142881e-008 1.0315
8.162881e-008 1.0864
8.182881e-008 1.0826
8.202881e-008 1.07294
8.222881e-008 1.10574
8.242881e-008 1.13129
8.262881e-008 1.10608
8.282881e-008 1.04531
8.302881e-008 1.02356
8.322881e-008 1.03737
8.342881e-008 1.03703
8.362881e-008 1.10781
8.382881e-008 1.24177
8.402881e-008 1.26214
8.422881e-008 1.16823
8.442881e-008 1.08882
8.462881e-008 1.08571
8.482881e-008 1.12127
8.502881e-008 1.11057
8.522881e-008 1.09365
8.542881e-008 1.12542
8.562881e-008 1.13163
8.582881e-008 1.11057
8.602881e-008 1.13474
8.622881e-008 1.15097
8.642881e-008 1.10332
8.662881e-008 1.06016
8.682881e-008 1.08467
8.702881e-008 1.16202
8.722881e-008 1.21104
8.742881e-008 1.20069
8.762881e-008 1.20345
8.782881e-008 1.25351
8.802881e-008 1.26939
8.822881e-008 1.20207
8.842881e-008 1.18584
8.862881e-008 1.28148
8.882881e-008 1.34017
8.902881e-008 1.32498
8.922881e-008 1.32326
8.942881e-008 1.31911
8.962881e-008 1.29598
8.982881e-008 1.30047
9.002881e-008 1.27734
9.022881e-008 1.20172
9.042881e-008 1.14061
9.062881e-008 1.08088
9.082881e-008 1.03634
9.102881e-008 1.05187
9.122881e-008 1.09331
9.142881e-008 1.13301
9.162881e-008 1.15407
9.182881e-008 1.12645
9.202881e-008 1.09952
9.222881e-008 1.14475
9.242881e-008 1.22382
9.262881e-008 1.27734
9.282881e-008 1.29011
9.302881e-008 1.28873
9.322881e-008 1.31773
9.342881e-008 1.31808
9.362881e-008 1.25282
9.382881e-008 1.22037
9.402881e-008 1.21104
9.422881e-008 1.1413
9.442881e-008 1.0757
9.462881e-008 1.11092
9.482881e-008 1.1886
9.502881e-008 1.20034
9.522881e-008 1.14441
9.542881e-008 1.05809
9.562881e-008 1.02701
9.582881e-008 1.08985
9.602881e-008 1.07639
9.622881e-008 0.971426
9.642881e-008 0.985582
9.662881e-008 1.1047
9.682881e-008 1.16996
9.702881e-008 1.17134
9.722881e-008 1.17375
9.742881e-008 1.20897
9.762881e-008 1.24212
9.782881e-008 1.21898
9.802881e-008 1.17824
9.822881e-008 1.16271
9.842881e-008 1.12783
9.862881e-008 1.08744
9.882881e-008 1.10746
9.902881e-008 1.17168
9.922881e-008 1.21795
9.942881e-008 1.20034
9.962881e-008 1.12473
9.982881e-008 1.08502
1.000288e-007 1.1306
1.002288e-007 1.16961
1.004288e-007 1.15407
1.006288e-007 1.15787
1.008288e-007 1.18791
1.010288e-007 1.19654
1.012288e-007 1.21035
1.014288e-007 1.23487
1.016288e-007 1.22762
1.018288e-007 1.22762
1.020288e-007 1.27457
1.022288e-007 1.29046
1.024288e-007 1.21346
1.026288e-007 1.13888
1.028288e-007 1.1634
1.030288e-007 1.20759
1.032288e-007 1.18964
1.034288e-007 1.13543
1.036288e-007 1.09193
1.038288e-007 1.10712
1.040288e-007 1.16996
1.042288e-007 1.2176
1.044288e-007 1.22244
1.046288e-007 1.23072
1.048288e-007 1.26594
1.050288e-007 1.26456
1.052288e-007 1.21864
1.054288e-007 1.17168
1.056288e-007 1.15028
1.058288e-007 1.19136
1.060288e-007 1.22278
1.062288e-007 1.17445
1.064288e-007 1.13647
1.066288e-007 1.14199
1.068288e-007 1.15649
1.070288e-007 1.19067
1.072288e-007 1.21933
1.074288e-007 1.20621
1.076288e-007 1.1596
1.078288e-007 1.13854
1.080288e-007 1.20207
1.082288e-007 1.29598
1.084288e-007 1.31532
1.086288e-007 1.25696
1.088288e-007 1.18929
1.090288e-007 1.16581
1.092288e-007 1.18066
1.094288e-007 1.1703
1.096288e-007 1.12783
1.098288e-007 1.09572
1.100288e-007 1.07777
1.102288e-007 1.08226
1.104288e-007 1.12162
1.106288e-007 1.14406
1.108288e-007 1.10505
1.110288e-007 1.07363
1.112288e-007 1.09952
1.114288e-007 1.14061
1.116288e-007 1.16616
1.118288e-007 1.19343
1.120288e-007 1.20586
1.122288e-007 1.13543
1.124288e-007 1.05291
1.126288e-007 1.07225
1.128288e-007 1.13957
1.130288e-007 1.17479
1.132288e-007 1.1634
1.134288e-007 1.1375
1.136288e-007 1.1558
1.138288e-007 1.21484
1.140288e-007 1.28217
1.142288e-007 1.33914
1.144288e-007 1.33603
1.146288e-007 1.22934
1.148288e-007 1.0971
1.150288e-007 1.0902
1.152288e-007 1.16547
1.154288e-007 1.20069
1.156288e-007 1.2504
1.158288e-007 1.33361
1.160288e-007 1.34535
1.162288e-007 1.25524
1.164288e-007 1.20069
1.166288e-007 1.28044
1.168288e-007 1.34708
1.170288e-007 1.29529
1.172288e-007 1.24488
1.174288e-007 1.28113
1.176288e-007 1.33223
1.178288e-007 1.31324
1.180288e-007 1.22382
1.182288e-007 1.10332
1.184288e-007 1.0284
1.186288e-007 1.05429
1.188288e-007 1.16305
1.190288e-007 1.27595
1.192288e-007 1.25455
1.194288e-007 1.15476
1.196288e-007 1.20828
1.198288e-007 1.32775
1.200288e-007 1.28113
1.202288e-007 1.17928
1.204288e-007 1.19758
1.206288e-007 1.25075
1.208288e-007 1.21519
1.210288e-007 1.12991
1.212288e-007 1.11471
1.214288e-007 1.16167
1.216288e-007 1.13681
1.218288e-007 1.07811
1.220288e-007 1.12265
1.222288e-007 1.20241
1.224288e-007 1.20103
1.226288e-007 1.15097
1.228288e-007 1.10401
1.230288e-007 1.06258
1.232288e-007 1.01976
1.234288e-007 0.986273
1.236288e-007 0.999738
1.238288e-007 1.04773
1.240288e-007 1.05843
1.242288e-007 1.06707
1.244288e-007 1.12196
1.246288e-007 1.14924
1.248288e-007 1.12783
1.250288e-007 1.1123
1.252288e-007 1.1375
1.254288e-007 1.17306
1.256288e-007 1.12093
1.258288e-007 1.01458
1.260288e-007 0.998012
1.262288e-007 1.06189
1.264288e-007 1.0978
1.266288e-007 1.10781
1.268288e-007 1.18791
1.270288e-007 1.33258
1.272288e-007 1.41959
1.274288e-007 1.37746
1.276288e-007 1.23763
1.278288e-007 1.09849
1.280288e-007 1.04531
1.282288e-007 1.08433
1.284288e-007 1.14544
1.286288e-007 1.13957
1.288288e-007 1.10574
1.290288e-007 1.14164
1.292288e-007 1.21001
1.294288e-007 1.23003
1.296288e-007 1.22451
1.298288e-007 1.24971
1.300288e-007 1.29425
1.302288e-007 1.33258
1.304288e-007 1.3526
1.306288e-007 1.29218
1.308288e-007 1.17824
1.310288e-007 1.12852
1.312288e-007 1.14026
1.314288e-007 1.11506
1.316288e-007 1.07881
1.318288e-007 1.19551
1.320288e-007 1.41199
1.322288e-007 1.42131
1.324288e-007 1.22934
1.326288e-007 1.1665
1.328288e-007 1.31324
1.330288e-007 1.46792
1.332288e-007 1.5097
1.334288e-007 1.46136
1.336288e-007 1.36883
1.338288e-007 1.3015
1.340288e-007 1.33223
1.342288e-007 1.40785
1.344288e-007 1.43167
1.346288e-007 1.40232
1.348288e-007 1.32049
1.350288e-007 1.23832
1.352288e-007 1.22796
1.354288e-007 1.24074
1.356288e-007 1.33361
1.358288e-007 1.53525
1.360288e-007 1.59326
1.362288e-007 1.4662
1.364288e-007 1.41855
1.366288e-007 1.50487
1.368288e-007 1.59153
1.370288e-007 1.61052
1.372288e-007 1.54457
1.374288e-007 1.43029
1.376288e-007 1.38299
1.378288e-007 1.40612
1.380288e-007 1.38402
1.382288e-007 1.36642
1.384288e-007 1.41268
1.386288e-007 1.44548
1.388288e-007 1.47172
1.390288e-007 1.49244
1.392288e-007 1.45826
1.394288e-007 1.37436
1.396288e-007 1.27112
1.398288e-007 1.29771
1.400288e-007 1.50556
1.402288e-007 1.62986
1.404288e-007 1.56495
1.406288e-007 1.53663
1.408288e-007 1.60914
1.410288e-007 1.65333
1.412288e-007 1.663
1.414288e-007 1.66335
1.416288e-007 1.59602
1.418288e-007 1.47483
1.420288e-007 1.40301
1.422288e-007 1.42028
1.424288e-007 1.48105
1.426288e-007 1.50452
1.428288e-007 1.48001
1.430288e-007 1.48691
1.432288e-007 1.4662
1.434288e-007 1.37954
1.436288e-007 1.38989
1.438288e-007 1.47897
1.440288e-007 1.51419
1.442288e-007 1.53767
1.444288e-007 1.53594
1.446288e-007 1.5059
1.448288e-007 1.55148
1.450288e-007 1.58911
1.452288e-007 1.55183
1.454288e-007 1.54837
1.456288e-007 1.56218
1.458288e-007 1.56667
1.460288e-007 1.59602
1.462288e-007 1.55044
1.464288e-007 1.4479
1.466288e-007 1.4952
1.468288e-007 1.63504
1.470288e-007 1.61915
1.472288e-007 1.4769
1.474288e-007 1.39438
1.476288e-007 1.46067
1.478288e-007 1.62917
1.480288e-007 1.69339
1.482288e-007 1.59084
1.484288e-007 1.52628
1.486288e-007 1.57634
1.488288e-007 1.66818
1.490288e-007 1.75623
1.492288e-007 1.7545
1.494288e-007 1.67025
1.496288e-007 1.6119
1.498288e-007 1.61156
1.500288e-007 1.65195
1.502288e-007 1.66404
1.504288e-007 1.56633
1.506288e-007 1.47483
1.508288e-007 1.56633
1.510288e-007 1.72653
1.512288e-007 1.77832
1.514288e-007 1.76244
1.516288e-007 1.7324
1.518288e-007 1.71859
1.520288e-007 1.75692
1.522288e-007 1.79593
1.524288e-007 1.8277
1.526288e-007 1.85843
1.528288e-007 1.78247
1.530288e-007 1.68061
1.532288e-007 1.75036
1.534288e-007 1.84185
1.536288e-007 1.77936
1.538288e-007 1.74828
1.540288e-007 1.83978
1.542288e-007 1.85877
1.544288e-007 1.79835
1.546288e-007 1.81699
1.548288e-007 1.85704
1.550288e-007 1.84047
1.552288e-007 1.85325
1.554288e-007 1.87603
1.556288e-007 1.82424
1.558288e-007 1.78765
1.560288e-007 1.83805
1.562288e-007 1.8674
1.564288e-007 1.83598
1.566288e-007 1.87051
1.568288e-007 1.93853
1.570288e-007 1.86119
1.572288e-007 1.72342
1.574288e-007 1.72826
1.576288e-007 1.79938
1.578288e-007 1.80698
1.580288e-007 1.8163
1.582288e-007 1.83011
1.584288e-007 1.79904
1.586288e-007 1.80525
1.588288e-007 1.83011
1.590288e-007 1.79179
1.592288e-007 1.76969
1.594288e-007 1.78765
1.596288e-007 1.77901
1.598288e-007 1.7797
1.600288e-007 1.7728
1.602288e-007 1.72619
1.604288e-007 1.76727
1.606288e-007 1.87431
1.608288e-007 1.90607
1.610288e-007 1.90089
1.612288e-007 1.91298
1.614288e-007 1.90883
1.616288e-007 1.84841
1.618288e-007 1.76417
1.620288e-007 1.77867
1.622288e-007 1.89986
1.624288e-007 1.9772
1.626288e-007 1.93853
1.628288e-007 1.8788
1.630288e-007 1.8857
1.632288e-007 1.93059
1.634288e-007 1.97409
1.636288e-007 1.9841
1.638288e-007 1.97306
1.640288e-007 2.01069
1.642288e-007 2.039
1.644288e-007 2.01276
1.646288e-007 1.99481
1.648288e-007 1.9551
1.650288e-007 1.90366
1.652288e-007 1.95441
1.654288e-007 2.05454
1.656288e-007 2.05834
1.658288e-007 2.0138
1.660288e-007 2.00033
1.662288e-007 2.01207
1.664288e-007 2.06317
1.666288e-007 2.05419
1.668288e-007 1.93473
1.670288e-007 1.88743
1.672288e-007 1.96891
1.674288e-007 2.07595
1.676288e-007 2.20162
1.678288e-007 2.28483
1.680288e-007 2.20611
1.682288e-007 2.07595
1.684288e-007 2.10598
1.686288e-007 2.24858
1.688288e-007 2.28276
1.690288e-007 2.14535
1.692288e-007 2.00275
1.694288e-007 2.00482
1.696288e-007 2.09666
1.698288e-007 2.145
1.700288e-007 2.09528
1.702288e-007 2.00896
1.704288e-007 1.9772
1.706288e-007 2.0176
1.708288e-007 2.06248
1.710288e-007 2.02933
1.712288e-007 2.00275
1.714288e-007 2.09459
1.716288e-007 2.20024
1.718288e-007 2.22441
1.720288e-007 2.21889
1.722288e-007 2.21164
1.724288e-007 2.18988
1.726288e-007 2.18505
1.728288e-007 2.23442
1.730288e-007 2.31833
1.732288e-007 2.35078
1.734288e-007 2.30037
1.736288e-007 2.20818
1.738288e-007 2.0977
1.740288e-007 2.08043
1.742288e-007 2.21026
1.744288e-007 2.27931
1.746288e-007 2.15743
1.748288e-007 2.00689
1.750288e-007 2.02346
1.752288e-007 2.16744
1.754288e-007 2.27171
1.756288e-007 2.26653
1.758288e-007 2.17711
1.760288e-007 2.09666
1.762288e-007 2.05799
1.764288e-007 2.00551
1.766288e-007 2.00965
1.768288e-007 2.10564
1.770288e-007 2.17884
1.772288e-007 2.19127
1.774288e-007 2.19368
1.776288e-007 2.21405
1.778288e-007 2.24271
1.780288e-007 2.26688
1.782288e-007 2.2655
1.784288e-007 2.21336
1.786288e-007 2.15329
1.788288e-007 2.18402
1.790288e-007 2.3021
1.792288e-007 2.38427
1.794288e-007 2.35976
1.796288e-007 2.29243
1.798288e-007 2.28069
1.800288e-007 2.28967
1.802288e-007 2.2838
1.804288e-007 2.34353
1.806288e-007 2.44297
1.808288e-007 2.47715
1.810288e-007 2.43296
1.812288e-007 2.36459
1.814288e-007 2.34733
1.816288e-007 2.36494
1.818288e-007 2.3204
1.820288e-007 2.24375
1.822288e-007 2.22303
1.824288e-007 2.22061
1.826288e-007 2.20301
1.828288e-007 2.21889
1.830288e-007 2.26377
1.832288e-007 2.27275
1.834288e-007 2.24927
1.836288e-007 2.29347
1.838288e-007 2.41604
1.840288e-007 2.44124
1.842288e-007 2.35251
1.844288e-007 2.33801
1.846288e-007 2.39912
1.848288e-007 2.4661
1.850288e-007 2.52134
1.852288e-007 2.47404
1.854288e-007 2.38531
1.856288e-007 2.40637
1.858288e-007 2.4882
1.860288e-007 2.52756
1.862288e-007 2.52307
1.864288e-007 2.48785
1.866288e-007 2.45678
1.868288e-007 2.45885
1.870288e-007 2.4478
1.872288e-007 2.42053
1.874288e-007 2.4478
1.876288e-007 2.52134
1.878288e-007 2.55794
1.880288e-007 2.52273
1.882288e-007 2.44504
1.884288e-007 2.44331
1.886288e-007 2.58971
1.888288e-007 2.70399
1.890288e-007 2.62458
1.892288e-007 2.48371
1.894288e-007 2.45678
1.896288e-007 2.50719
1.898288e-007 2.47542
1.900288e-007 2.36873
1.902288e-007 2.35596
1.904288e-007 2.38945
1.906288e-007 2.34802
1.908288e-007 2.34249
1.910288e-007 2.40085
1.912288e-007 2.42122
1.914288e-007 2.45091
1.916288e-007 2.4989
1.918288e-007 2.48371
1.920288e-007 2.46161
1.922288e-007 2.47232
1.924288e-007 2.42881
1.926288e-007 2.38738
1.928288e-007 2.444
1.930288e-007 2.57521
1.932288e-007 2.75129
1.934288e-007 2.83174
1.936288e-007 2.76649
1.938288e-007 2.75302
1.940288e-007 2.76407
1.942288e-007 2.61767
1.944288e-007 2.46472
1.946288e-007 2.51996
1.948288e-007 2.6667
1.950288e-007 2.72505
1.952288e-007 2.68259
1.954288e-007 2.58591
1.956288e-007 2.55898
1.958288e-007 2.63805
1.960288e-007 2.63943
1.962288e-007 2.54448
1.964288e-007 2.5576
1.966288e-007 2.66221
1.968288e-007 2.67948
1.970288e-007 2.65876
1.972288e-007 2.72505
1.974288e-007 2.79963
1.976288e-007 2.78962
1.978288e-007 2.75026
1.980288e-007 2.72091
1.982288e-007 2.6812
1.984288e-007 2.62216
1.986288e-007 2.5172
1.988288e-007 2.44677
1.990288e-007 2.54586
1.992288e-007 2.72264
1.994288e-007 2.83243
1.996288e-007 2.90736
1.998288e-007 2.96433
2.000288e-007 2.93809
2.002288e-007 2.84555
2.004288e-007 2.78099
2.006288e-007 2.79169
2.008288e-007 2.80516
2.010288e-007 2.76027
2.012288e-007 2.75095
2.014288e-007 2.79756
2.016288e-007 2.77167
2.018288e-007 2.66912
2.020288e-007 2.61215
2.022288e-007 2.67223
2.024288e-007 2.79825
2.026288e-007 2.83934
2.028288e-007 2.76614
2.030288e-007 2.72989
2.032288e-007 2.76718
2.034288e-007 2.7582
2.036288e-007 2.66394
2.038288e-007 2.61422
2.040288e-007 2.75095
2.042288e-007 2.955
2.044288e-007 2.98504
2.046288e-007 2.87076
2.048288e-007 2.80516
2.050288e-007 2.82518
2.052288e-007 2.83071
2.054288e-007 2.76856
2.056288e-007 2.69122
2.058288e-007 2.65462
2.060288e-007 2.70088
2.062288e-007 2.81482
2.064288e-007 2.88008
2.066288e-007 2.85142
2.068288e-007 2.77788
2.070288e-007 2.74301
2.072288e-007 2.81137
2.074288e-007 2.87835
2.076288e-007 2.8314
2.078288e-007 2.76062
2.080288e-007 2.76614
2.082288e-007 2.77063
2.084288e-007 2.74612
2.086288e-007 2.85591
2.088288e-007 3.01232
2.090288e-007 2.95984
2.092288e-007 2.84486
2.094288e-007 2.86178
2.096288e-007 2.91875
2.098288e-007 2.89596
2.100288e-007 2.8352
2.102288e-007 2.90045
2.104288e-007 2.9992
2.106288e-007 2.94188
2.108288e-007 2.83381
2.110288e-007 2.75509
2.112288e-007 2.72195
2.114288e-007 2.81206
2.116288e-007 2.92911
2.118288e-007 2.94637
2.120288e-007 2.91254
2.122288e-007 2.89838
2.124288e-007 2.98263
2.126288e-007 3.13593
2.128288e-007 3.13593
2.130288e-007 2.98435
2.132288e-007 2.93705
2.134288e-007 3.00852
2.136288e-007 3.01301
2.138288e-007 2.95431
2.140288e-007 2.92358
2.142288e-007 2.92393
2.144288e-007 2.96571
2.146288e-007 3.01197
2.148288e-007 3.01266
2.150288e-007 2.99747
2.152288e-007 2.99333
2.154288e-007 3.03027
2.156288e-007 3.13144
2.158288e-007 3.2288
2.160288e-007 3.20532
2.162288e-007 3.09933
2.164288e-007 3.06342
2.166288e-007 3.11072
2.168288e-007 3.14766
2.170288e-007 3.12039
2.172288e-007 3.07688
2.174288e-007 3.08414
2.176288e-007 3.0907
2.178288e-007 3.03442
2.180288e-007 3.00196
2.182288e-007 3.07688
2.184288e-007 3.1563
2.186288e-007 3.17736
2.188288e-007 3.20153
2.190288e-007 3.18288
2.192288e-007 3.09208
2.194288e-007 3.03545
2.196288e-007 3.05928
2.198288e-007 3.14007
2.200288e-007 3.24434
2.202288e-007 3.28474
2.204288e-007 3.21948
2.206288e-007 3.13109
2.208288e-007 3.07101
2.210288e-007 3.05859
2.212288e-007 3.16079
2.214288e-007 3.32928
2.216288e-007 3.40455
2.218288e-007 3.35068
2.220288e-007 3.28784
2.222288e-007 3.26678
2.224288e-007 3.18219
2.226288e-007 3.04995
2.228288e-007 3.06687
2.230288e-007 3.24917
2.232288e-007 3.33446
2.234288e-007 3.2326
2.236288e-007 3.17218
2.238288e-007 3.23467
2.240288e-007 3.26437
2.242288e-007 3.19531
2.244288e-007 3.14076
2.246288e-007 3.20256
2.248288e-007 3.27438
2.250288e-007 3.25297
2.252288e-007 3.2433
2.254288e-007 3.29371
2.256288e-007 3.30304
2.258288e-007 3.244
2.260288e-007 3.21085
2.262288e-007 3.26471
2.264288e-007 3.29371
2.266288e-007 3.20636
2.268288e-007 3.14594
2.270288e-007 3.19013
2.272288e-007 3.21396
2.274288e-007 3.19324
2.276288e-007 3.244
2.278288e-007 3.36829
2.280288e-007 3.42457
2.282288e-007 3.3897
2.284288e-007 3.3935
2.286288e-007 3.40972
2.288288e-007 3.32513
2.290288e-007 3.24676
2.292288e-007 3.27265
2.294288e-007 3.27507
2.296288e-007 3.20912
2.298288e-007 3.24089
2.300288e-007 3.34136
2.302288e-007 3.29717
2.304288e-007 3.18081
2.306288e-007 3.15975
2.308288e-007 3.16113
2.310288e-007 3.15422
2.312288e-007 3.23813
2.314288e-007 3.4004
2.316288e-007 3.52401
2.318288e-007 3.54265
2.320288e-007 3.55301
2.322288e-007 3.60826
2.324288e-007 3.59168
2.326288e-007 3.52228
2.328288e-007 3.4736
2.330288e-007 3.40524
2.332288e-007 3.3424
2.334288e-007 3.31167
2.336288e-007 3.29958
2.338288e-007 3.30476
2.340288e-007 3.28819
2.342288e-007 3.28025
2.344288e-007 3.34896
2.346288e-007 3.42975
2.348288e-007 3.45392
2.350288e-007 3.40247
2.352288e-007 3.24745
2.354288e-007 3.12626
2.356288e-007 3.19393
2.358288e-007 3.31098
2.360288e-007 3.33377
2.362288e-007 3.38832
2.364288e-007 3.51158
2.366288e-007 3.55716
2.368288e-007 3.50744
2.370288e-007 3.45599
2.372288e-007 3.45772
2.374288e-007 3.48637
2.376288e-007 3.48327
2.378288e-007 3.46082
2.380288e-007 3.4225
2.382288e-007 3.34102
2.384288e-007 3.29337
2.386288e-007 3.32721
2.388288e-007 3.35379
2.390288e-007 3.33791
2.392288e-007 3.3348
2.394288e-007 3.36208
2.396288e-007 3.38314
2.398288e-007 3.40213
2.400288e-007 3.43458
2.402288e-007 3.42871
2.404288e-007 3.38279
2.406288e-007 3.38107
2.408288e-007 3.46221
2.410288e-007 3.56613
2.412288e-007 3.62655
2.414288e-007 3.63415
2.416288e-007 3.61792
2.418288e-007 3.63346
2.420288e-007 3.64485
2.422288e-007 3.54473
2.424288e-007 3.36449
2.426288e-007 3.27369
2.428288e-007 3.37036
2.430288e-007 3.52919
2.432288e-007 3.55681
2.434288e-007 3.51158
2.436288e-007 3.56717
2.438288e-007 3.66937
2.440288e-007 3.65003
2.442288e-007 3.50985
2.444288e-007 3.40627
2.446288e-007 3.47533
2.448288e-007 3.6528
2.450288e-007 3.707
2.452288e-007 3.60895
2.454288e-007 3.56095
2.456288e-007 3.61447
2.458288e-007 3.65832
2.460288e-007 3.65245
2.462288e-007 3.62517
2.464288e-007 3.5758
2.466288e-007 3.50295
2.468288e-007 3.49501
2.470288e-007 3.61516
2.472288e-007 3.73393
2.474288e-007 3.73048
2.476288e-007 3.64658
2.478288e-007 3.55716
2.480288e-007 3.55681
2.482288e-007 3.66281
2.484288e-007 3.74049
2.486288e-007 3.76121
2.488288e-007 3.84166
2.490288e-007 3.87515
2.492288e-007 3.70562
2.494288e-007 3.5064
2.496288e-007 3.45668
2.498288e-007 3.52884
2.500288e-007 3.6307
2.502288e-007 3.66005
2.504288e-007 3.61343
2.506288e-007 3.57891
2.508288e-007 3.56302
2.510288e-007 3.53609
2.512288e-007 3.55301
2.514288e-007 3.63381
2.516288e-007 3.70907
2.518288e-007 3.73911
2.520288e-007 3.73531
