-2.296e-008 10.0634
-2.276e-008 9.97884
-2.256e-008 9.93361
-2.236e-008 9.92463
-2.216e-008 9.96813
-2.196e-008 10.0393
-2.176e-008 10.0589
-2.156e-008 10.0192
-2.136e-008 9.95709
-2.116e-008 9.86352
-2.096e-008 9.78687
-2.076e-008 9.81449
-2.056e-008 9.92532
-2.036e-008 10.0054
-2.016e-008 9.99368
-1.996e-008 9.95294
-1.976e-008 9.96779
-1.956e-008 10.0417
-1.936e-008 10.0935
-1.916e-008 10.0848
-1.896e-008 10.0652
-1.876e-008 10.0634
-1.856e-008 10.0586
-1.836e-008 10.0027
-1.816e-008 9.93015
-1.796e-008 9.89287
-1.776e-008 9.8611
-1.756e-008 9.87215
-1.736e-008 9.95191
-1.716e-008 10.0396
-1.696e-008 10.0959
-1.676e-008 10.1076
-1.656e-008 10.0721
-1.636e-008 10.003
-1.616e-008 9.9488
-1.596e-008 9.92152
-1.576e-008 9.87491
-1.556e-008 9.82347
-1.536e-008 9.78894
-1.516e-008 9.77271
-1.496e-008 9.83244
-1.476e-008 9.94535
-1.456e-008 10.0054
-1.436e-008 9.99783
-1.416e-008 9.95536
-1.396e-008 9.9343
-1.376e-008 10.0078
-1.356e-008 10.1377
-1.336e-008 10.2095
-1.316e-008 10.1784
-1.296e-008 10.0803
-1.276e-008 9.99437
-1.256e-008 9.99955
-1.236e-008 10.1059
-1.216e-008 10.1926
-1.196e-008 10.1183
-1.176e-008 10.0103
-1.156e-008 10.079
-1.136e-008 10.205
-1.116e-008 10.1656
-1.096e-008 10.0103
-1.076e-008 9.93119
-1.056e-008 9.99196
-1.036e-008 10.1131
-1.016e-008 10.1632
-9.95998e-009 10.0617
-9.75998e-009 9.93602
-9.55998e-009 9.94224
-9.35998e-009 9.98678
-9.15998e-009 9.97435
-8.95998e-009 10.0299
-8.75998e-009 10.197
-8.55998e-009 10.2996
-8.35998e-009 10.254
-8.15998e-009 10.1518
-7.95998e-009 10.0928
-7.75998e-009 10.0862
-7.55998e-009 10.0696
-7.35998e-009 10.0645
-7.15998e-009 10.0793
-6.95998e-009 10.0424
-6.75998e-009 10.013
-6.55998e-009 10.0493
-6.35998e-009 10.0607
-6.15998e-009 10.0286
-5.95998e-009 10.0254
-5.75998e-009 10.0582
-5.55998e-009 10.1242
-5.35998e-009 10.2112
-5.15998e-009 10.2185
-4.95998e-009 10.0928
-4.75998e-009 9.94086
-4.55998e-009 9.84694
-4.35998e-009 9.81138
-4.15998e-009 9.8939
-3.95998e-009 10.0524
-3.75998e-009 10.0976
-3.55998e-009 10.0472
-3.35998e-009 10.051
-3.15998e-009 10.0942
-2.95998e-009 10.1059
-2.75998e-009 10.0728
-2.55998e-009 10.0037
-2.35998e-009 9.9595
-2.15998e-009 10.0013
-1.95998e-009 10.062
-1.75998e-009 9.92498
-1.55998e-009 9.37669
-1.35998e-009 8.45412
-1.15998e-009 7.36031
-9.59983e-010 6.13425
-7.59983e-010 4.83673
-5.59983e-010 3.73152
-3.59983e-010 2.93291
-1.59983e-010 2.386
4.0017e-011 2.03831
2.40017e-010 1.81941
4.40017e-010 1.64574
6.40017e-010 1.46896
8.40017e-010 1.35502
1.04002e-009 1.32015
1.24002e-009 1.26767
1.44002e-009 1.21484
1.64002e-009 1.2473
1.84002e-009 1.30876
2.04002e-009 1.26214
2.24002e-009 1.16996
2.44002e-009 1.22244
2.64002e-009 1.34915
2.84002e-009 1.35986
3.04002e-009 1.29736
3.24002e-009 1.28666
3.44002e-009 1.34984
3.64002e-009 1.42822
3.84002e-009 1.46447
4.04002e-009 1.46136
4.24002e-009 1.43858
4.44002e-009 1.4441
4.64002e-009 1.48691
4.84002e-009 1.47725
5.04002e-009 1.41475
5.24002e-009 1.40888
5.44002e-009 1.4403
5.64002e-009 1.3968
5.84002e-009 1.31566
6.04002e-009 1.28251
6.24002e-009 1.21208
6.44002e-009 1.10988
6.64002e-009 1.14303
6.84002e-009 1.2328
7.04002e-009 1.22693
7.24002e-009 1.18204
7.44002e-009 1.18273
7.64002e-009 1.26456
7.84002e-009 1.3564
8.04002e-009 1.31497
8.24002e-009 1.21519
8.44002e-009 1.24212
8.64002e-009 1.34121
8.84002e-009 1.39507
9.04002e-009 1.3892
9.24002e-009 1.30565
9.44002e-009 1.20414
9.64002e-009 1.14475
9.84002e-009 1.07155
1.004e-008 1.0208
1.024e-008 1.09365
1.044e-008 1.20034
1.064e-008 1.22002
1.084e-008 1.18998
1.104e-008 1.15407
1.124e-008 1.12058
1.144e-008 1.09918
1.164e-008 1.08122
1.184e-008 1.08157
1.204e-008 1.10953
1.224e-008 1.14026
1.244e-008 1.17341
1.264e-008 1.19654
1.284e-008 1.17134
1.304e-008 1.15546
1.324e-008 1.2252
1.344e-008 1.287
1.364e-008 1.26076
1.384e-008 1.22037
1.404e-008 1.1962
1.424e-008 1.16892
1.444e-008 1.15615
1.464e-008 1.17168
1.484e-008 1.20276
1.504e-008 1.21829
1.524e-008 1.22382
1.544e-008 1.22106
1.564e-008 1.16409
1.584e-008 1.09089
1.604e-008 1.10815
1.624e-008 1.18273
1.644e-008 1.16719
1.664e-008 1.06948
1.684e-008 1.06568
1.704e-008 1.16512
1.724e-008 1.18653
1.744e-008 1.10332
1.764e-008 1.04808
1.784e-008 1.04911
1.804e-008 1.02322
1.824e-008 0.946912
1.844e-008 0.929648
1.864e-008 1.08191
1.884e-008 1.2908
1.904e-008 1.32878
1.924e-008 1.19447
1.944e-008 1.0971
1.964e-008 1.13543
1.984e-008 1.21277
2.004e-008 1.21139
2.024e-008 1.15131
2.044e-008 1.11161
2.064e-008 1.06534
2.084e-008 1.02909
2.104e-008 1.06499
2.124e-008 1.08882
2.144e-008 1.08295
2.164e-008 1.11713
2.184e-008 1.10988
2.204e-008 1.02943
2.224e-008 1.00526
2.244e-008 1.05878
2.264e-008 1.09434
2.284e-008 1.0864
2.304e-008 1.09434
2.324e-008 1.1665
2.344e-008 1.22106
2.364e-008 1.15925
2.384e-008 1.06568
2.404e-008 1.05774
2.424e-008 1.08709
2.444e-008 1.03185
2.464e-008 0.969009
2.484e-008 1.06638
2.504e-008 1.23038
2.524e-008 1.27112
2.544e-008 1.1634
2.564e-008 1.05084
2.584e-008 1.07466
2.604e-008 1.15304
2.624e-008 1.15684
2.644e-008 1.11955
2.664e-008 1.09676
2.684e-008 1.06983
2.704e-008 1.03496
2.724e-008 1.0101
