-2.481665e-007 10.0669
-2.479665e-007 10.1591
-2.477665e-007 10.1318
-2.475665e-007 9.99299
-2.473665e-007 9.92532
-2.471665e-007 9.99507
-2.469665e-007 10.0942
-2.467665e-007 10.0897
-2.465665e-007 9.9999
-2.463665e-007 9.97366
-2.461665e-007 10.0189
-2.459665e-007 10.0631
-2.457665e-007 10.0938
-2.455665e-007 10.0351
-2.453665e-007 9.92877
-2.451665e-007 9.94707
-2.449665e-007 10.0013
-2.447665e-007 9.93361
-2.445665e-007 9.88009
-2.443665e-007 9.95329
-2.441665e-007 10.0179
-2.439665e-007 9.98989
-2.437665e-007 9.96986
-2.435665e-007 10.0189
-2.433665e-007 10.0206
-2.431665e-007 9.91531
-2.429665e-007 9.85799
-2.427665e-007 9.88769
-2.425665e-007 9.88285
-2.423665e-007 9.8901
-2.421665e-007 9.97193
-2.419665e-007 10.0189
-2.417665e-007 9.97297
-2.415665e-007 9.90978
-2.413665e-007 9.90633
-2.411665e-007 9.95916
-2.409665e-007 10.0096
-2.407665e-007 9.99679
-2.405665e-007 9.93188
-2.403665e-007 9.916
-2.401665e-007 9.98816
-2.399665e-007 10.0821
-2.397665e-007 10.1097
-2.395665e-007 10.0217
-2.393665e-007 9.94086
-2.391665e-007 9.97849
-2.389665e-007 9.99645
-2.387665e-007 9.92083
-2.385665e-007 9.90012
-2.383665e-007 9.96503
-2.381665e-007 10.0251
-2.379665e-007 10.0869
-2.377665e-007 10.1432
-2.375665e-007 10.1746
-2.373665e-007 10.1777
-2.371665e-007 10.071
-2.369665e-007 9.91427
-2.367665e-007 9.94258
-2.365665e-007 10.137
-2.363665e-007 10.2105
-2.361665e-007 10.0679
-2.359665e-007 9.92152
-2.357665e-007 9.94742
-2.355665e-007 10.0268
-2.353665e-007 10.0075
-2.351665e-007 9.97262
-2.349665e-007 10.0137
-2.347665e-007 10.051
-2.345665e-007 10.0258
-2.343665e-007 10.0158
-2.341665e-007 10.0555
-2.339665e-007 10.061
-2.337665e-007 10.0482
-2.335665e-007 10.1087
-2.333665e-007 10.1888
-2.331665e-007 10.1722
-2.329665e-007 10.0738
-2.327665e-007 10.0593
-2.325665e-007 10.1549
-2.323665e-007 10.1577
-2.321665e-007 10.0576
-2.319665e-007 10.0251
-2.317665e-007 10.0396
-2.315665e-007 10.0424
-2.313665e-007 10.0914
-2.311665e-007 10.1515
-2.309665e-007 10.1111
-2.307665e-007 10.0109
-2.305665e-007 9.93879
-2.303665e-007 9.90529
-2.301665e-007 9.93879
-2.299665e-007 9.97124
-2.297665e-007 9.95812
-2.295665e-007 10.0082
-2.293665e-007 10.0534
-2.291665e-007 9.99541
-2.289665e-007 9.93913
-2.287665e-007 9.90909
-2.285665e-007 9.90668
-2.283665e-007 9.99127
-2.281665e-007 10.0859
-2.279665e-007 10.0769
-2.277665e-007 10.0092
-2.275665e-007 9.97021
-2.273665e-007 9.98125
-2.271665e-007 10.0406
-2.269665e-007 10.0997
-2.267665e-007 10.1314
-2.265665e-007 10.1556
-2.263665e-007 10.0997
-2.261665e-007 9.9526
-2.259665e-007 9.86835
-2.257665e-007 9.86939
-2.255665e-007 9.88458
-2.253665e-007 9.97435
-2.251665e-007 10.0976
-2.249665e-007 10.0866
-2.247665e-007 9.99679
-2.245665e-007 9.99576
-2.243665e-007 10.0493
-2.241665e-007 10.0765
-2.239665e-007 10.0879
-2.237665e-007 10.0728
-2.235665e-007 9.99886
-2.233665e-007 9.91358
-2.231665e-007 9.89977
-2.229665e-007 9.94569
-2.227665e-007 9.97469
-2.225665e-007 9.97849
-2.223665e-007 9.9923
-2.221665e-007 9.99679
-2.219665e-007 9.97159
-2.217665e-007 9.96157
-2.215665e-007 10.0113
-2.213665e-007 10.0966
-2.211665e-007 10.1404
-2.209665e-007 10.1259
-2.207665e-007 10.1297
-2.205665e-007 10.1594
-2.203665e-007 10.1459
-2.201665e-007 10.098
-2.199665e-007 10.0762
-2.197665e-007 10.0969
-2.195665e-007 10.1321
-2.193665e-007 10.1142
-2.191665e-007 10.0306
-2.189665e-007 9.99817
-2.187665e-007 10.0496
-2.185665e-007 10.1093
-2.183665e-007 10.1756
-2.181665e-007 10.1891
-2.179665e-007 10.0627
-2.177665e-007 9.90702
-2.175665e-007 9.89977
-2.173665e-007 10.0154
-2.171665e-007 10.0969
-2.169665e-007 10.1152
-2.167665e-007 10.1173
-2.165665e-007 10.1031
-2.163665e-007 10.0873
-2.161665e-007 10.0759
-2.159665e-007 10.0555
-2.157665e-007 10.0413
-2.155665e-007 10.0324
-2.153665e-007 10.0341
-2.151665e-007 10.07
-2.149665e-007 10.0489
-2.147665e-007 9.9412
-2.145665e-007 9.91289
-2.143665e-007 9.94155
-2.141665e-007 9.91496
-2.139665e-007 9.93775
-2.137665e-007 10.0109
-2.135665e-007 10.0051
-2.133665e-007 9.98816
-2.131665e-007 10.0413
-2.129665e-007 10.022
-2.127665e-007 9.8756
-2.125665e-007 9.80102
-2.123665e-007 9.90426
-2.121665e-007 10.0496
-2.119665e-007 10.0928
-2.117665e-007 10.0686
-2.115665e-007 10.0493
-2.113665e-007 10.0092
-2.111665e-007 9.96882
-2.109665e-007 9.99092
-2.107665e-007 10.0227
-2.105665e-007 10.0027
-2.103665e-007 9.98471
-2.101665e-007 9.94327
-2.099665e-007 9.85834
-2.097665e-007 9.89839
-2.095665e-007 10.0396
-2.093665e-007 10.0931
-2.091665e-007 10.0831
-2.089665e-007 10.0648
-2.087665e-007 10.0527
-2.085665e-007 10.1207
-2.083665e-007 10.2022
-2.081665e-007 10.1725
-2.079665e-007 10.0693
-2.077665e-007 9.9816
-2.075665e-007 9.97711
-2.073665e-007 10.0589
-2.071665e-007 10.0641
-2.069665e-007 9.916
-2.067665e-007 9.83279
-2.065665e-007 9.94535
-2.063665e-007 10.0645
-2.061665e-007 10.051
-2.059665e-007 9.99576
-2.057665e-007 10.0071
-2.055665e-007 10.0745
-2.053665e-007 10.1245
-2.051665e-007 10.1611
-2.049665e-007 10.2015
-2.047665e-007 10.2036
-2.045665e-007 10.2015
-2.043665e-007 10.245
-2.041665e-007 10.2392
-2.039665e-007 10.1121
-2.037665e-007 9.98436
-2.035665e-007 9.94293
-2.033665e-007 9.91669
-2.031665e-007 9.89666
-2.029665e-007 9.97435
-2.027665e-007 10.1494
-2.025665e-007 10.2682
-2.023665e-007 10.215
-2.021665e-007 10.1156
-2.019665e-007 10.1152
-2.017665e-007 10.1059
-2.015665e-007 10.0127
-2.013665e-007 9.99437
-2.011665e-007 10.0983
-2.009665e-007 10.1705
-2.007665e-007 10.157
-2.005665e-007 10.1294
-2.003665e-007 10.127
-2.001665e-007 10.1249
-1.999665e-007 10.0917
-1.997665e-007 10.0479
-1.995665e-007 10.0451
-1.993665e-007 10.0589
-1.991665e-007 10.0306
-1.989665e-007 9.99403
-1.987665e-007 9.97021
-1.985665e-007 9.9526
-1.983665e-007 9.96503
-1.981665e-007 9.95294
-1.979665e-007 9.91116
-1.977665e-007 9.9122
-1.975665e-007 9.92774
-1.973665e-007 9.94189
-1.971665e-007 9.9633
-1.969665e-007 9.93326
-1.967665e-007 9.89356
-1.965665e-007 9.92428
-1.963665e-007 9.94845
-1.961665e-007 9.92256
-1.959665e-007 9.93844
-1.957665e-007 9.96503
-1.955665e-007 9.91324
-1.953665e-007 9.89666
-1.951665e-007 10.031
-1.949665e-007 10.158
-1.947665e-007 10.098
-1.945665e-007 9.92601
-1.943665e-007 9.83797
-1.941665e-007 9.93395
-1.939665e-007 10.0372
-1.937665e-007 9.96952
-1.935665e-007 9.92256
-1.933665e-007 10.0217
-1.931665e-007 10.1142
-1.929665e-007 10.1525
-1.927665e-007 10.1567
-1.925665e-007 10.1363
-1.923665e-007 10.118
-1.921665e-007 10.0431
-1.919665e-007 9.92498
-1.917665e-007 9.88907
-1.915665e-007 9.93913
-1.913665e-007 9.98747
-1.911665e-007 10.0175
-1.909665e-007 10.0337
-1.907665e-007 9.99714
-1.905665e-007 9.92532
-1.903665e-007 9.91427
-1.901665e-007 9.97918
-1.899665e-007 10.0141
-1.897665e-007 9.99127
-1.895665e-007 10.0054
-1.893665e-007 10.0852
-1.891665e-007 10.1394
-1.889665e-007 10.108
-1.887665e-007 10.0579
-1.885665e-007 10.0755
-1.883665e-007 10.1535
-1.881665e-007 10.1943
-1.879665e-007 10.1042
-1.877665e-007 9.99507
-1.875665e-007 10.0027
-1.873665e-007 9.99852
-1.871665e-007 9.93637
-1.869665e-007 9.96019
-1.867665e-007 10.0344
-1.865665e-007 10.0386
-1.863665e-007 9.99196
-1.861665e-007 9.95467
-1.859665e-007 9.98091
-1.857665e-007 10.0676
-1.855665e-007 10.0866
-1.853665e-007 9.99714
-1.851665e-007 9.92912
-1.849665e-007 9.94983
-1.847665e-007 10.0334
-1.845665e-007 10.129
-1.843665e-007 10.1649
-1.841665e-007 10.156
-1.839665e-007 10.1428
-1.837665e-007 10.0883
-1.835665e-007 10.0085
-1.833665e-007 9.97849
-1.831665e-007 10.0065
-1.829665e-007 10.0465
-1.827665e-007 10.0382
-1.825665e-007 9.9671
-1.823665e-007 9.92498
-1.821665e-007 10.0234
-1.819665e-007 10.1684
-1.817665e-007 10.138
-1.815665e-007 9.97918
-1.813665e-007 9.90771
-1.811665e-007 9.95053
-1.809665e-007 9.98643
-1.807665e-007 9.95916
-1.805665e-007 9.95985
-1.803665e-007 10.0258
-1.801665e-007 10.0693
-1.799665e-007 10.071
-1.797665e-007 10.1125
-1.795665e-007 10.1384
-1.793665e-007 10.0016
-1.791665e-007 9.88044
-1.789665e-007 9.99852
-1.787665e-007 10.1663
-1.785665e-007 10.1556
-1.783665e-007 9.99645
-1.781665e-007 9.88527
-1.779665e-007 9.95916
-1.777665e-007 10.0745
-1.775665e-007 10.0838
-1.773665e-007 10.08
-1.771665e-007 10.1011
-1.769665e-007 10.0879
-1.767665e-007 10.0648
-1.765665e-007 10.0296
-1.763665e-007 10.0037
-1.761665e-007 10.0831
-1.759665e-007 10.1953
-1.757665e-007 10.1604
-1.755665e-007 10.0337
-1.753665e-007 9.99541
-1.751665e-007 10.0272
-1.749665e-007 10.0047
-1.747665e-007 9.91842
-1.745665e-007 9.87629
-1.743665e-007 9.93602
-1.741665e-007 10.002
-1.739665e-007 10.0016
-1.737665e-007 10.012
-1.735665e-007 10.0724
-1.733665e-007 10.1111
-1.731665e-007 10.0703
-1.729665e-007 9.94569
-1.727665e-007 9.86421
-1.725665e-007 9.96744
-1.723665e-007 10.1163
-1.721665e-007 10.1273
-1.719665e-007 10.0803
-1.717665e-007 10.0427
-1.715665e-007 9.99299
-1.713665e-007 9.98781
-1.711665e-007 10.0248
-1.709665e-007 10.0489
-1.707665e-007 10.0652
-1.705665e-007 10.0417
-1.703665e-007 10.0065
-1.701665e-007 10.0469
-1.699665e-007 10.0513
-1.697665e-007 9.90599
-1.695665e-007 9.77927
-1.693665e-007 9.81035
-1.691665e-007 9.89528
-1.689665e-007 9.95294
-1.687665e-007 10.0082
-1.685665e-007 10.0745
-1.683665e-007 10.1228
-1.681665e-007 10.0841
-1.679665e-007 9.95743
-1.677665e-007 9.85281
-1.675665e-007 9.83969
-1.673665e-007 9.86939
-1.671665e-007 9.90288
-1.669665e-007 9.93602
-1.667665e-007 9.93602
-1.665665e-007 9.92498
-1.663665e-007 9.92221
-1.661665e-007 9.89252
-1.659665e-007 9.8504
-1.657665e-007 9.79205
-1.655665e-007 9.76442
-1.653665e-007 9.89494
-1.651665e-007 10.0462
-1.649665e-007 9.98471
-1.647665e-007 9.82519
-1.645665e-007 9.77547
-1.643665e-007 9.85799
-1.641665e-007 9.98712
-1.639665e-007 10.0106
-1.637665e-007 9.94189
-1.635665e-007 9.95709
-1.633665e-007 10.032
-1.631665e-007 10.0828
-1.629665e-007 10.1715
-1.627665e-007 10.2188
-1.625665e-007 10.0955
-1.623665e-007 9.94017
-1.621665e-007 9.87836
-1.619665e-007 9.85523
-1.617665e-007 9.8977
-1.615665e-007 10.0275
-1.613665e-007 10.1111
-1.611665e-007 10.061
-1.609665e-007 9.974
-1.607665e-007 9.96468
-1.605665e-007 9.98091
-1.603665e-007 9.95432
-1.601665e-007 9.99334
-1.599665e-007 10.1263
-1.597665e-007 10.1459
-1.595665e-007 10.0292
-1.593665e-007 9.97504
-1.591665e-007 10.0106
-1.589665e-007 10.0824
-1.587665e-007 10.147
-1.585665e-007 10.1118
-1.583665e-007 10.0127
-1.581665e-007 9.98264
-1.579665e-007 10.0289
-1.577665e-007 10.0855
-1.575665e-007 10.1418
-1.573665e-007 10.1529
-1.571665e-007 10.0617
-1.569665e-007 9.95156
-1.567665e-007 9.94707
-1.565665e-007 10.0482
-1.563665e-007 10.1466
-1.561665e-007 10.1656
-1.559665e-007 10.1176
-1.557665e-007 10.0538
-1.555665e-007 10.0279
-1.553665e-007 10.0517
-1.551665e-007 10.089
-1.549665e-007 10.0817
-1.547665e-007 10.0551
-1.545665e-007 10.1045
-1.543665e-007 10.1529
-1.541665e-007 10.0741
-1.539665e-007 9.94397
-1.537665e-007 9.87457
-1.535665e-007 9.86283
-1.533665e-007 9.88009
-1.531665e-007 9.93154
-1.529665e-007 9.98643
-1.527665e-007 9.99783
-1.525665e-007 10.0382
-1.523665e-007 10.1149
-1.521665e-007 10.0835
-1.519665e-007 9.96986
-1.517665e-007 9.90046
-1.515665e-007 9.86283
-1.513665e-007 9.83866
-1.511665e-007 9.85247
-1.509665e-007 9.85419
-1.507665e-007 9.82692
-1.505665e-007 9.85005
-1.503665e-007 9.92256
-1.501665e-007 9.99299
-1.499665e-007 10.0351
-1.497665e-007 10.0265
-1.495665e-007 9.98851
-1.493665e-007 9.97987
-1.491665e-007 10.0558
-1.489665e-007 10.1169
-1.487665e-007 10.0116
-1.485665e-007 9.8901
-1.483665e-007 9.94293
-1.481665e-007 10.0569
-1.479665e-007 10.1056
-1.477665e-007 10.0935
-1.475665e-007 10.0099
-1.473665e-007 9.93223
-1.471665e-007 9.92498
-1.469665e-007 9.90426
-1.467665e-007 9.88631
-1.465665e-007 9.93119
-1.463665e-007 9.97435
-1.461665e-007 9.97228
-1.459665e-007 9.96813
-1.457665e-007 10.0016
-1.455665e-007 10.0365
-1.453665e-007 10.0362
-1.451665e-007 10.0462
-1.449665e-007 10.04
-1.447665e-007 9.95778
-1.445665e-007 9.91013
-1.443665e-007 9.95605
-1.441665e-007 9.96503
-1.439665e-007 9.92808
-1.437665e-007 9.94604
-1.435665e-007 9.91186
-1.433665e-007 9.81552
-1.431665e-007 9.88285
-1.429665e-007 10.0165
-1.427665e-007 10.013
-1.425665e-007 9.96537
-1.423665e-007 9.93257
-1.421665e-007 9.91669
-1.419665e-007 9.96537
-1.417665e-007 9.99783
-1.415665e-007 9.97987
-1.413665e-007 9.9961
-1.411665e-007 9.99817
-1.409665e-007 9.95985
-1.407665e-007 9.96813
-1.405665e-007 9.9961
-1.403665e-007 10.023
-1.401665e-007 10.0879
-1.399665e-007 10.1014
-1.397665e-007 10.0396
-1.395665e-007 9.99368
-1.393665e-007 9.95709
-1.391665e-007 9.9267
-1.389665e-007 9.96054
-1.387665e-007 10.0368
-1.385665e-007 10.0607
-1.383665e-007 10.0096
-1.381665e-007 9.90944
-1.379665e-007 9.77409
-1.377665e-007 9.71885
-1.375665e-007 9.83279
-1.373665e-007 9.98643
-1.371665e-007 10.0507
-1.369665e-007 10.0641
-1.367665e-007 10.0721
-1.365665e-007 10.05
-1.363665e-007 10.0075
-1.361665e-007 10.0009
-1.359665e-007 10.0134
-1.357665e-007 9.94258
-1.355665e-007 9.85868
-1.353665e-007 9.95398
-1.351665e-007 10.1245
-1.349665e-007 10.1459
-1.347665e-007 10.0179
-1.345665e-007 9.85109
-1.343665e-007 9.77547
-1.341665e-007 9.82795
-1.339665e-007 9.8901
-1.337665e-007 9.91186
-1.335665e-007 9.94189
-1.333665e-007 9.95743
-1.331665e-007 9.94155
-1.329665e-007 9.95329
-1.327665e-007 9.97435
-1.325665e-007 9.94431
-1.323665e-007 9.92636
-1.321665e-007 9.99748
-1.319665e-007 10.0928
-1.317665e-007 10.0886
-1.315665e-007 9.9892
-1.313665e-007 9.91565
-1.311665e-007 9.88285
-1.309665e-007 9.85143
-1.307665e-007 9.87215
-1.305665e-007 9.94397
-1.303665e-007 9.94949
-1.301665e-007 9.87146
-1.299665e-007 9.85558
-1.297665e-007 9.93326
-1.295665e-007 10.0071
-1.293665e-007 10.0582
-1.291665e-007 10.1059
-1.289665e-007 10.128
-1.287665e-007 10.0873
-1.285665e-007 9.99023
-1.283665e-007 9.92877
-1.281665e-007 9.98505
-1.279665e-007 10.0676
-1.277665e-007 10.0406
-1.275665e-007 9.9488
-1.273665e-007 9.90737
-1.271665e-007 9.95847
-1.269665e-007 10.032
-1.267665e-007 10.0265
-1.265665e-007 9.9778
-1.263665e-007 9.94327
-1.261665e-007 9.87284
-1.259665e-007 9.84833
-1.257665e-007 10.0065
-1.255665e-007 10.1984
-1.253665e-007 10.2392
-1.251665e-007 10.1663
-1.249665e-007 10.0562
-1.247665e-007 9.96986
-1.245665e-007 10.0213
-1.243665e-007 10.187
-1.241665e-007 10.2447
-1.239665e-007 10.1076
-1.237665e-007 9.94638
-1.235665e-007 9.93154
-1.233665e-007 10.0244
-1.231665e-007 10.0786
-1.229665e-007 10.052
-1.227665e-007 9.99334
-1.225665e-007 9.94086
-1.223665e-007 9.91047
-1.221665e-007 9.91738
-1.219665e-007 9.94017
-1.217665e-007 9.95536
-1.215665e-007 10.0071
-1.213665e-007 10.0748
-1.211665e-007 10.0797
-1.209665e-007 10.08
-1.207665e-007 10.157
-1.205665e-007 10.2164
-1.203665e-007 10.1325
-1.201665e-007 9.96434
-1.199665e-007 9.90599
-1.197665e-007 9.97711
-1.195665e-007 9.9633
-1.193665e-007 9.84315
-1.191665e-007 9.83106
-1.189665e-007 9.92463
-1.187665e-007 9.96848
-1.185665e-007 9.95985
-1.183665e-007 9.91116
-1.181665e-007 9.83348
-1.179665e-007 9.84591
-1.177665e-007 9.92083
-1.175665e-007 9.95053
-1.173665e-007 9.97746
-1.171665e-007 9.9892
-1.169665e-007 9.95156
-1.167665e-007 9.95709
-1.165665e-007 10.0493
-1.163665e-007 10.1546
-1.161665e-007 10.2008
-1.159665e-007 10.1926
-1.157665e-007 10.1649
-1.155665e-007 10.1276
-1.153665e-007 10.0807
-1.151665e-007 10.0555
-1.149665e-007 10.0734
-1.147665e-007 10.0765
-1.145665e-007 10.0158
-1.143665e-007 9.91772
-1.141665e-007 9.81898
-1.139665e-007 9.79688
-1.137665e-007 9.87664
-1.135665e-007 9.94155
-1.133665e-007 9.97815
-1.131665e-007 10.0565
-1.129665e-007 10.1052
-1.127665e-007 10.1056
-1.125665e-007 10.1667
-1.123665e-007 10.2547
-1.121665e-007 10.2519
-1.119665e-007 10.1446
-1.117665e-007 9.98056
-1.115665e-007 9.8756
-1.113665e-007 9.91772
-1.111665e-007 9.99783
-1.109665e-007 9.974
-1.107665e-007 9.88354
-1.105665e-007 9.83072
-1.103665e-007 9.85558
-1.101665e-007 9.96779
-1.099665e-007 10.0721
-1.097665e-007 10.0679
-1.095665e-007 10.0648
-1.093665e-007 10.1449
-1.091665e-007 10.1957
-1.089665e-007 10.1946
-1.087665e-007 10.2002
-1.085665e-007 10.1387
-1.083665e-007 10.0389
-1.081665e-007 9.98367
-1.079665e-007 9.91151
-1.077665e-007 9.90357
-1.075665e-007 10.0237
-1.073665e-007 10.0873
-1.071665e-007 10.0437
-1.069665e-007 10.0199
-1.067665e-007 10.0299
-1.065665e-007 10.0403
-1.063665e-007 10.0617
-1.061665e-007 10.0545
-1.059665e-007 10.0227
-1.057665e-007 10.004
-1.055665e-007 9.97642
-1.053665e-007 9.97262
-1.051665e-007 10.0244
-1.049665e-007 10.0538
-1.047665e-007 10.023
-1.045665e-007 10.0034
-1.043665e-007 10.0413
-1.041665e-007 10.0717
-1.039665e-007 10.013
-1.037665e-007 9.92843
-1.035665e-007 9.93257
-1.033665e-007 10.0065
-1.031665e-007 10.0714
-1.029665e-007 10.089
-1.027665e-007 10.041
-1.025665e-007 9.96537
-1.023665e-007 9.91393
-1.021665e-007 9.87836
-1.019665e-007 9.89356
-1.017665e-007 9.96434
-1.015665e-007 9.99334
-1.013665e-007 9.99955
-1.011665e-007 10.0589
-1.009665e-007 10.0562
-1.007665e-007 9.92498
-1.005665e-007 9.86041
-1.003665e-007 9.97331
-1.001665e-007 10.1408
-9.996647e-008 10.1988
-9.976647e-008 10.0527
-9.956647e-008 9.89873
-9.936647e-008 10.0099
-9.916647e-008 10.1981
-9.896647e-008 10.1739
-9.876647e-008 10.0351
-9.856647e-008 9.99092
-9.836647e-008 10.0693
-9.816647e-008 10.108
-9.796647e-008 10.0151
-9.776647e-008 9.93879
-9.756647e-008 9.96917
-9.736647e-008 10.0482
-9.716647e-008 10.1273
-9.696647e-008 10.1159
-9.676647e-008 9.95501
-9.656647e-008 9.80758
-9.636647e-008 9.85903
-9.616647e-008 9.97953
-9.596647e-008 10.0089
-9.576647e-008 10.0092
-9.556647e-008 9.96986
-9.536647e-008 9.86973
-9.516647e-008 9.86041
-9.496647e-008 9.97987
-9.476647e-008 10.0431
-9.456647e-008 9.94466
-9.436647e-008 9.84798
-9.416647e-008 9.93948
-9.396647e-008 10.1235
-9.376647e-008 10.1939
-9.356647e-008 10.1653
-9.336647e-008 10.1463
-9.316647e-008 10.1308
-9.296647e-008 10.0876
-9.276647e-008 10.0344
-9.256647e-008 10.0199
-9.236647e-008 10.0769
-9.216647e-008 10.1111
-9.196647e-008 10.0144
-9.176647e-008 9.87215
-9.156647e-008 9.82657
-9.136647e-008 9.85972
-9.116647e-008 9.91565
-9.096647e-008 9.98712
-9.076647e-008 10.0251
-9.056647e-008 10.0358
-9.036647e-008 10.0714
-9.016647e-008 10.0921
-8.996647e-008 10.0431
-8.976647e-008 9.98678
-8.956647e-008 9.99679
-8.936647e-008 10.0085
-8.916647e-008 9.98505
-8.896647e-008 9.99507
-8.876647e-008 10.0728
-8.856647e-008 10.1608
-8.836647e-008 10.185
-8.816647e-008 10.1853
-8.796647e-008 10.1905
-8.776647e-008 10.1494
-8.756647e-008 10.0676
-8.736647e-008 10.0002
-8.716647e-008 9.97262
-8.696647e-008 9.94155
-8.676647e-008 9.89494
-8.656647e-008 9.86766
-8.636647e-008 9.84142
-8.616647e-008 9.85178
-8.596647e-008 9.94017
-8.576647e-008 10.0427
-8.556647e-008 10.1114
-8.536647e-008 10.1225
-8.516647e-008 10.0717
-8.496647e-008 10.0417
-8.476647e-008 10.0607
-8.456647e-008 10.0662
-8.436647e-008 10.0817
-8.416647e-008 10.1183
-8.396647e-008 10.071
-8.376647e-008 9.98747
-8.356647e-008 9.98781
-8.336647e-008 10.0279
-8.316647e-008 10.0607
-8.296647e-008 10.0683
-8.276647e-008 10.0165
-8.256647e-008 9.97504
-8.236647e-008 9.99092
-8.216647e-008 9.94431
-8.196647e-008 9.81207
-8.176647e-008 9.77306
-8.156647e-008 9.92601
-8.136647e-008 10.1418
-8.116647e-008 10.2136
-8.096647e-008 10.1321
-8.076647e-008 10.052
-8.056647e-008 10.0234
-8.036647e-008 10.0078
-8.016647e-008 10.0099
-7.996647e-008 10.0375
-7.976647e-008 10.0455
-7.956647e-008 10.0165
-7.936647e-008 9.96088
-7.916647e-008 9.85419
-7.896647e-008 9.76063
-7.876647e-008 9.78687
-7.856647e-008 9.91427
-7.836647e-008 10.0762
-7.816647e-008 10.1522
-7.796647e-008 10.069
-7.776647e-008 10.0175
-7.756647e-008 10.1308
-7.736647e-008 10.2188
-7.716647e-008 10.119
-7.696647e-008 9.92532
-7.676647e-008 9.7993
-7.656647e-008 9.83417
-7.636647e-008 10.0058
-7.616647e-008 10.1466
-7.596647e-008 10.1228
-7.576647e-008 10.0469
-7.556647e-008 10.0665
-7.536647e-008 10.0897
-7.516647e-008 10.0441
-7.496647e-008 10.0099
-7.476647e-008 10.0044
-7.456647e-008 10.0137
-7.436647e-008 10.0393
-7.416647e-008 10.0558
-7.396647e-008 10.0631
-7.376647e-008 10.0824
-7.356647e-008 10.0976
-7.336647e-008 10.0745
-7.316647e-008 9.9961
-7.296647e-008 9.91255
-7.276647e-008 9.91151
-7.256647e-008 10.0154
-7.236647e-008 10.1363
-7.216647e-008 10.1401
-7.196647e-008 10.0244
-7.176647e-008 9.93223
-7.156647e-008 9.93188
-7.136647e-008 9.97262
-7.116647e-008 9.99472
-7.096647e-008 9.97642
-7.076647e-008 9.97435
-7.056647e-008 10.0465
-7.036647e-008 10.1259
-7.016647e-008 10.1056
-6.996647e-008 10.0172
-6.976647e-008 9.99645
-6.956647e-008 10.0755
-6.936647e-008 10.1183
-6.916647e-008 10.0058
-6.896647e-008 9.85558
-6.876647e-008 9.87871
-6.856647e-008 10.0362
-6.836647e-008 10.1535
-6.816647e-008 10.1701
-6.796647e-008 10.1056
-6.776647e-008 10.0479
-6.756647e-008 10.0413
-6.736647e-008 9.9816
-6.716647e-008 9.88527
-6.696647e-008 9.91703
-6.676647e-008 10.0268
-6.656647e-008 10.1045
-6.636647e-008 10.1798
-6.616647e-008 10.1698
-6.596647e-008 10.0652
-6.576647e-008 10.0351
-6.556647e-008 10.0517
-6.536647e-008 10.0106
-6.516647e-008 9.9892
-6.496647e-008 10.0303
-6.476647e-008 10.04
-6.456647e-008 9.95122
-6.436647e-008 9.84211
-6.416647e-008 9.88044
-6.396647e-008 10.0507
-6.376647e-008 10.1138
-6.356647e-008 10.0203
-6.336647e-008 9.9595
-6.316647e-008 9.9854
-6.296647e-008 10.0248
-6.276647e-008 10.0268
-6.256647e-008 9.93775
-6.236647e-008 9.79826
-6.216647e-008 9.77168
-6.196647e-008 9.8977
-6.176647e-008 10.023
-6.156647e-008 10.052
-6.136647e-008 10.0641
-6.116647e-008 10.1273
-6.096647e-008 10.1674
-6.076647e-008 10.1259
-6.056647e-008 10.099
-6.036647e-008 10.1387
-6.016647e-008 10.1283
-5.996647e-008 10.0113
-5.976647e-008 9.91013
-5.956647e-008 9.90702
-5.936647e-008 9.91703
-5.916647e-008 9.88561
-5.896647e-008 9.86041
-5.876647e-008 9.87422
-5.856647e-008 9.90909
-5.836647e-008 9.92601
-5.816647e-008 9.94155
-5.796647e-008 9.97435
-5.776647e-008 9.95881
-5.756647e-008 9.92014
-5.736647e-008 9.96813
-5.716647e-008 10.0638
-5.696647e-008 10.1435
-5.676647e-008 10.2033
-5.656647e-008 10.176
-5.636647e-008 10.0493
-5.616647e-008 9.92981
-5.596647e-008 9.87974
-5.576647e-008 9.89079
-5.556647e-008 9.97435
-5.536647e-008 10.0741
-5.516647e-008 10.0676
-5.496647e-008 9.99886
-5.476647e-008 9.99161
-5.456647e-008 9.99196
-5.436647e-008 9.95985
-5.416647e-008 9.97021
-5.396647e-008 9.99645
-5.376647e-008 9.96813
-5.356647e-008 9.92705
-5.336647e-008 9.93499
-5.316647e-008 9.96296
-5.296647e-008 10.0009
-5.276647e-008 10.0914
-5.256647e-008 10.1642
-5.236647e-008 10.1359
-5.216647e-008 10.1131
-5.196647e-008 10.1508
-5.176647e-008 10.1059
-5.156647e-008 9.98851
-5.136647e-008 9.96572
-5.116647e-008 10.021
-5.096647e-008 10.0227
-5.076647e-008 10.0023
-5.056647e-008 10.051
-5.036647e-008 10.119
-5.016647e-008 10.1567
-4.996647e-008 10.1573
-4.976647e-008 10.1135
-4.956647e-008 10.0883
-4.936647e-008 10.1066
-4.916647e-008 10.099
-4.896647e-008 10.0779
-4.876647e-008 10.1066
-4.856647e-008 10.1459
-4.836647e-008 10.1156
-4.816647e-008 9.97159
-4.796647e-008 9.82519
-4.776647e-008 9.85868
-4.756647e-008 9.98471
-4.736647e-008 10.022
-4.716647e-008 9.99023
-4.696647e-008 9.95881
-4.676647e-008 9.98229
-4.656647e-008 10.0665
-4.636647e-008 10.1076
-4.616647e-008 10.0593
-4.596647e-008 9.96468
-4.576647e-008 9.87491
-4.556647e-008 9.86559
-4.536647e-008 9.94707
-4.516647e-008 10.0299
-4.496647e-008 10.0724
-4.476647e-008 10.0921
-4.456647e-008 10.0969
-4.436647e-008 10.0928
-4.416647e-008 10.0793
-4.396647e-008 10.0327
-4.376647e-008 9.96675
-4.356647e-008 9.93879
-4.336647e-008 9.94086
-4.316647e-008 9.96054
-4.296647e-008 10.0527
-4.276647e-008 10.1432
-4.256647e-008 10.0869
-4.236647e-008 9.98264
-4.216647e-008 9.98125
-4.196647e-008 9.99507
-4.176647e-008 9.93154
-4.156647e-008 9.85005
-4.136647e-008 9.84556
-4.116647e-008 9.94776
-4.096647e-008 10.0696
-4.076647e-008 10.1394
-4.056647e-008 10.1663
-4.036647e-008 10.1211
-4.016647e-008 9.9892
-3.996647e-008 9.86248
-3.976647e-008 9.83279
-3.956647e-008 9.88631
-3.936647e-008 9.99886
-3.916647e-008 10.137
-3.896647e-008 10.2002
-3.876647e-008 10.1097
-3.856647e-008 9.90702
-3.836647e-008 9.79584
-3.816647e-008 9.91565
-3.796647e-008 10.1
-3.776647e-008 10.1604
-3.756647e-008 10.1394
-3.736647e-008 10.0945
-3.716647e-008 9.99023
-3.696647e-008 9.88285
-3.676647e-008 9.88216
-3.656647e-008 9.92877
-3.636647e-008 9.89804
-3.616647e-008 9.82657
-3.596647e-008 9.84763
-3.576647e-008 9.9778
-3.556647e-008 10.0241
-3.536647e-008 9.92739
-3.516647e-008 9.94707
-3.496647e-008 10.1104
-3.476647e-008 10.2002
-3.456647e-008 10.216
-3.436647e-008 10.1611
-3.416647e-008 10.0085
-3.396647e-008 9.93257
-3.376647e-008 10.004
-3.356647e-008 10.0513
-3.336647e-008 9.98471
-3.316647e-008 9.90322
-3.296647e-008 9.88976
-3.276647e-008 9.91289
-3.256647e-008 9.93395
-3.236647e-008 9.97608
-3.216647e-008 10.0272
-3.196647e-008 10.0192
-3.176647e-008 9.97746
-3.156647e-008 9.97849
-3.136647e-008 10.0154
-3.116647e-008 10.0375
-3.096647e-008 10.0099
-3.076647e-008 9.97159
-3.056647e-008 9.95847
-3.036647e-008 9.92325
-3.016647e-008 9.87111
-2.996647e-008 9.85454
-2.976647e-008 9.92118
-2.956647e-008 10.1014
-2.936647e-008 10.2478
-2.916647e-008 10.1805
-2.896647e-008 10.0113
-2.876647e-008 9.97124
-2.856647e-008 10.0714
-2.836647e-008 10.1587
-2.816647e-008 10.1622
-2.796647e-008 10.1128
-2.776647e-008 10.0427
-2.756647e-008 10.0147
-2.736647e-008 10.062
-2.716647e-008 10.108
-2.696647e-008 10.1276
-2.676647e-008 10.1301
-2.656647e-008 10.0596
-2.636647e-008 9.96986
-2.616647e-008 9.96434
-2.596647e-008 9.99299
-2.576647e-008 9.95847
-2.556647e-008 9.88113
-2.536647e-008 9.8901
-2.516647e-008 10.0182
-2.496647e-008 10.1332
-2.476647e-008 10.1919
-2.456647e-008 10.2399
-2.436647e-008 10.2278
-2.416647e-008 10.1642
-2.396647e-008 10.1484
-2.376647e-008 10.1218
-2.356647e-008 9.98574
-2.336647e-008 9.86041
-2.316647e-008 9.85523
-2.296647e-008 9.87284
-2.276647e-008 9.85489
-2.256647e-008 9.87491
-2.236647e-008 9.94362
-2.216647e-008 9.99196
-2.196647e-008 10.0389
-2.176647e-008 10.1052
-2.156647e-008 10.1014
-2.136647e-008 10.023
-2.116647e-008 9.9778
-2.096647e-008 9.97953
-2.076647e-008 9.96157
-2.056647e-008 9.95329
-2.036647e-008 10.0223
-2.016647e-008 10.0814
-1.996647e-008 10.0545
-1.976647e-008 10.0151
-1.956647e-008 10.013
-1.936647e-008 10.0586
-1.916647e-008 10.1066
-1.896647e-008 10.0738
-1.876647e-008 10.0137
-1.856647e-008 10.0172
-1.836647e-008 10.0286
-1.816647e-008 9.96365
-1.796647e-008 9.88285
-1.776647e-008 9.88976
-1.756647e-008 9.9412
-1.736647e-008 9.95398
-1.716647e-008 9.95087
-1.696647e-008 9.93568
-1.676647e-008 9.92118
-1.656647e-008 9.99783
-1.636647e-008 10.1166
-1.616647e-008 10.129
-1.596647e-008 10.0707
-1.576647e-008 10.0389
-1.556647e-008 9.99507
-1.536647e-008 9.96779
-1.516647e-008 10.0389
-1.496647e-008 10.1045
-1.476647e-008 10.0679
-1.456647e-008 10.0006
-1.436647e-008 9.99299
-1.416647e-008 10.0355
-1.396647e-008 10.0728
-1.376647e-008 10.1135
-1.356647e-008 10.1698
-1.336647e-008 10.1646
-1.316647e-008 10.0672
-1.296647e-008 10.0047
-1.276647e-008 10.051
-1.256647e-008 10.0652
-1.236647e-008 9.96365
-1.216647e-008 9.88147
-1.196647e-008 9.90115
-1.176647e-008 9.97849
-1.156647e-008 10.0282
-1.136647e-008 10.0286
-1.116647e-008 10.0786
-1.096647e-008 10.1518
-1.076647e-008 10.1263
-1.056647e-008 10.0268
-1.036647e-008 9.96054
-1.016647e-008 9.96226
-9.966473e-009 9.96192
-9.766473e-009 9.91531
-9.566473e-009 9.86697
-9.366473e-009 9.88872
-9.166473e-009 9.98885
-8.966473e-009 10.0793
-8.766473e-009 10.1076
-8.566473e-009 10.0876
-8.366473e-009 10.0406
-8.166473e-009 10.0106
-7.966473e-009 10.0279
-7.766473e-009 10.0431
-7.566473e-009 9.99748
-7.366473e-009 9.92221
-7.166473e-009 9.93499
-6.966473e-009 10.0745
-6.766473e-009 10.1594
-6.566473e-009 10.051
-6.366473e-009 9.92152
-6.166473e-009 9.88631
-5.966473e-009 9.80896
-5.766473e-009 9.73611
-5.566473e-009 9.81449
-5.366473e-009 9.92014
-5.166473e-009 9.93671
-4.966473e-009 9.96088
-4.766473e-009 10.032
-4.566473e-009 10.0703
-4.366473e-009 10.0472
-4.166473e-009 10.0168
-3.966473e-009 10.0268
-3.766473e-009 10.0299
-3.566473e-009 9.99334
-3.366473e-009 9.99092
-3.166473e-009 10.0472
-2.966473e-009 10.099
-2.766473e-009 10.0745
-2.566473e-009 9.99437
-2.366473e-009 9.97746
-2.166473e-009 9.9999
-1.966473e-009 9.90219
-1.766473e-009 9.63081
-1.566473e-009 9.15882
-1.366473e-009 8.3502
-1.166473e-009 7.18733
-9.664727e-010 5.89809
-7.664727e-010 4.67307
-5.664727e-010 3.59203
-3.664727e-010 2.79514
-1.664727e-010 2.29657
3.352735e-011 1.94405
2.335273e-010 1.69511
4.335273e-010 1.50314
6.335273e-010 1.32015
8.335273e-010 1.23176
1.033527e-009 1.21795
1.233527e-009 1.2069
1.433527e-009 1.21622
1.633527e-009 1.20138
1.833527e-009 1.1596
2.033527e-009 1.17272
2.233527e-009 1.21381
2.433527e-009 1.2328
2.633527e-009 1.25766
2.833527e-009 1.31497
3.033527e-009 1.38092
3.233527e-009 1.39438
3.433527e-009 1.35502
3.633527e-009 1.3495
3.833527e-009 1.39542
4.033527e-009 1.38989
4.233527e-009 1.30599
4.433527e-009 1.23659
4.633527e-009 1.23211
4.833527e-009 1.27526
5.033527e-009 1.35468
5.233527e-009 1.39922
5.433527e-009 1.36503
5.633527e-009 1.35053
5.833527e-009 1.35951
6.033527e-009 1.31221
6.233527e-009 1.24833
6.433527e-009 1.23314
6.633527e-009 1.26042
6.833527e-009 1.31704
7.033527e-009 1.36987
7.233527e-009 1.37919
7.433527e-009 1.37574
7.633527e-009 1.38402
7.833527e-009 1.38817
8.033527e-009 1.37574
8.233527e-009 1.32636
8.433527e-009 1.22693
8.633527e-009 1.12265
8.833527e-009 1.08882
9.033527e-009 1.11195
9.233527e-009 1.11782
9.433527e-009 1.08882
9.633527e-009 1.09918
9.833527e-009 1.20069
1.003353e-008 1.30737
1.023353e-008 1.32947
1.043353e-008 1.29046
1.063353e-008 1.2397
1.083353e-008 1.22624
1.103353e-008 1.27147
1.123353e-008 1.30116
1.143353e-008 1.2511
1.163353e-008 1.14786
1.183353e-008 1.08778
1.203353e-008 1.12507
1.223353e-008 1.17824
1.243353e-008 1.15925
1.263353e-008 1.10194
1.283353e-008 1.1123
1.303353e-008 1.15822
1.323353e-008 1.14648
1.343353e-008 1.12611
1.363353e-008 1.10297
1.383353e-008 1.05843
1.403353e-008 1.03979
1.423353e-008 1.03806
1.443353e-008 1.06465
1.463353e-008 1.12852
1.483353e-008 1.14061
1.503353e-008 1.13336
1.523353e-008 1.20483
1.543353e-008 1.26525
1.563353e-008 1.28182
1.583353e-008 1.33292
1.603353e-008 1.31393
1.623353e-008 1.16927
1.643353e-008 1.08433
1.663353e-008 1.11782
1.683353e-008 1.1451
1.703353e-008 1.11748
1.723353e-008 1.05567
1.743353e-008 0.990761
1.763353e-008 0.989725
1.783353e-008 1.05498
1.803353e-008 1.1192
1.823353e-008 1.17237
1.843353e-008 1.19102
1.863353e-008 1.14751
1.883353e-008 1.09469
1.903353e-008 1.08191
1.923353e-008 1.11713
1.943353e-008 1.15407
1.963353e-008 1.13198
1.983353e-008 1.12265
2.003353e-008 1.20517
2.023353e-008 1.23625
2.043353e-008 1.12956
2.063353e-008 1.05118
2.083353e-008 1.09676
2.103353e-008 1.14855
2.123353e-008 1.09262
2.143353e-008 0.990761
2.163353e-008 0.955544
2.183353e-008 0.967973
2.203353e-008 0.960032
2.223353e-008 0.962449
2.243353e-008 1.03185
2.263353e-008 1.10953
2.283353e-008 1.08916
2.303353e-008 1.00146
2.323353e-008 0.97039
2.343353e-008 1.05602
2.363353e-008 1.20345
2.383353e-008 1.2656
2.403353e-008 1.19274
2.423353e-008 1.07294
2.443353e-008 0.973152
2.463353e-008 0.957961
2.483353e-008 1.05084
2.503353e-008 1.11782
2.523353e-008 1.08502
2.543353e-008 1.03047
2.563353e-008 0.982129
2.583353e-008 0.984201
2.603353e-008 1.05533
2.623353e-008 1.04497
2.643353e-008 0.90617
2.663353e-008 0.788088
2.683353e-008 0.830211
2.703353e-008 1.00354
2.723353e-008 1.10953
2.743353e-008 1.08433
2.763353e-008 1.0315
2.783353e-008 0.982475
2.803353e-008 0.972807
2.823353e-008 1.05118
2.843353e-008 1.11299
2.863353e-008 1.05084
2.883353e-008 0.965902
2.903353e-008 1.01562
2.923353e-008 1.12714
2.943353e-008 1.12335
2.963353e-008 1.06085
2.983353e-008 1.07708
3.003353e-008 1.12714
3.023353e-008 1.12542
3.043353e-008 1.07466
3.063353e-008 1.05912
3.083353e-008 1.11609
3.103353e-008 1.10677
3.123353e-008 1.0063
3.143353e-008 0.987309
3.163353e-008 1.05015
3.183353e-008 1.07535
3.203353e-008 1.07155
3.223353e-008 1.07397
3.243353e-008 1.06603
3.263353e-008 1.01873
3.283353e-008 0.961759
3.303353e-008 0.991797
3.323353e-008 1.08675
3.343353e-008 1.10677
3.363353e-008 1.05809
3.383353e-008 1.02632
3.403353e-008 1.01182
3.423353e-008 1.03875
3.443353e-008 1.10677
3.463353e-008 1.13094
3.483353e-008 1.09365
3.503353e-008 1.08467
3.523353e-008 1.13992
3.543353e-008 1.17168
3.563353e-008 1.15166
3.583353e-008 1.13474
3.603353e-008 1.1047
3.623353e-008 1.03427
3.643353e-008 0.965902
3.663353e-008 0.966938
3.683353e-008 1.05533
3.703353e-008 1.12714
3.723353e-008 1.1413
3.743353e-008 1.17755
3.763353e-008 1.18722
3.783353e-008 1.09054
3.803353e-008 0.98938
3.823353e-008 1.02253
3.843353e-008 1.14406
3.863353e-008 1.2145
3.883353e-008 1.21726
3.903353e-008 1.21829
3.923353e-008 1.27457
3.943353e-008 1.32636
3.963353e-008 1.23659
3.983353e-008 1.0902
4.003353e-008 1.05222
4.023353e-008 1.046
4.043353e-008 0.954853
4.063353e-008 0.869917
4.083353e-008 0.927922
4.103353e-008 1.09607
4.123353e-008 1.20656
4.143353e-008 1.15269
4.163353e-008 1.03357
4.183353e-008 0.983165
4.203353e-008 0.96383
4.223353e-008 0.927922
4.243353e-008 0.942769
4.263353e-008 0.993178
4.283353e-008 0.971426
4.303353e-008 0.913075
4.323353e-008 0.946221
4.343353e-008 1.06534
4.363353e-008 1.14717
4.383353e-008 1.15476
4.403353e-008 1.14233
4.423353e-008 1.11609
4.443353e-008 1.0902
4.463353e-008 1.10125
4.483353e-008 1.10263
4.503353e-008 1.05464
4.523353e-008 1.03806
4.543353e-008 1.10436
4.563353e-008 1.14268
4.583353e-008 1.06568
4.603353e-008 0.972807
4.623353e-008 0.937244
4.643353e-008 0.945531
4.663353e-008 1.03461
4.683353e-008 1.15925
4.703353e-008 1.19205
4.723353e-008 1.14993
4.743353e-008 1.17099
4.763353e-008 1.24937
4.783353e-008 1.20172
4.803353e-008 1.03772
4.823353e-008 0.989725
4.843353e-008 1.05326
4.863353e-008 1.04393
4.883353e-008 1.00492
4.903353e-008 1.04048
4.923353e-008 1.11057
4.943353e-008 1.16409
4.963353e-008 1.16892
4.983353e-008 1.16443
5.003353e-008 1.20621
5.023353e-008 1.21173
5.043353e-008 1.16547
5.063353e-008 1.1817
5.083353e-008 1.21519
5.103353e-008 1.17583
5.123353e-008 1.18308
5.143353e-008 1.28838
5.163353e-008 1.35364
5.183353e-008 1.33776
5.203353e-008 1.25766
5.223353e-008 1.13957
5.243353e-008 1.09469
5.263353e-008 1.1306
5.283353e-008 1.15546
5.303353e-008 1.16063
5.323353e-008 1.15442
5.343353e-008 1.12921
5.363353e-008 1.123
5.383353e-008 1.14095
5.403353e-008 1.12645
5.423353e-008 1.08226
5.443353e-008 1.04013
5.463353e-008 1.01942
5.483353e-008 1.05878
5.503353e-008 1.12231
5.523353e-008 1.15097
5.543353e-008 1.17168
5.563353e-008 1.2031
5.583353e-008 1.19654
5.603353e-008 1.12887
5.623353e-008 1.06534
5.643353e-008 1.05705
5.663353e-008 1.08606
5.683353e-008 1.11886
5.703353e-008 1.14095
5.723353e-008 1.14855
5.743353e-008 1.10056
5.763353e-008 1.03841
5.783353e-008 1.06741
5.803353e-008 1.12024
5.823353e-008 1.13681
5.843353e-008 1.15684
5.863353e-008 1.1268
5.883353e-008 1.06603
5.903353e-008 1.08951
5.923353e-008 1.15131
5.943353e-008 1.15131
5.963353e-008 1.11851
5.983353e-008 1.09849
6.003353e-008 1.08157
6.023353e-008 1.07121
6.043353e-008 1.08398
6.063353e-008 1.13543
6.083353e-008 1.18066
6.103353e-008 1.14544
6.123353e-008 1.11817
6.143353e-008 1.1779
6.163353e-008 1.1634
6.183353e-008 1.01597
6.203353e-008 0.906861
6.223353e-008 0.933101
6.243353e-008 1.05395
6.263353e-008 1.20241
6.283353e-008 1.29771
6.303353e-008 1.24764
6.323353e-008 1.06948
6.343353e-008 0.931029
6.363353e-008 0.968319
6.383353e-008 1.11333
6.403353e-008 1.2
6.423353e-008 1.18895
6.443353e-008 1.14751
6.463353e-008 1.11817
6.483353e-008 1.12265
6.503353e-008 1.15546
6.523353e-008 1.17514
6.543353e-008 1.15925
6.563353e-008 1.10401
6.583353e-008 1.01493
6.603353e-008 0.949329
6.623353e-008 1.00077
6.643353e-008 1.17065
6.663353e-008 1.32844
6.683353e-008 1.35537
6.703353e-008 1.2473
6.723353e-008 1.11782
6.743353e-008 1.08053
6.763353e-008 1.10056
6.783353e-008 1.12783
6.803353e-008 1.19413
6.823353e-008 1.24039
6.843353e-008 1.20069
6.863353e-008 1.12818
6.883353e-008 1.06499
6.903353e-008 1.04635
6.923353e-008 1.08226
6.943353e-008 1.09952
6.963353e-008 1.10263
6.983353e-008 1.17514
7.003353e-008 1.26491
7.023353e-008 1.21519
7.043353e-008 1.09123
7.063353e-008 1.10194
7.083353e-008 1.21484
7.103353e-008 1.31117
7.123353e-008 1.39093
7.143353e-008 1.40888
7.163353e-008 1.3129
7.183353e-008 1.22106
7.203353e-008 1.2359
7.223353e-008 1.23867
7.243353e-008 1.13301
7.263353e-008 1.06327
7.283353e-008 1.15407
7.303353e-008 1.22934
7.323353e-008 1.15476
7.343353e-008 1.06051
7.363353e-008 1.04704
7.383353e-008 1.11782
7.403353e-008 1.16616
7.423353e-008 1.11264
7.443353e-008 1.07915
7.463353e-008 1.07742
7.483353e-008 1.01113
7.503353e-008 0.933101
7.523353e-008 0.930339
7.543353e-008 0.977641
7.563353e-008 1.02494
7.583353e-008 1.07881
7.603353e-008 1.10332
7.623353e-008 1.05015
7.643353e-008 0.980748
7.663353e-008 0.977296
7.683353e-008 1.0429
7.703353e-008 1.13025
7.723353e-008 1.17997
7.743353e-008 1.17824
7.763353e-008 1.14061
7.783353e-008 1.07535
7.803353e-008 1.03357
7.823353e-008 1.04186
7.843353e-008 1.04704
7.863353e-008 1.06603
7.883353e-008 1.16927
7.903353e-008 1.30737
7.923353e-008 1.36158
7.943353e-008 1.30047
7.963353e-008 1.19861
7.983353e-008 1.15476
8.003353e-008 1.18584
8.023353e-008 1.19827
8.043353e-008 1.14613
8.063353e-008 1.09193
8.083353e-008 1.04911
8.103353e-008 0.997667
8.123353e-008 1.00492
8.143353e-008 1.1009
8.163353e-008 1.17341
8.183353e-008 1.16374
8.203353e-008 1.12611
8.223353e-008 1.0864
8.243353e-008 1.09676
8.263353e-008 1.17928
8.283353e-008 1.22451
8.303353e-008 1.1886
8.323353e-008 1.16236
8.343353e-008 1.22209
8.363353e-008 1.30599
8.383353e-008 1.26836
8.403353e-008 1.17237
8.423353e-008 1.18826
8.443353e-008 1.23867
8.463353e-008 1.1924
8.483353e-008 1.10436
8.503353e-008 1.05947
8.523353e-008 1.06361
8.543353e-008 1.08951
8.563353e-008 1.09572
8.583353e-008 1.05567
8.603353e-008 1.02943
8.623353e-008 1.07881
8.643353e-008 1.20241
8.663353e-008 1.31359
8.683353e-008 1.27561
8.703353e-008 1.11713
8.723353e-008 1.0467
8.743353e-008 1.14475
8.763353e-008 1.22071
8.783353e-008 1.18722
8.803353e-008 1.16202
8.823353e-008 1.15718
8.843353e-008 1.11989
8.863353e-008 1.08606
8.883353e-008 1.10988
8.903353e-008 1.15097
8.923353e-008 1.1337
8.943353e-008 1.06983
8.963353e-008 1.02253
8.983353e-008 1.00733
9.003353e-008 1.017
9.023353e-008 1.0681
9.043353e-008 1.13612
9.063353e-008 1.1741
9.083353e-008 1.10953
9.103353e-008 0.955544
9.123353e-008 0.960032
9.143353e-008 1.20069
9.163353e-008 1.36503
9.183353e-008 1.27941
9.203353e-008 1.14303
9.223353e-008 1.11057
9.243353e-008 1.12473
9.263353e-008 1.14786
9.283353e-008 1.18239
9.303353e-008 1.17548
9.323353e-008 1.13923
9.343353e-008 1.1413
9.363353e-008 1.15511
9.383353e-008 1.12507
9.403353e-008 1.08813
9.423353e-008 1.1192
9.443353e-008 1.23003
9.463353e-008 1.31014
9.483353e-008 1.23314
9.503353e-008 1.10436
9.523353e-008 1.09054
9.543353e-008 1.1413
9.563353e-008 1.2031
9.583353e-008 1.28217
9.603353e-008 1.32118
9.623353e-008 1.29702
9.643353e-008 1.23314
9.663353e-008 1.17755
9.683353e-008 1.15891
9.703353e-008 1.11644
9.723353e-008 1.07397
9.743353e-008 1.13957
9.763353e-008 1.25282
9.783353e-008 1.29943
9.803353e-008 1.287
9.823353e-008 1.23694
9.843353e-008 1.20345
9.863353e-008 1.24281
9.883353e-008 1.24488
9.903353e-008 1.16512
9.923353e-008 1.1268
9.943353e-008 1.18653
9.963353e-008 1.29494
9.983353e-008 1.3312
1.000335e-007 1.22969
1.002335e-007 1.08675
1.004335e-007 0.999048
1.006335e-007 0.985237
1.008335e-007 1.05118
1.010335e-007 1.15269
1.012335e-007 1.1741
1.014335e-007 1.09193
1.016335e-007 1.02632
1.018335e-007 1.08882
1.020335e-007 1.23003
1.022335e-007 1.27561
1.024335e-007 1.16547
1.026335e-007 1.01735
1.028335e-007 0.996631
1.030335e-007 1.12749
1.032335e-007 1.25179
1.034335e-007 1.30081
1.036335e-007 1.30945
1.038335e-007 1.24384
1.040335e-007 1.13267
1.042335e-007 1.08537
1.044335e-007 1.11851
1.046335e-007 1.17652
1.048335e-007 1.18273
1.050335e-007 1.11057
1.052335e-007 1.06327
1.054335e-007 1.08433
1.056335e-007 1.10643
1.058335e-007 1.1268
1.060335e-007 1.1482
1.062335e-007 1.13785
1.064335e-007 1.11644
1.066335e-007 1.10228
1.068335e-007 1.10505
1.070335e-007 1.16512
1.072335e-007 1.23867
1.074335e-007 1.23176
1.076335e-007 1.16063
1.078335e-007 1.09745
1.080335e-007 1.0795
1.082335e-007 1.11575
1.084335e-007 1.15476
1.086335e-007 1.12162
1.088335e-007 1.04255
1.090335e-007 1.00664
1.092335e-007 1.03323
1.094335e-007 1.09641
1.096335e-007 1.16202
1.098335e-007 1.18411
1.100335e-007 1.16996
1.102335e-007 1.1482
1.104335e-007 1.13577
1.106335e-007 1.18239
1.108335e-007 1.27872
1.110335e-007 1.3381
1.112335e-007 1.32498
1.114335e-007 1.23659
1.116335e-007 1.16892
1.118335e-007 1.24315
1.120335e-007 1.32326
1.122335e-007 1.26698
1.124335e-007 1.17721
1.126335e-007 1.11471
1.128335e-007 1.03668
1.130335e-007 0.996976
1.132335e-007 1.05326
1.134335e-007 1.11748
1.136335e-007 1.11782
1.138335e-007 1.10746
1.140335e-007 1.14924
1.142335e-007 1.27665
1.144335e-007 1.39231
1.146335e-007 1.36538
1.148335e-007 1.29598
1.150335e-007 1.28562
1.152335e-007 1.27388
1.154335e-007 1.26042
1.156335e-007 1.29253
1.158335e-007 1.32982
1.160335e-007 1.29805
1.162335e-007 1.20897
1.164335e-007 1.16927
1.166335e-007 1.23038
1.168335e-007 1.29598
1.170335e-007 1.27319
1.172335e-007 1.18895
1.174335e-007 1.1047
1.176335e-007 1.05118
1.178335e-007 1.0498
1.180335e-007 1.10953
1.182335e-007 1.17272
1.184335e-007 1.20552
1.186335e-007 1.25006
1.188335e-007 1.28838
1.190335e-007 1.26456
1.192335e-007 1.2328
1.194335e-007 1.27561
1.196335e-007 1.29011
1.198335e-007 1.18031
1.200335e-007 1.12783
1.202335e-007 1.19343
1.204335e-007 1.1665
1.206335e-007 1.05533
1.208335e-007 1.00699
1.210335e-007 1.00802
1.212335e-007 1.01182
1.214335e-007 0.967283
1.216335e-007 0.907206
1.218335e-007 0.924469
1.220335e-007 0.940006
1.222335e-007 0.904444
1.224335e-007 0.908932
1.226335e-007 0.934827
1.228335e-007 0.929994
1.230335e-007 0.951746
1.232335e-007 1.03806
1.234335e-007 1.12542
1.236335e-007 1.13577
1.238335e-007 1.09918
1.240335e-007 1.09676
1.242335e-007 1.10919
1.244335e-007 1.09158
1.246335e-007 1.08088
1.248335e-007 1.11678
1.250335e-007 1.15442
1.252335e-007 1.12127
1.254335e-007 1.0536
1.256335e-007 1.04324
1.258335e-007 1.05256
1.260335e-007 1.0246
1.262335e-007 1.03288
1.264335e-007 1.14475
1.266335e-007 1.29909
1.268335e-007 1.35571
1.270335e-007 1.27906
1.272335e-007 1.17134
1.274335e-007 1.12024
1.276335e-007 1.13957
1.278335e-007 1.19378
1.280335e-007 1.26939
1.282335e-007 1.3091
1.284335e-007 1.25351
1.286335e-007 1.17859
1.288335e-007 1.14164
1.290335e-007 1.15407
1.292335e-007 1.21346
1.294335e-007 1.23901
1.296335e-007 1.22658
1.298335e-007 1.21484
1.300335e-007 1.17237
1.302335e-007 1.12887
1.304335e-007 1.17272
1.306335e-007 1.26767
1.308335e-007 1.30496
1.310335e-007 1.32844
1.312335e-007 1.38023
1.314335e-007 1.38023
1.316335e-007 1.35088
1.318335e-007 1.33154
1.320335e-007 1.30289
1.322335e-007 1.29909
1.324335e-007 1.25317
1.326335e-007 1.13957
1.328335e-007 1.12783
1.330335e-007 1.229
1.332335e-007 1.34121
1.334335e-007 1.4624
1.336335e-007 1.49934
1.338335e-007 1.37367
1.340335e-007 1.22209
1.342335e-007 1.19516
1.344335e-007 1.30254
1.346335e-007 1.42097
1.348335e-007 1.41096
1.350335e-007 1.335
1.352335e-007 1.3381
1.354335e-007 1.42097
1.356335e-007 1.51143
1.358335e-007 1.52351
1.360335e-007 1.44272
1.362335e-007 1.35882
1.364335e-007 1.34881
1.366335e-007 1.40612
1.368335e-007 1.43789
1.370335e-007 1.35122
1.372335e-007 1.16961
1.374335e-007 1.06327
1.376335e-007 1.14441
1.378335e-007 1.31462
1.380335e-007 1.40578
1.382335e-007 1.38886
1.384335e-007 1.37677
1.386335e-007 1.39266
1.388335e-007 1.36952
1.390335e-007 1.35502
1.392335e-007 1.41372
1.394335e-007 1.47103
1.396335e-007 1.43651
1.398335e-007 1.33983
1.400335e-007 1.29943
1.402335e-007 1.38471
1.404335e-007 1.50245
1.406335e-007 1.53249
1.408335e-007 1.5135
1.410335e-007 1.47794
1.412335e-007 1.4189
1.414335e-007 1.422
1.416335e-007 1.47587
1.418335e-007 1.44824
1.420335e-007 1.3533
1.422335e-007 1.33258
1.424335e-007 1.38092
1.426335e-007 1.36952
1.428335e-007 1.37988
1.430335e-007 1.56356
1.432335e-007 1.72101
1.434335e-007 1.64332
1.436335e-007 1.51039
1.438335e-007 1.47621
1.440335e-007 1.48864
1.442335e-007 1.55562
1.444335e-007 1.61674
1.446335e-007 1.60293
1.448335e-007 1.59982
1.450335e-007 1.57289
1.452335e-007 1.47725
1.454335e-007 1.44272
1.456335e-007 1.50867
1.458335e-007 1.59533
1.460335e-007 1.65472
1.462335e-007 1.63504
1.464335e-007 1.57634
1.466335e-007 1.63089
1.468335e-007 1.71376
1.470335e-007 1.66646
1.472335e-007 1.63227
1.474335e-007 1.68406
1.476335e-007 1.72377
1.478335e-007 1.76106
1.480335e-007 1.75036
1.482335e-007 1.66887
1.484335e-007 1.66749
1.486335e-007 1.74034
1.488335e-007 1.76313
1.490335e-007 1.76624
1.492335e-007 1.7179
1.494335e-007 1.56978
1.496335e-007 1.50383
1.498335e-007 1.58773
1.500335e-007 1.65817
1.502335e-007 1.63849
1.504335e-007 1.55459
1.506335e-007 1.50211
1.508335e-007 1.57945
1.510335e-007 1.69891
1.512335e-007 1.73206
1.514335e-007 1.71341
1.516335e-007 1.70961
1.518335e-007 1.68337
1.520335e-007 1.63158
1.522335e-007 1.6447
1.524335e-007 1.7438
1.526335e-007 1.80422
1.528335e-007 1.69131
1.530335e-007 1.5242
1.532335e-007 1.53145
1.534335e-007 1.62399
1.536335e-007 1.64816
1.538335e-007 1.6775
1.540335e-007 1.72515
1.542335e-007 1.74276
1.544335e-007 1.7652
1.546335e-007 1.75692
1.548335e-007 1.67025
1.550335e-007 1.61121
1.552335e-007 1.67681
1.554335e-007 1.8056
1.556335e-007 1.8567
1.558335e-007 1.75346
1.560335e-007 1.65955
1.562335e-007 1.74276
1.564335e-007 1.82424
1.566335e-007 1.79731
1.568335e-007 1.80456
1.570335e-007 1.84116
1.572335e-007 1.86119
1.574335e-007 1.88777
1.576335e-007 1.89088
1.578335e-007 1.86119
1.580335e-007 1.86153
1.582335e-007 1.90504
1.584335e-007 1.86464
1.586335e-007 1.74759
1.588335e-007 1.74483
1.590335e-007 1.88363
1.592335e-007 2.01621
1.594335e-007 2.03279
1.596335e-007 1.9841
1.598335e-007 1.96511
1.600335e-007 1.93335
1.602335e-007 1.86257
1.604335e-007 1.83805
1.606335e-007 1.83253
1.608335e-007 1.78281
1.610335e-007 1.74483
1.612335e-007 1.72791
1.614335e-007 1.72342
1.616335e-007 1.79248
1.618335e-007 1.89364
1.620335e-007 1.92506
1.622335e-007 1.93404
1.624335e-007 1.99412
1.626335e-007 2.06731
1.628335e-007 2.09286
1.630335e-007 2.06593
1.632335e-007 2.03866
1.634335e-007 2.02899
1.636335e-007 1.99135
1.638335e-007 1.9589
1.640335e-007 2.01587
1.642335e-007 2.04591
1.644335e-007 1.95855
1.646335e-007 1.9406
1.648335e-007 2.02208
1.650335e-007 2.01034
1.652335e-007 1.94302
1.654335e-007 1.94854
1.656335e-007 1.96373
1.658335e-007 1.94302
1.660335e-007 1.91954
1.662335e-007 1.89779
1.664335e-007 1.90883
1.666335e-007 1.95268
1.668335e-007 2.0176
1.670335e-007 2.11185
1.672335e-007 2.16572
1.674335e-007 2.17366
1.676335e-007 2.1709
1.678335e-007 2.09217
1.680335e-007 1.96822
1.682335e-007 1.93231
1.684335e-007 1.99515
1.686335e-007 2.05868
1.688335e-007 2.07836
1.690335e-007 2.11876
1.692335e-007 2.18194
1.694335e-007 2.13533
1.696335e-007 1.9993
1.698335e-007 1.94923
1.700335e-007 1.98031
1.702335e-007 1.99377
1.704335e-007 2.00758
1.706335e-007 2.06283
1.708335e-007 2.13188
1.710335e-007 2.13602
1.712335e-007 2.08147
1.714335e-007 2.07387
1.716335e-007 2.13533
1.718335e-007 2.18988
1.720335e-007 2.18643
1.722335e-007 2.14535
1.724335e-007 2.1122
1.726335e-007 2.116
1.728335e-007 2.16054
1.730335e-007 2.17366
1.732335e-007 2.10737
1.734335e-007 2.05937
1.736335e-007 2.11082
1.738335e-007 2.11151
1.740335e-007 1.94958
1.742335e-007 1.87327
1.744335e-007 2.04763
1.746335e-007 2.2724
1.748335e-007 2.33835
1.750335e-007 2.25238
1.752335e-007 2.18367
1.754335e-007 2.23719
1.756335e-007 2.27793
1.758335e-007 2.16123
1.760335e-007 2.04245
1.762335e-007 2.09977
1.764335e-007 2.19196
1.766335e-007 2.16641
1.768335e-007 2.10391
1.770335e-007 2.13809
1.772335e-007 2.24824
1.774335e-007 2.30451
1.776335e-007 2.29588
1.778335e-007 2.29761
1.780335e-007 2.28138
1.782335e-007 2.19852
1.784335e-007 2.14327
1.786335e-007 2.18643
1.788335e-007 2.26274
1.790335e-007 2.34767
1.792335e-007 2.42709
1.794335e-007 2.4478
1.796335e-007 2.41776
1.798335e-007 2.35872
1.800335e-007 2.32799
1.802335e-007 2.35976
1.804335e-007 2.36943
1.806335e-007 2.34905
1.808335e-007 2.36148
1.810335e-007 2.35147
1.812335e-007 2.28863
1.814335e-007 2.24893
1.816335e-007 2.2579
1.818335e-007 2.29519
1.820335e-007 2.34733
1.822335e-007 2.34077
1.824335e-007 2.28829
1.826335e-007 2.30659
1.828335e-007 2.32109
1.830335e-007 2.26343
1.832335e-007 2.29312
1.834335e-007 2.39049
1.836335e-007 2.4112
1.838335e-007 2.42778
1.840335e-007 2.45056
1.842335e-007 2.39877
1.844335e-007 2.35113
1.846335e-007 2.39808
1.848335e-007 2.47335
1.850335e-007 2.48095
1.852335e-007 2.42467
1.854335e-007 2.33973
1.856335e-007 2.2655
1.858335e-007 2.2472
1.860335e-007 2.29795
1.862335e-007 2.36356
1.864335e-007 2.33421
1.866335e-007 2.25825
1.868335e-007 2.25583
1.870335e-007 2.25963
1.872335e-007 2.23788
1.874335e-007 2.30521
1.876335e-007 2.41293
1.878335e-007 2.43572
1.880335e-007 2.45022
1.882335e-007 2.49372
1.884335e-007 2.49338
1.886335e-007 2.46714
1.888335e-007 2.42674
1.890335e-007 2.37875
1.892335e-007 2.37599
1.894335e-007 2.39118
1.896335e-007 2.37426
1.898335e-007 2.36252
1.900335e-007 2.37633
1.902335e-007 2.37391
1.904335e-007 2.38945
1.906335e-007 2.49407
1.908335e-007 2.6339
1.910335e-007 2.68776
1.912335e-007 2.62631
1.914335e-007 2.5462
1.916335e-007 2.50995
1.918335e-007 2.44849
1.920335e-007 2.39394
1.922335e-007 2.40741
1.924335e-007 2.39739
1.926335e-007 2.38703
1.928335e-007 2.45298
1.930335e-007 2.51202
1.932335e-007 2.50788
1.934335e-007 2.50891
1.936335e-007 2.55656
1.938335e-007 2.58315
1.940335e-007 2.57521
1.942335e-007 2.60766
1.944335e-007 2.66636
1.946335e-007 2.67464
1.948335e-007 2.62423
1.950335e-007 2.56243
1.952335e-007 2.57037
1.954335e-007 2.6812
1.956335e-007 2.7475
1.958335e-007 2.67568
1.960335e-007 2.60835
1.962335e-007 2.65704
1.964335e-007 2.7399
1.966335e-007 2.72678
1.968335e-007 2.64978
1.970335e-007 2.60904
1.972335e-007 2.57866
1.974335e-007 2.57003
1.976335e-007 2.60939
1.978335e-007 2.60317
1.980335e-007 2.5538
1.982335e-007 2.56209
1.984335e-007 2.59351
1.986335e-007 2.56727
1.988335e-007 2.56865
1.990335e-007 2.7216
1.992335e-007 2.92566
1.994335e-007 2.98435
1.996335e-007 2.93498
1.998335e-007 2.88112
2.000335e-007 2.79549
2.002335e-007 2.71815
2.004335e-007 2.67741
2.006335e-007 2.66705
2.008335e-007 2.67568
2.010335e-007 2.62665
2.012335e-007 2.59558
2.014335e-007 2.63528
2.016335e-007 2.6484
2.018335e-007 2.65876
2.020335e-007 2.65911
2.022335e-007 2.61215
2.024335e-007 2.66152
2.026335e-007 2.78306
2.028335e-007 2.7727
2.030335e-007 2.72643
2.032335e-007 2.86005
2.034335e-007 3.0427
2.036335e-007 3.01197
2.038335e-007 2.81897
2.040335e-007 2.71504
2.042335e-007 2.76994
2.044335e-007 2.83174
2.046335e-007 2.81897
2.048335e-007 2.83727
2.050335e-007 2.88284
2.052335e-007 2.83727
2.054335e-007 2.7506
2.056335e-007 2.70641
2.058335e-007 2.67741
2.060335e-007 2.70261
2.062335e-007 2.80757
2.064335e-007 2.84486
2.066335e-007 2.7872
2.068335e-007 2.80101
2.070335e-007 2.8932
2.072335e-007 2.99471
2.074335e-007 3.07274
2.076335e-007 3.02233
2.078335e-007 2.90321
2.080335e-007 2.90459
2.082335e-007 2.93636
2.084335e-007 2.86627
2.086335e-007 2.7872
2.088335e-007 2.74266
2.090335e-007 2.73196
2.092335e-007 2.79652
2.094335e-007 2.87594
2.096335e-007 2.87939
2.098335e-007 2.86454
2.100335e-007 2.93705
2.102335e-007 3.05513
2.104335e-007 3.05789
2.106335e-007 2.94188
2.108335e-007 2.88284
2.110335e-007 2.90459
2.112335e-007 2.96295
2.114335e-007 3.08206
2.116335e-007 3.11383
2.118335e-007 2.97399
2.120335e-007 2.89631
2.122335e-007 2.95397
2.124335e-007 2.97607
2.126335e-007 2.91633
2.128335e-007 2.85695
2.130335e-007 2.90252
2.132335e-007 3.02509
2.134335e-007 3.05997
2.136335e-007 3.00679
2.138335e-007 2.95811
2.140335e-007 2.86351
2.142335e-007 2.77063
2.144335e-007 2.82587
2.146335e-007 2.91944
2.148335e-007 2.92876
2.150335e-007 2.93222
2.152335e-007 2.97676
2.154335e-007 3.06756
2.156335e-007 3.13731
2.158335e-007 3.14041
2.160335e-007 3.13006
2.162335e-007 3.06204
2.164335e-007 2.96605
2.166335e-007 2.96847
2.168335e-007 3.02371
2.170335e-007 3.00645
2.172335e-007 2.91461
2.174335e-007 2.90218
2.176335e-007 3.01784
2.178335e-007 3.10312
2.180335e-007 3.13351
2.182335e-007 3.20394
2.184335e-007 3.20912
2.186335e-007 3.04443
2.188335e-007 2.88975
2.190335e-007 2.95086
2.192335e-007 3.14318
2.194335e-007 3.21499
2.196335e-007 3.10623
2.198335e-007 3.01577
2.200335e-007 3.07032
2.202335e-007 3.18392
2.204335e-007 3.23329
2.206335e-007 3.14525
2.208335e-007 3.00231
2.210335e-007 2.99747
2.212335e-007 3.12142
2.214335e-007 3.17252
2.216335e-007 3.11176
2.218335e-007 3.06549
2.220335e-007 3.07309
2.222335e-007 3.13454
2.224335e-007 3.23847
2.226335e-007 3.31788
2.228335e-007 3.2982
2.230335e-007 3.17874
2.232335e-007 3.09242
2.234335e-007 3.11659
2.236335e-007 3.16355
2.238335e-007 3.15733
2.240335e-007 3.11694
2.242335e-007 3.12867
2.244335e-007 3.22362
2.246335e-007 3.30511
2.248335e-007 3.29924
2.250335e-007 3.21603
2.252335e-007 3.11555
2.254335e-007 3.08931
2.256335e-007 3.12488
2.258335e-007 3.14387
2.260335e-007 3.16907
2.262335e-007 3.23744
2.264335e-007 3.30718
2.266335e-007 3.35068
2.268335e-007 3.39695
2.270335e-007 3.44287
2.272335e-007 3.44356
2.274335e-007 3.42837
2.276335e-007 3.44598
2.278335e-007 3.44701
2.280335e-007 3.3638
2.282335e-007 3.26989
2.284335e-007 3.28957
2.286335e-007 3.3607
2.288335e-007 3.3752
2.290335e-007 3.33307
2.292335e-007 3.23916
2.294335e-007 3.16804
2.296335e-007 3.20912
2.298335e-007 3.28992
2.300335e-007 3.31132
2.302335e-007 3.2799
2.304335e-007 3.23087
2.306335e-007 3.22604
2.308335e-007 3.32859
2.310335e-007 3.4515
2.312335e-007 3.48914
2.314335e-007 3.52608
2.316335e-007 3.55094
2.318335e-007 3.43804
2.320335e-007 3.31478
2.322335e-007 3.29233
2.324335e-007 3.27162
2.326335e-007 3.24676
2.328335e-007 3.27783
2.330335e-007 3.31857
2.332335e-007 3.33169
2.334335e-007 3.34378
2.336335e-007 3.31201
2.338335e-007 3.19876
2.340335e-007 3.11728
2.342335e-007 3.20567
2.344335e-007 3.39315
2.346335e-007 3.45565
2.348335e-007 3.39004
2.350335e-007 3.38314
2.352335e-007 3.43942
2.354335e-007 3.4484
2.356335e-007 3.38728
2.358335e-007 3.28819
2.360335e-007 3.26575
2.362335e-007 3.36829
2.364335e-007 3.44184
2.366335e-007 3.42871
2.368335e-007 3.4118
2.370335e-007 3.36933
2.372335e-007 3.2951
2.374335e-007 3.2951
2.376335e-007 3.38659
2.378335e-007 3.4484
2.380335e-007 3.44736
2.382335e-007 3.42733
2.384335e-007 3.4118
2.386335e-007 3.43562
2.388335e-007 3.45979
2.390335e-007 3.45875
2.392335e-007 3.49432
2.394335e-007 3.55094
2.396335e-007 3.56889
2.398335e-007 3.55508
2.400335e-007 3.53506
2.402335e-007 3.51158
2.404335e-007 3.46704
2.406335e-007 3.36139
2.408335e-007 3.24227
2.410335e-007 3.20532
2.412335e-007 3.25435
2.414335e-007 3.34654
2.416335e-007 3.45737
2.418335e-007 3.55094
2.420335e-007 3.57856
2.422335e-007 3.57925
2.424335e-007 3.6162
2.426335e-007 3.66212
2.428335e-007 3.67558
2.430335e-007 3.64278
2.432335e-007 3.62794
2.434335e-007 3.70079
2.436335e-007 3.78469
2.438335e-007 3.83026
2.440335e-007 3.87239
2.442335e-007 3.81852
2.444335e-007 3.61136
2.446335e-007 3.4736
2.448335e-007 3.57615
2.450335e-007 3.72081
2.452335e-007 3.707
2.454335e-007 3.60929
2.456335e-007 3.53057
2.458335e-007 3.49501
2.460335e-007 3.49742
2.462335e-007 3.50847
2.464335e-007 3.4995
2.466335e-007 3.47049
2.468335e-007 3.47498
2.470335e-007 3.56337
2.472335e-007 3.67835
2.474335e-007 3.69699
2.476335e-007 3.59893
2.478335e-007 3.47464
2.480335e-007 3.43527
2.482335e-007 3.55129
2.484335e-007 3.7108
2.486335e-007 3.73324
2.488335e-007 3.65383
2.490335e-007 3.60135
2.492335e-007 3.59134
2.494335e-007 3.61516
2.496335e-007 3.66902
2.498335e-007 3.68974
2.500335e-007 3.66695
2.502335e-007 3.67524
2.504335e-007 3.71943
2.506335e-007 3.72047
2.508335e-007 3.65003
2.510335e-007 3.5834
2.512335e-007 3.57511
2.514335e-007 3.60515
2.516335e-007 3.64934
2.518335e-007 3.68594
2.520335e-007 3.71598
