-2.29399e-008 2.26064
-2.27399e-008 2.26064
-2.25399e-008 2.26064
-2.23399e-008 2.26063
-2.21399e-008 2.26063
-2.19399e-008 2.26064
-2.17399e-008 2.26064
-2.15399e-008 2.26064
-2.13399e-008 2.26064
-2.11399e-008 2.26064
-2.09399e-008 2.26064
-2.07399e-008 2.26064
-2.05399e-008 2.26064
-2.03399e-008 2.26064
-2.01399e-008 2.26064
-1.99399e-008 2.26064
-1.97399e-008 2.26064
-1.95399e-008 2.26064
-1.93399e-008 2.26064
-1.91399e-008 2.26064
-1.89399e-008 2.26064
-1.87399e-008 2.26064
-1.85399e-008 2.26064
-1.83399e-008 2.26064
-1.81399e-008 2.26064
-1.79399e-008 2.26064
-1.77399e-008 2.26064
-1.75399e-008 2.26064
-1.73399e-008 2.26064
-1.71399e-008 2.26064
-1.69399e-008 2.26064
-1.67399e-008 2.26064
-1.65399e-008 2.26064
-1.63399e-008 2.26064
-1.61399e-008 2.26064
-1.59399e-008 2.26064
-1.57399e-008 2.26064
-1.55399e-008 2.26064
-1.53399e-008 2.26064
-1.51399e-008 2.26064
-1.49399e-008 2.26064
-1.47399e-008 2.26064
-1.45399e-008 2.26064
-1.43399e-008 2.26064
-1.41399e-008 2.26064
-1.39399e-008 2.26064
-1.37399e-008 2.26064
-1.35399e-008 2.26064
-1.33399e-008 2.26064
-1.31399e-008 2.26064
-1.29399e-008 2.26064
-1.27399e-008 2.26064
-1.25399e-008 2.26064
-1.23399e-008 2.26064
-1.21399e-008 2.26064
-1.19399e-008 2.26064
-1.17399e-008 2.26064
-1.15399e-008 2.26064
-1.13399e-008 2.26064
-1.11399e-008 2.26064
-1.09399e-008 2.26064
-1.07399e-008 2.26064
-1.05399e-008 2.26064
-1.03399e-008 2.26064
-1.01399e-008 2.26064
-9.93992e-009 2.26064
-9.73992e-009 2.26064
-9.53992e-009 2.26064
-9.33992e-009 2.26064
-9.13992e-009 2.26064
-8.93992e-009 2.26064
-8.73992e-009 2.26064
-8.53992e-009 2.26064
-8.33992e-009 2.26064
-8.13992e-009 2.26064
-7.93992e-009 2.26064
-7.73992e-009 2.26064
-7.53992e-009 2.26064
-7.33992e-009 2.26064
-7.13992e-009 2.26064
-6.93992e-009 2.26064
-6.73992e-009 2.26064
-6.53992e-009 2.26064
-6.33992e-009 2.26064
-6.13992e-009 2.26064
-5.93992e-009 2.26064
-5.73992e-009 2.26064
-5.53992e-009 2.26064
-5.33992e-009 2.26064
-5.13992e-009 2.26064
-4.93992e-009 2.26064
-4.73992e-009 2.26064
-4.53992e-009 2.26064
-4.33992e-009 2.26064
-4.13992e-009 2.26064
-3.93992e-009 2.26064
-3.73992e-009 2.26064
-3.53992e-009 2.26064
-3.33992e-009 2.26064
-3.13992e-009 2.26064
-2.93992e-009 2.26064
-2.73992e-009 2.26064
-2.53992e-009 2.26064
-2.33992e-009 2.26064
-2.13992e-009 2.26064
-1.93992e-009 2.26064
-1.73992e-009 2.26064
-1.53992e-009 2.26064
-1.33992e-009 2.26064
-1.13992e-009 2.26064
-9.39924e-010 2.26064
-7.39924e-010 2.26064
-5.39924e-010 2.26064
-3.39924e-010 2.25437
-1.39924e-010 2.21049
6.0076e-011 2.09347
2.60076e-010 1.93688
4.60076e-010 1.82997
6.60076e-010 1.81148
8.60076e-010 1.84424
1.06008e-009 1.87768
1.26008e-009 1.88732
1.46008e-009 1.87569
1.66008e-009 1.85969
1.86008e-009 1.84917
2.06008e-009 1.84118
2.26008e-009 1.83657
2.46008e-009 1.84191
2.66008e-009 1.85499
2.86008e-009 1.8686
3.06008e-009 1.8826
3.26008e-009 1.89871
3.46008e-009 1.91706
3.66008e-009 1.93869
3.86008e-009 1.96072
4.06008e-009 1.97793
4.26008e-009 1.9899
4.46008e-009 1.99964
4.66008e-009 2.00901
4.86008e-009 2.01781
5.06008e-009 2.0251
5.26008e-009 2.03235
5.46008e-009 2.04092
5.66008e-009 2.04557
5.86008e-009 2.04319
6.06008e-009 2.04013
6.26008e-009 2.042
6.46008e-009 2.04641
6.66008e-009 2.0477
6.86008e-009 2.04551
7.06008e-009 2.04251
7.26008e-009 2.03959
7.46008e-009 2.03661
7.66008e-009 2.03272
7.86008e-009 2.0302
8.06008e-009 2.03092
8.26008e-009 2.02978
8.46008e-009 2.02387
8.66008e-009 2.01735
8.86008e-009 2.01204
9.06008e-009 2.00585
9.26008e-009 1.99699
9.46008e-009 1.98429
9.66008e-009 1.97039
9.86008e-009 1.96176
1.00601e-008 1.96043
1.02601e-008 1.96404
1.04601e-008 1.96931
1.06601e-008 1.97304
1.08601e-008 1.97662
1.10601e-008 1.98021
1.12601e-008 1.98081
1.14601e-008 1.97982
1.16601e-008 1.97801
1.18601e-008 1.97123
1.20601e-008 1.96024
1.22601e-008 1.95204
1.24601e-008 1.94754
1.26601e-008 1.944
1.28601e-008 1.94306
1.30601e-008 1.94497
1.32601e-008 1.94477
1.34601e-008 1.94124
1.36601e-008 1.93934
1.38601e-008 1.93806
1.40601e-008 1.93356
1.42601e-008 1.92805
1.44601e-008 1.9223
1.46601e-008 1.91481
1.48601e-008 1.90787
1.50601e-008 1.90312
1.52601e-008 1.89885
1.54601e-008 1.89507
1.56601e-008 1.89299
1.58601e-008 1.89215
1.60601e-008 1.89004
1.62601e-008 1.88519
1.64601e-008 1.88017
1.66601e-008 1.8774
1.68601e-008 1.87594
1.70601e-008 1.87356
1.72601e-008 1.87073
1.74601e-008 1.86839
1.76601e-008 1.86364
1.78601e-008 1.85594
1.80601e-008 1.85166
1.82601e-008 1.85448
1.84601e-008 1.85785
1.86601e-008 1.85431
1.88601e-008 1.84567
1.90601e-008 1.83973
1.92601e-008 1.83962
1.94601e-008 1.84011
1.96601e-008 1.83713
1.98601e-008 1.83401
2.00601e-008 1.83539
2.02601e-008 1.84156
2.04601e-008 1.84798
2.06601e-008 1.84882
2.08601e-008 1.84314
2.10601e-008 1.83618
2.12601e-008 1.83232
2.14601e-008 1.83144
2.16601e-008 1.83178
2.18601e-008 1.83127
2.20601e-008 1.82903
2.22601e-008 1.8271
2.24601e-008 1.82749
2.26601e-008 1.82909
2.28601e-008 1.82888
2.30601e-008 1.82688
2.32601e-008 1.82359
2.34601e-008 1.818
2.36601e-008 1.81366
2.38601e-008 1.81355
2.40601e-008 1.81463
2.42601e-008 1.81519
2.44601e-008 1.81661
2.46601e-008 1.81803
2.48601e-008 1.8172
2.50601e-008 1.81481
2.52601e-008 1.81269
2.54601e-008 1.81172
2.56601e-008 1.81235
2.58601e-008 1.81421
2.60601e-008 1.81542
2.62601e-008 1.81517
2.64601e-008 1.81389
2.66601e-008 1.81085
2.68601e-008 1.80699
2.70601e-008 1.80563
2.72601e-008 1.80811
