-2.29765e-008 10.0237
-2.27765e-008 10.0717
-2.25765e-008 10.1169
-2.23765e-008 10.062
-2.21765e-008 9.89701
-2.19765e-008 9.79619
-2.17765e-008 9.85247
-2.15765e-008 9.94707
-2.13765e-008 9.9015
-2.11765e-008 9.76581
-2.09765e-008 9.80379
-2.07765e-008 9.9633
-2.05765e-008 9.97815
-2.03765e-008 9.94845
-2.01765e-008 10.0469
-1.99765e-008 10.1577
-1.97765e-008 10.148
-1.95765e-008 10.0531
-1.93765e-008 10.0054
-1.91765e-008 10.0451
-1.89765e-008 10.0513
-1.87765e-008 9.98298
-1.85765e-008 9.94742
-1.83765e-008 9.98194
-1.81765e-008 10.0375
-1.79765e-008 10.1301
-1.77765e-008 10.2195
-1.75765e-008 10.1746
-1.73765e-008 10.0752
-1.71765e-008 10.0924
-1.69765e-008 10.1553
-1.67765e-008 10.1239
-1.65765e-008 10.0579
-1.63765e-008 10.0486
-1.61765e-008 10.0576
-1.59765e-008 10.0838
-1.57765e-008 10.1328
-1.55765e-008 10.0969
-1.53765e-008 9.98022
-1.51765e-008 9.92187
-1.49765e-008 9.94293
-1.47765e-008 9.95709
-1.45765e-008 9.974
-1.43765e-008 10.0734
-1.41765e-008 10.1787
-1.39765e-008 10.1684
-1.37765e-008 10.0748
-1.35765e-008 10.0065
-1.33765e-008 10.0161
-1.31765e-008 10.0527
-1.29765e-008 10.0593
-1.27765e-008 10.0596
-1.25765e-008 10.0911
-1.23765e-008 10.1239
-1.21765e-008 10.1239
-1.19765e-008 10.1456
-1.17765e-008 10.187
-1.15765e-008 10.1497
-1.13765e-008 10.0569
-1.11765e-008 10.0182
-1.09765e-008 10.0589
-1.07765e-008 10.1169
-1.05765e-008 10.0772
-1.03765e-008 9.92394
-1.01765e-008 9.82174
-9.9765e-009 9.89563
-9.7765e-009 10.0406
-9.5765e-009 10.0824
-9.3765e-009 10.0572
-9.1765e-009 10.1252
-8.9765e-009 10.2247
-8.7765e-009 10.1463
-8.5765e-009 9.96503
-8.3765e-009 9.96675
-8.1765e-009 10.1401
-7.9765e-009 10.2264
-7.7765e-009 10.1601
-7.5765e-009 10.0897
-7.3765e-009 10.0814
-7.1765e-009 10.0365
-6.9765e-009 9.91289
-6.7765e-009 9.83175
-6.5765e-009 9.89079
-6.3765e-009 9.98056
-6.1765e-009 9.99817
-5.9765e-009 10.0172
-5.7765e-009 10.042
-5.5765e-009 10.0441
-5.3765e-009 10.0693
-5.1765e-009 10.089
-4.9765e-009 10.0648
-4.7765e-009 10.0393
-4.5765e-009 10.0071
-4.3765e-009 9.97159
-4.1765e-009 10.0141
-3.9765e-009 10.0731
-3.7765e-009 10.0551
-3.5765e-009 10.0179
-3.3765e-009 10.0134
-3.1765e-009 10.0141
-2.9765e-009 9.94949
-2.7765e-009 9.8283
-2.5765e-009 9.78859
-2.3765e-009 9.90391
-2.1765e-009 10.0199
-1.9765e-009 9.98402
-1.7765e-009 9.83486
-1.5765e-009 9.47302
-1.3765e-009 8.74691
-1.1765e-009 7.78326
-9.76502e-010 6.6677
-7.76502e-010 5.33426
-5.76502e-010 3.98425
-3.76502e-010 3.01957
-1.76502e-010 2.50339
2.34978e-011 2.20784
2.23498e-010 2.02346
4.23498e-010 1.88708
6.23498e-010 1.69062
8.23498e-010 1.43754
1.0235e-009 1.27561
1.2235e-009 1.2618
1.4235e-009 1.27561
1.6235e-009 1.27975
1.8235e-009 1.30876
2.0235e-009 1.30668
2.2235e-009 1.27354
2.4235e-009 1.30772
2.6235e-009 1.41855
2.8235e-009 1.51972
3.0235e-009 1.55908
3.2235e-009 1.49555
3.4235e-009 1.36434
3.6235e-009 1.32188
3.8235e-009 1.40716
4.0235e-009 1.52455
4.2235e-009 1.59809
4.4235e-009 1.53974
4.6235e-009 1.36572
4.8235e-009 1.28562
5.0235e-009 1.36296
5.2235e-009 1.42442
5.4235e-009 1.4037
5.6235e-009 1.34397
5.8235e-009 1.26767
6.0235e-009 1.2511
6.2235e-009 1.32602
6.4235e-009 1.38817
6.6235e-009 1.38195
6.8235e-009 1.38126
7.0235e-009 1.42891
7.2235e-009 1.45653
7.4235e-009 1.41579
7.6235e-009 1.40405
7.8235e-009 1.47034
8.0235e-009 1.48519
8.2235e-009 1.4006
8.4235e-009 1.32429
8.6235e-009 1.27457
8.8235e-009 1.18446
9.0235e-009 1.14717
9.2235e-009 1.20932
9.4235e-009 1.17583
9.6235e-009 1.05326
9.8235e-009 1.06879
1.00235e-008 1.17237
1.02235e-008 1.17652
1.04235e-008 1.12991
1.06235e-008 1.16996
1.08235e-008 1.31014
1.10235e-008 1.40785
1.12235e-008 1.32636
1.14235e-008 1.19067
1.16235e-008 1.19861
1.18235e-008 1.27008
1.20235e-008 1.24384
1.22235e-008 1.18722
1.24235e-008 1.25593
1.26235e-008 1.39749
1.28235e-008 1.38679
1.30235e-008 1.20276
1.32235e-008 1.08226
1.34235e-008 1.10746
1.36235e-008 1.14337
1.38235e-008 1.14268
1.40235e-008 1.12991
1.42235e-008 1.06154
1.44235e-008 0.966247
1.46235e-008 0.957961
1.48235e-008 1.04221
1.50235e-008 1.12576
1.52235e-008 1.12369
1.54235e-008 1.07328
1.56235e-008 1.08122
1.58235e-008 1.08019
1.60235e-008 0.988344
1.62235e-008 0.935173
1.64235e-008 0.994214
1.66235e-008 1.04186
1.68235e-008 0.991452
1.70235e-008 0.92585
1.72235e-008 0.977641
1.74235e-008 1.11575
1.76235e-008 1.20828
1.78235e-008 1.25662
1.80235e-008 1.28769
1.82235e-008 1.18584
1.84235e-008 1.00975
1.86235e-008 1.04186
1.88235e-008 1.25558
1.90235e-008 1.35571
1.92235e-008 1.24799
1.94235e-008 1.06085
1.96235e-008 0.973498
1.98235e-008 1.01907
2.00235e-008 1.04946
2.02235e-008 1.01907
2.04235e-008 0.998702
2.06235e-008 1.00388
2.08235e-008 1.05567
2.10235e-008 1.16927
2.12235e-008 1.24419
2.14235e-008 1.17583
2.16235e-008 1.05222
2.18235e-008 1.03668
2.20235e-008 1.10712
2.22235e-008 1.16581
2.24235e-008 1.20345
2.26235e-008 1.24108
2.28235e-008 1.29667
2.30235e-008 1.31428
2.32235e-008 1.25766
2.34235e-008 1.20069
2.36235e-008 1.12611
2.38235e-008 1.03185
2.40235e-008 1.0467
2.42235e-008 1.10539
2.44235e-008 1.04117
2.46235e-008 0.954163
2.48235e-008 0.982129
2.50235e-008 1.05429
2.52235e-008 1.08778
2.54235e-008 1.06327
2.56235e-008 1.03392
2.58235e-008 1.08847
2.60235e-008 1.10608
2.62235e-008 0.949674
2.64235e-008 0.825377
2.66235e-008 0.916528
2.68235e-008 1.0429
2.70235e-008 1.06016
2.72235e-008 1.05567
