-2.480284e-007 10.0313
-2.478284e-007 10.0759
-2.476284e-007 10.062
-2.474284e-007 9.92187
-2.472284e-007 9.79239
-2.470284e-007 9.83141
-2.468284e-007 9.94189
-2.466284e-007 10.0054
-2.464284e-007 10.0862
-2.462284e-007 10.1819
-2.460284e-007 10.2202
-2.458284e-007 10.2012
-2.456284e-007 10.1294
-2.454284e-007 10.0472
-2.452284e-007 10.0227
-2.450284e-007 10.0527
-2.448284e-007 10.1021
-2.446284e-007 10.1073
-2.444284e-007 10.0158
-2.442284e-007 9.92912
-2.440284e-007 9.98747
-2.438284e-007 10.1125
-2.436284e-007 10.1318
-2.434284e-007 10.051
-2.432284e-007 9.97642
-2.430284e-007 9.98091
-2.428284e-007 10.0614
-2.426284e-007 10.1073
-2.424284e-007 10.0828
-2.422284e-007 10.071
-2.420284e-007 10.0993
-2.418284e-007 10.1235
-2.416284e-007 10.1211
-2.414284e-007 10.1342
-2.412284e-007 10.1511
-2.410284e-007 10.0869
-2.408284e-007 9.93879
-2.406284e-007 9.83555
-2.404284e-007 9.87353
-2.402284e-007 9.96296
-2.400284e-007 9.99886
-2.398284e-007 10.023
-2.396284e-007 10.0652
-2.394284e-007 10.05
-2.392284e-007 9.98678
-2.390284e-007 9.96088
-2.388284e-007 9.9526
-2.386284e-007 9.91358
-2.384284e-007 9.85868
-2.382284e-007 9.8535
-2.380284e-007 9.93602
-2.378284e-007 10.0299
-2.376284e-007 10.0759
-2.374284e-007 10.071
-2.372284e-007 10.0013
-2.370284e-007 9.94742
-2.368284e-007 10.0089
-2.366284e-007 10.08
-2.364284e-007 10.0807
-2.362284e-007 10.1004
-2.360284e-007 10.1422
-2.358284e-007 10.1494
-2.356284e-007 10.1045
-2.354284e-007 10.0113
-2.352284e-007 9.95225
-2.350284e-007 10.0296
-2.348284e-007 10.1839
-2.346284e-007 10.1853
-2.344284e-007 10.0448
-2.342284e-007 9.98989
-2.340284e-007 10.022
-2.338284e-007 10.0707
-2.336284e-007 10.1066
-2.334284e-007 10.0696
-2.332284e-007 9.99092
-2.330284e-007 9.93464
-2.328284e-007 9.89908
-2.326284e-007 9.9046
-2.324284e-007 9.99437
-2.322284e-007 10.0765
-2.320284e-007 10.0396
-2.318284e-007 9.95639
-2.316284e-007 9.92152
-2.314284e-007 9.92808
-2.312284e-007 9.97297
-2.310284e-007 10.0831
-2.308284e-007 10.2468
-2.306284e-007 10.33
-2.304284e-007 10.2371
-2.302284e-007 10.1256
-2.300284e-007 10.1125
-2.298284e-007 10.1021
-2.296284e-007 10.0344
-2.294284e-007 9.95985
-2.292284e-007 9.94742
-2.290284e-007 10.0009
-2.288284e-007 10.0324
-2.286284e-007 9.97987
-2.284284e-007 9.93015
-2.282284e-007 9.97677
-2.280284e-007 10.0855
-2.278284e-007 10.1591
-2.276284e-007 10.1135
-2.274284e-007 10.031
-2.272284e-007 10.0213
-2.270284e-007 9.9923
-2.268284e-007 9.91738
-2.266284e-007 9.97849
-2.264284e-007 10.1784
-2.262284e-007 10.2557
-2.260284e-007 10.1459
-2.258284e-007 10.0534
-2.256284e-007 10.0859
-2.254284e-007 10.1601
-2.252284e-007 10.1163
-2.250284e-007 9.95536
-2.248284e-007 9.89597
-2.246284e-007 9.99852
-2.244284e-007 10.0721
-2.242284e-007 10.0472
-2.240284e-007 9.99334
-2.238284e-007 9.92049
-2.236284e-007 9.87077
-2.234284e-007 9.86732
-2.232284e-007 9.87111
-2.230284e-007 9.93741
-2.228284e-007 10.0572
-2.226284e-007 10.0962
-2.224284e-007 10.0683
-2.222284e-007 10.0265
-2.220284e-007 9.96882
-2.218284e-007 9.98505
-2.216284e-007 10.0648
-2.214284e-007 10.0955
-2.212284e-007 10.0558
-2.210284e-007 9.94604
-2.208284e-007 9.83659
-2.206284e-007 9.82657
-2.204284e-007 9.88113
-2.202284e-007 9.93292
-2.200284e-007 9.9961
-2.198284e-007 10.0879
-2.196284e-007 10.0983
-2.194284e-007 9.97228
-2.192284e-007 9.90599
-2.190284e-007 10.0058
-2.188284e-007 10.1259
-2.186284e-007 10.1725
-2.184284e-007 10.1591
-2.182284e-007 10.0866
-2.180284e-007 10.0244
-2.178284e-007 10.0617
-2.176284e-007 10.1056
-2.174284e-007 10.0292
-2.172284e-007 9.91151
-2.170284e-007 9.85627
-2.168284e-007 9.85627
-2.166284e-007 9.916
-2.164284e-007 9.96744
-2.162284e-007 9.93084
-2.160284e-007 9.89045
-2.158284e-007 9.91324
-2.156284e-007 9.95639
-2.154284e-007 9.98367
-2.152284e-007 10.0434
-2.150284e-007 10.1211
-2.148284e-007 10.0942
-2.146284e-007 10.0258
-2.144284e-007 10.0582
-2.142284e-007 10.148
-2.140284e-007 10.2084
-2.138284e-007 10.2088
-2.136284e-007 10.1242
-2.134284e-007 10.0096
-2.132284e-007 9.96813
-2.130284e-007 10.0147
-2.128284e-007 10.1076
-2.126284e-007 10.1432
-2.124284e-007 10.0469
-2.122284e-007 9.9488
-2.120284e-007 9.96226
-2.118284e-007 10.0431
-2.116284e-007 10.1283
-2.114284e-007 10.1508
-2.112284e-007 10.0973
-2.110284e-007 10.0513
-2.108284e-007 10.0776
-2.106284e-007 10.1235
-2.104284e-007 10.1176
-2.102284e-007 10.0886
-2.100284e-007 10.0824
-2.098284e-007 10.0686
-2.096284e-007 9.98885
-2.094284e-007 9.90081
-2.092284e-007 9.92083
-2.090284e-007 9.98989
-2.088284e-007 9.99299
-2.086284e-007 9.96917
-2.084284e-007 10.0058
-2.082284e-007 10.0817
-2.080284e-007 10.1156
-2.078284e-007 10.0465
-2.076284e-007 9.91427
-2.074284e-007 9.88423
-2.072284e-007 9.9305
-2.070284e-007 9.89873
-2.068284e-007 9.84833
-2.066284e-007 9.86559
-2.064284e-007 9.93257
-2.062284e-007 10.0023
-2.060284e-007 10.0355
-2.058284e-007 10.0886
-2.056284e-007 10.1629
-2.054284e-007 10.1266
-2.052284e-007 10.0558
-2.050284e-007 10.08
-2.048284e-007 10.0693
-2.046284e-007 10.0217
-2.044284e-007 10.0862
-2.042284e-007 10.1366
-2.040284e-007 10.0089
-2.038284e-007 9.83935
-2.036284e-007 9.78549
-2.034284e-007 9.84625
-2.032284e-007 9.93602
-2.030284e-007 9.95398
-2.028284e-007 9.94051
-2.026284e-007 9.96468
-2.024284e-007 9.98954
-2.022284e-007 10.0324
-2.020284e-007 10.0935
-2.018284e-007 10.0562
-2.016284e-007 9.94604
-2.014284e-007 9.9343
-2.012284e-007 9.99127
-2.010284e-007 9.95709
-2.008284e-007 9.90219
-2.006284e-007 9.95225
-2.004284e-007 10.032
-2.002284e-007 10.0614
-2.000284e-007 10.0223
-1.998284e-007 9.94604
-1.996284e-007 9.95674
-1.994284e-007 10.0306
-1.992284e-007 10.0172
-1.990284e-007 9.98574
-1.988284e-007 10.0258
-1.986284e-007 10.0289
-1.984284e-007 10.0251
-1.982284e-007 10.1442
-1.980284e-007 10.263
-1.978284e-007 10.2388
-1.976284e-007 10.1691
-1.974284e-007 10.1249
-1.972284e-007 10.0362
-1.970284e-007 9.94293
-1.968284e-007 9.96365
-1.966284e-007 10.0455
-1.964284e-007 10.0848
-1.962284e-007 10.0586
-1.960284e-007 9.97228
-1.958284e-007 9.92049
-1.956284e-007 9.97711
-1.954284e-007 10.0672
-1.952284e-007 10.0759
-1.950284e-007 9.99334
-1.948284e-007 9.95363
-1.946284e-007 10.0141
-1.944284e-007 10.0793
-1.942284e-007 10.0897
-1.940284e-007 10.0714
-1.938284e-007 10.0852
-1.936284e-007 10.1187
-1.934284e-007 10.0921
-1.932284e-007 9.99437
-1.930284e-007 9.93913
-1.928284e-007 9.97642
-1.926284e-007 9.97366
-1.924284e-007 9.91358
-1.922284e-007 9.89494
-1.920284e-007 9.89943
-1.918284e-007 9.92774
-1.916284e-007 9.94604
-1.914284e-007 9.87698
-1.912284e-007 9.82554
-1.910284e-007 9.85523
-1.908284e-007 9.90391
-1.906284e-007 10.0065
-1.904284e-007 10.1014
-1.902284e-007 10.0765
-1.900284e-007 10.0586
-1.898284e-007 10.0862
-1.896284e-007 10.0141
-1.894284e-007 9.93499
-1.892284e-007 9.97849
-1.890284e-007 10.0417
-1.888284e-007 10.0455
-1.886284e-007 10.0141
-1.884284e-007 10.0147
-1.882284e-007 10.0703
-1.880284e-007 10.1318
-1.878284e-007 10.1763
-1.876284e-007 10.1494
-1.874284e-007 10.0493
-1.872284e-007 10.0368
-1.870284e-007 10.1228
-1.868284e-007 10.1104
-1.866284e-007 9.98678
-1.864284e-007 9.96261
-1.862284e-007 10.0859
-1.860284e-007 10.1553
-1.858284e-007 10.1007
-1.856284e-007 10.0714
-1.854284e-007 10.127
-1.852284e-007 10.1335
-1.850284e-007 9.97262
-1.848284e-007 9.82934
-1.846284e-007 9.93671
-1.844284e-007 10.1411
-1.842284e-007 10.2005
-1.840284e-007 10.1283
-1.838284e-007 10.0009
-1.836284e-007 9.887
-1.834284e-007 9.89183
-1.832284e-007 9.9854
-1.830284e-007 10.0776
-1.828284e-007 10.1522
-1.826284e-007 10.147
-1.824284e-007 10.11
-1.822284e-007 10.1781
-1.820284e-007 10.2585
-1.818284e-007 10.2057
-1.816284e-007 10.0948
-1.814284e-007 10.0348
-1.812284e-007 9.98747
-1.810284e-007 9.93464
-1.808284e-007 9.93188
-1.806284e-007 9.9923
-1.804284e-007 10.0886
-1.802284e-007 10.1328
-1.800284e-007 10.071
-1.798284e-007 9.99334
-1.796284e-007 9.96848
-1.794284e-007 9.97538
-1.792284e-007 9.99507
-1.790284e-007 10.0206
-1.788284e-007 10.0658
-1.786284e-007 10.1056
-1.784284e-007 10.0817
-1.782284e-007 10.0496
-1.780284e-007 10.0814
-1.778284e-007 10.1031
-1.776284e-007 10.022
-1.774284e-007 9.94327
-1.772284e-007 10.0009
-1.770284e-007 10.1121
-1.768284e-007 10.1491
-1.766284e-007 10.1011
-1.764284e-007 10.042
-1.762284e-007 10.0403
-1.760284e-007 10.0707
-1.758284e-007 10.0472
-1.756284e-007 9.98436
-1.754284e-007 9.99368
-1.752284e-007 10.0631
-1.750284e-007 10.0703
-1.748284e-007 10.0044
-1.746284e-007 9.93741
-1.744284e-007 9.90599
-1.742284e-007 9.86283
-1.740284e-007 9.80275
-1.738284e-007 9.85143
-1.736284e-007 9.98678
-1.734284e-007 10.0686
-1.732284e-007 10.0814
-1.730284e-007 10.0607
-1.728284e-007 10.0296
-1.726284e-007 9.99403
-1.724284e-007 9.97055
-1.722284e-007 9.97435
-1.720284e-007 9.96123
-1.718284e-007 9.94397
-1.716284e-007 9.99714
-1.714284e-007 10.0869
-1.712284e-007 10.109
-1.710284e-007 10.0527
-1.708284e-007 9.98471
-1.706284e-007 9.96054
-1.704284e-007 10.0078
-1.702284e-007 10.0634
-1.700284e-007 10.0213
-1.698284e-007 9.93326
-1.696284e-007 9.94189
-1.694284e-007 10.0299
-1.692284e-007 10.0765
-1.690284e-007 10.0496
-1.688284e-007 9.99368
-1.686284e-007 9.99645
-1.684284e-007 10.0824
-1.682284e-007 10.0655
-1.680284e-007 9.87595
-1.678284e-007 9.76477
-1.676284e-007 9.87111
-1.674284e-007 10.0189
-1.672284e-007 10.0603
-1.670284e-007 10.0458
-1.668284e-007 10.0413
-1.666284e-007 10.0572
-1.664284e-007 10.0641
-1.662284e-007 10.0386
-1.660284e-007 10.0386
-1.658284e-007 10.07
-1.656284e-007 10.0475
-1.654284e-007 9.96261
-1.652284e-007 9.89908
-1.650284e-007 9.89632
-1.648284e-007 9.94845
-1.646284e-007 10.042
-1.644284e-007 10.0986
-1.642284e-007 10.0748
-1.640284e-007 10.06
-1.638284e-007 10.098
-1.636284e-007 10.0942
-1.634284e-007 10.002
-1.632284e-007 9.89666
-1.630284e-007 9.8718
-1.628284e-007 9.92049
-1.626284e-007 9.96468
-1.624284e-007 10.0268
-1.622284e-007 10.11
-1.620284e-007 10.1287
-1.618284e-007 10.0955
-1.616284e-007 10.0365
-1.614284e-007 9.9198
-1.612284e-007 9.84522
-1.610284e-007 9.90391
-1.608284e-007 10.0023
-1.606284e-007 10.0669
-1.604284e-007 10.0662
-1.602284e-007 10.002
-1.600284e-007 9.98194
-1.598284e-007 10.0096
-1.596284e-007 9.99127
-1.594284e-007 9.97435
-1.592284e-007 10.0306
-1.590284e-007 10.11
-1.588284e-007 10.1494
-1.586284e-007 10.1356
-1.584284e-007 10.0866
-1.582284e-007 10.0213
-1.580284e-007 9.96157
-1.578284e-007 9.95225
-1.576284e-007 9.97987
-1.574284e-007 9.99058
-1.572284e-007 10.0168
-1.570284e-007 10.0555
-1.568284e-007 10.0379
-1.566284e-007 10.0292
-1.564284e-007 10.0779
-1.562284e-007 10.0534
-1.560284e-007 9.93982
-1.558284e-007 9.84556
-1.556284e-007 9.81
-1.554284e-007 9.88285
-1.552284e-007 10.0272
-1.550284e-007 10.0821
-1.548284e-007 10.0396
-1.546284e-007 10.0317
-1.544284e-007 10.0458
-1.542284e-007 9.98712
-1.540284e-007 9.91772
-1.538284e-007 9.93741
-1.536284e-007 10.0002
-1.534284e-007 10.0127
-1.532284e-007 9.96192
-1.530284e-007 9.93084
-1.528284e-007 9.97193
-1.526284e-007 10.0068
-1.524284e-007 10.0027
-1.522284e-007 10.012
-1.520284e-007 10.0175
-1.518284e-007 10.0051
-1.516284e-007 9.98816
-1.514284e-007 9.98712
-1.512284e-007 10.0141
-1.510284e-007 10.0127
-1.508284e-007 9.98022
-1.506284e-007 9.9816
-1.504284e-007 10.0154
-1.502284e-007 10.0693
-1.500284e-007 10.1411
-1.498284e-007 10.1798
-1.496284e-007 10.1252
-1.494284e-007 10.0075
-1.492284e-007 9.96606
-1.490284e-007 10.08
-1.488284e-007 10.2399
-1.486284e-007 10.2851
-1.484284e-007 10.1912
-1.482284e-007 10.0931
-1.480284e-007 10.0948
-1.478284e-007 10.1062
-1.476284e-007 10.0192
-1.474284e-007 9.89804
-1.472284e-007 9.85523
-1.470284e-007 9.91496
-1.468284e-007 9.97987
-1.466284e-007 9.93533
-1.464284e-007 9.85489
-1.462284e-007 9.88872
-1.460284e-007 9.99403
-1.458284e-007 10.0372
-1.456284e-007 10.0147
-1.454284e-007 9.99472
-1.452284e-007 9.98643
-1.450284e-007 9.99023
-1.448284e-007 10.081
-1.446284e-007 10.2198
-1.444284e-007 10.2022
-1.442284e-007 9.99541
-1.440284e-007 9.79343
-1.438284e-007 9.77651
-1.436284e-007 9.89217
-1.434284e-007 9.92118
-1.432284e-007 9.85558
-1.430284e-007 9.85868
-1.428284e-007 9.95018
-1.426284e-007 9.97849
-1.424284e-007 9.87871
-1.422284e-007 9.82588
-1.420284e-007 9.92118
-1.418284e-007 10.0248
-1.416284e-007 10.0351
-1.414284e-007 10.0147
-1.412284e-007 10.0292
-1.410284e-007 10.0527
-1.408284e-007 10.033
-1.406284e-007 9.95294
-1.404284e-007 9.87836
-1.402284e-007 9.87042
-1.400284e-007 9.90322
-1.398284e-007 10.0023
-1.396284e-007 10.1442
-1.394284e-007 10.1801
-1.392284e-007 10.1328
-1.390284e-007 10.1408
-1.388284e-007 10.1839
-1.386284e-007 10.205
-1.384284e-007 10.2081
-1.382284e-007 10.1152
-1.380284e-007 9.9084
-1.378284e-007 9.81622
-1.376284e-007 9.94431
-1.374284e-007 10.1028
-1.372284e-007 10.1404
-1.370284e-007 10.0562
-1.368284e-007 9.97469
-1.366284e-007 9.98954
-1.364284e-007 10.0106
-1.362284e-007 10.0099
-1.360284e-007 10.0679
-1.358284e-007 10.1218
-1.356284e-007 10.0973
-1.354284e-007 10.0821
-1.352284e-007 10.0873
-1.350284e-007 10.0721
-1.348284e-007 10.119
-1.346284e-007 10.1846
-1.344284e-007 10.157
-1.342284e-007 10.1249
-1.340284e-007 10.1587
-1.338284e-007 10.1705
-1.336284e-007 10.0845
-1.334284e-007 9.98643
-1.332284e-007 10.0279
-1.330284e-007 10.1404
-1.328284e-007 10.1176
-1.326284e-007 10.0044
-1.324284e-007 9.98816
-1.322284e-007 10.0013
-1.320284e-007 9.95363
-1.318284e-007 9.96468
-1.316284e-007 10.0189
-1.314284e-007 10.032
-1.312284e-007 10.0717
-1.310284e-007 10.1259
-1.308284e-007 10.1308
-1.306284e-007 10.1138
-1.304284e-007 10.0973
-1.302284e-007 10.1304
-1.300284e-007 10.2457
-1.298284e-007 10.3272
-1.296284e-007 10.2709
-1.294284e-007 10.1163
-1.292284e-007 9.96606
-1.290284e-007 9.90322
-1.288284e-007 9.96434
-1.286284e-007 10.0907
-1.284284e-007 10.1646
-1.282284e-007 10.1242
-1.280284e-007 9.9999
-1.278284e-007 9.89804
-1.276284e-007 9.88492
-1.274284e-007 9.89183
-1.272284e-007 9.88458
-1.270284e-007 9.94466
-1.268284e-007 10.0227
-1.266284e-007 10.0168
-1.264284e-007 9.98816
-1.262284e-007 9.99368
-1.260284e-007 10.0061
-1.258284e-007 9.9854
-1.256284e-007 9.887
-1.254284e-007 9.7734
-1.252284e-007 9.81311
-1.250284e-007 9.974
-1.248284e-007 10.0444
-1.246284e-007 9.9892
-1.244284e-007 9.93913
-1.242284e-007 9.96572
-1.240284e-007 10.0569
-1.238284e-007 10.1207
-1.236284e-007 10.0776
-1.234284e-007 10.0096
-1.232284e-007 10.0151
-1.230284e-007 10.062
-1.228284e-007 10.1287
-1.226284e-007 10.2002
-1.224284e-007 10.2129
-1.222284e-007 10.1933
-1.220284e-007 10.1843
-1.218284e-007 10.1449
-1.216284e-007 10.0686
-1.214284e-007 10.002
-1.212284e-007 10.0054
-1.210284e-007 10.0503
-1.208284e-007 10.0078
-1.206284e-007 9.93326
-1.204284e-007 9.97884
-1.202284e-007 9.99886
-1.200284e-007 9.87767
-1.198284e-007 9.84073
-1.196284e-007 9.96019
-1.194284e-007 10.0545
-1.192284e-007 10.0862
-1.190284e-007 10.1207
-1.188284e-007 10.1352
-1.186284e-007 10.0959
-1.184284e-007 10.0455
-1.182284e-007 10.0103
-1.180284e-007 9.93879
-1.178284e-007 9.86006
-1.176284e-007 9.90115
-1.174284e-007 10.04
-1.172284e-007 10.1249
-1.170284e-007 10.1159
-1.168284e-007 10.0862
-1.166284e-007 10.071
-1.164284e-007 10.0655
-1.162284e-007 10.079
-1.160284e-007 10.0745
-1.158284e-007 10.0351
-1.156284e-007 10.0127
-1.154284e-007 9.99714
-1.152284e-007 9.96606
-1.150284e-007 9.94949
-1.148284e-007 9.94362
-1.146284e-007 9.93568
-1.144284e-007 9.96744
-1.142284e-007 10.0244
-1.140284e-007 10.0545
-1.138284e-007 10.0883
-1.136284e-007 10.1128
-1.134284e-007 10.0883
-1.132284e-007 10.05
-1.130284e-007 9.97021
-1.128284e-007 9.8794
-1.126284e-007 9.91945
-1.124284e-007 10.0185
-1.122284e-007 10.0244
-1.120284e-007 10.0023
-1.118284e-007 9.98505
-1.116284e-007 9.91082
-1.114284e-007 9.84729
-1.112284e-007 9.84073
-1.110284e-007 9.85937
-1.108284e-007 9.90978
-1.106284e-007 9.93119
-1.104284e-007 9.85523
-1.102284e-007 9.80102
-1.100284e-007 9.85419
-1.098284e-007 9.92256
-1.096284e-007 9.97987
-1.094284e-007 10.0306
-1.092284e-007 10.0406
-1.090284e-007 10.0165
-1.088284e-007 9.95156
-1.086284e-007 9.92739
-1.084284e-007 10.04
-1.082284e-007 10.1294
-1.080284e-007 10.0638
-1.078284e-007 9.97953
-1.076284e-007 9.97711
-1.074284e-007 10.0051
-1.072284e-007 10.0237
-1.070284e-007 10.0524
-1.068284e-007 10.0893
-1.066284e-007 10.1031
-1.064284e-007 10.0734
-1.062284e-007 10.0158
-1.060284e-007 9.9961
-1.058284e-007 10.0424
-1.056284e-007 10.118
-1.054284e-007 10.1484
-1.052284e-007 10.0237
-1.050284e-007 9.85212
-1.048284e-007 9.88285
-1.046284e-007 10.0175
-1.044284e-007 10.0472
-1.042284e-007 10.0096
-1.040284e-007 9.94638
-1.038284e-007 9.88458
-1.036284e-007 9.91807
-1.034284e-007 10.0479
-1.032284e-007 10.166
-1.030284e-007 10.1933
-1.028284e-007 10.1093
-1.026284e-007 9.98678
-1.024284e-007 9.97608
-1.022284e-007 10.0469
-1.020284e-007 10.0714
-1.018284e-007 10.0645
-1.016284e-007 10.0337
-1.014284e-007 9.99368
-1.012284e-007 10.0016
-1.010284e-007 10.0182
-1.008284e-007 10.0306
-1.006284e-007 10.0617
-1.004284e-007 10.0686
-1.002284e-007 10.06
-1.000284e-007 10.0665
-9.982842e-008 10.0503
-9.962842e-008 10.0092
-9.942842e-008 9.99023
-9.922842e-008 9.98712
-9.902842e-008 9.98091
-9.882842e-008 10.0009
-9.862842e-008 10.0648
-9.842842e-008 10.1663
-9.822842e-008 10.2554
-9.802842e-008 10.2185
-9.782842e-008 10.0783
-9.762842e-008 10.0134
-9.742842e-008 10.052
-9.722842e-008 10.0517
-9.702842e-008 9.95916
-9.682842e-008 9.88492
-9.662842e-008 9.93637
-9.642842e-008 10.022
-9.622842e-008 10.0085
-9.602842e-008 9.9854
-9.582842e-008 10.0393
-9.562842e-008 10.0551
-9.542842e-008 9.99679
-9.522842e-008 9.98333
-9.502842e-008 10.0441
-9.482842e-008 10.09
-9.462842e-008 10.0396
-9.442842e-008 9.93119
-9.422842e-008 9.89148
-9.402842e-008 9.9488
-9.382842e-008 9.99023
-9.362842e-008 9.94983
-9.342842e-008 9.91151
-9.322842e-008 9.91427
-9.302842e-008 9.88458
-9.282842e-008 9.81725
-9.262842e-008 9.78341
-9.242842e-008 9.83866
-9.222842e-008 9.95536
-9.202842e-008 10.0179
-9.182842e-008 9.98781
-9.162842e-008 9.95847
-9.142842e-008 10.0047
-9.122842e-008 10.0962
-9.102842e-008 10.1642
-9.082842e-008 10.1888
-9.062842e-008 10.1753
-9.042842e-008 10.1204
-9.022842e-008 10.0417
-9.002842e-008 10.023
-8.982842e-008 10.0983
-8.962842e-008 10.1501
-8.942842e-008 10.1183
-8.922842e-008 10.069
-8.902842e-008 10.0434
-8.882842e-008 10.0296
-8.862842e-008 9.9999
-8.842842e-008 9.98298
-8.822842e-008 10.042
-8.802842e-008 10.1332
-8.782842e-008 10.1425
-8.762842e-008 10.0817
-8.742842e-008 10.0603
-8.722842e-008 10.0969
-8.702842e-008 10.1594
-8.682842e-008 10.1995
-8.662842e-008 10.1591
-8.642842e-008 10.0997
-8.622842e-008 10.0952
-8.602842e-008 10.0703
-8.582842e-008 9.9526
-8.562842e-008 9.84418
-8.542842e-008 9.91462
-8.522842e-008 10.1052
-8.502842e-008 10.186
-8.482842e-008 10.1352
-8.462842e-008 10.1056
-8.442842e-008 10.1163
-8.422842e-008 10.0966
-8.402842e-008 10.0631
-8.382842e-008 10.0807
-8.362842e-008 10.1204
-8.342842e-008 10.0938
-8.322842e-008 10.0054
-8.302842e-008 9.96399
-8.282842e-008 10.0137
-8.262842e-008 10.0324
-8.242842e-008 9.97573
-8.222842e-008 9.99437
-8.202842e-008 10.0769
-8.182842e-008 10.0748
-8.162842e-008 10.0555
-8.142842e-008 10.0959
-8.122842e-008 10.1166
-8.102842e-008 10.0976
-8.082842e-008 10.0738
-8.062842e-008 10.0406
-8.042842e-008 9.99368
-8.022842e-008 9.945
-8.002842e-008 9.91151
-7.982842e-008 9.91634
-7.962842e-008 9.96123
-7.942842e-008 9.974
-7.922842e-008 9.89666
-7.902842e-008 9.86662
-7.882842e-008 9.96123
-7.862842e-008 9.99161
-7.842842e-008 9.93395
-7.822842e-008 9.90599
-7.802842e-008 9.86386
-7.782842e-008 9.8466
-7.762842e-008 9.93154
-7.742842e-008 10.0203
-7.722842e-008 10.0196
-7.702842e-008 9.96779
-7.682842e-008 9.92014
-7.662842e-008 9.8901
-7.642842e-008 9.92774
-7.622842e-008 10.0158
-7.602842e-008 10.0099
-7.582842e-008 9.91116
-7.562842e-008 9.90426
-7.542842e-008 10.0137
-7.522842e-008 10.0728
-7.502842e-008 10.0531
-7.482842e-008 10.061
-7.462842e-008 10.0728
-7.442842e-008 10.0296
-7.422842e-008 9.98885
-7.402842e-008 9.96917
-7.382842e-008 9.93223
-7.362842e-008 9.92532
-7.342842e-008 9.99023
-7.322842e-008 10.0797
-7.302842e-008 10.1301
-7.282842e-008 10.0845
-7.262842e-008 9.99852
-7.242842e-008 10.0306
-7.222842e-008 10.1373
-7.202842e-008 10.1377
-7.182842e-008 10.0672
-7.162842e-008 10.0134
-7.142842e-008 9.93326
-7.122842e-008 9.90115
-7.102842e-008 9.99403
-7.082842e-008 10.0786
-7.062842e-008 10.0841
-7.042842e-008 10.069
-7.022842e-008 10.0645
-7.002842e-008 10.0686
-6.982842e-008 10.0603
-6.962842e-008 10.0665
-6.942842e-008 10.0938
-6.922842e-008 10.0569
-6.902842e-008 9.97987
-6.882842e-008 9.96779
-6.862842e-008 9.97953
-6.842842e-008 9.95294
-6.822842e-008 9.93879
-6.802842e-008 9.95501
-6.782842e-008 9.97573
-6.762842e-008 9.97677
-6.742842e-008 9.93706
-6.722842e-008 9.91289
-6.702842e-008 9.92981
-6.682842e-008 9.95432
-6.662842e-008 10.032
-6.642842e-008 10.1815
-6.622842e-008 10.2709
-6.602842e-008 10.2064
-6.582842e-008 10.0907
-6.562842e-008 10.0444
-6.542842e-008 10.0576
-6.522842e-008 10.0427
-6.502842e-008 9.92221
-6.482842e-008 9.83175
-6.462842e-008 9.94224
-6.442842e-008 10.0859
-6.422842e-008 10.0596
-6.402842e-008 9.96882
-6.382842e-008 9.92981
-6.362842e-008 9.8832
-6.342842e-008 9.85661
-6.322842e-008 9.89597
-6.302842e-008 9.91772
-6.282842e-008 9.93188
-6.262842e-008 10.0065
-6.242842e-008 10.1042
-6.222842e-008 10.1328
-6.202842e-008 10.0769
-6.182842e-008 10.0175
-6.162842e-008 9.99645
-6.142842e-008 9.96537
-6.122842e-008 9.88423
-6.102842e-008 9.82312
-6.082842e-008 9.83072
-6.062842e-008 9.85281
-6.042842e-008 9.88872
-6.022842e-008 9.96952
-6.002842e-008 10.0724
-5.982842e-008 10.1232
-5.962842e-008 10.062
-5.942842e-008 9.98229
-5.922842e-008 9.97849
-5.902842e-008 9.98264
-5.882842e-008 10.0154
-5.862842e-008 10.1235
-5.842842e-008 10.1598
-5.822842e-008 10.0904
-5.802842e-008 10.0565
-5.782842e-008 10.0714
-5.762842e-008 10.0648
-5.742842e-008 10.0558
-5.722842e-008 10.0558
-5.702842e-008 9.99334
-5.682842e-008 9.88423
-5.662842e-008 9.82588
-5.642842e-008 9.81069
-5.622842e-008 9.80137
-5.602842e-008 9.82381
-5.582842e-008 9.88872
-5.562842e-008 9.96813
-5.542842e-008 10.0382
-5.522842e-008 10.1118
-5.502842e-008 10.1687
-5.482842e-008 10.1529
-5.462842e-008 10.0855
-5.442842e-008 10.0151
-5.422842e-008 9.98229
-5.402842e-008 10.0272
-5.382842e-008 10.0852
-5.362842e-008 10.0658
-5.342842e-008 10.0068
-5.322842e-008 9.99541
-5.302842e-008 10.023
-5.282842e-008 10.0351
-5.262842e-008 10.0396
-5.242842e-008 10.0375
-5.222842e-008 10.003
-5.202842e-008 9.95916
-5.182842e-008 9.94569
-5.162842e-008 9.945
-5.142842e-008 9.88285
-5.122842e-008 9.76304
-5.102842e-008 9.7223
-5.082842e-008 9.81552
-5.062842e-008 9.94604
-5.042842e-008 10.0103
-5.022842e-008 9.97711
-5.002842e-008 9.90253
-4.982842e-008 9.85834
-4.962842e-008 9.88009
-4.942842e-008 9.92325
-4.922842e-008 9.88492
-4.902842e-008 9.84591
-4.882842e-008 9.94604
-4.862842e-008 10.0696
-4.842842e-008 10.0859
-4.822842e-008 10.0168
-4.802842e-008 9.92532
-4.782842e-008 9.887
-4.762842e-008 9.8611
-4.742842e-008 9.78687
-4.722842e-008 9.81311
-4.702842e-008 9.97918
-4.682842e-008 10.0683
-4.662842e-008 10.0503
-4.642842e-008 10.0279
-4.622842e-008 9.98574
-4.602842e-008 9.94638
-4.582842e-008 9.93637
-4.562842e-008 9.94604
-4.542842e-008 9.99507
-4.522842e-008 10.041
-4.502842e-008 10.0068
-4.482842e-008 9.94673
-4.462842e-008 9.99472
-4.442842e-008 10.0866
-4.422842e-008 10.0334
-4.402842e-008 9.89597
-4.382842e-008 9.88147
-4.362842e-008 9.96882
-4.342842e-008 9.9671
-4.322842e-008 9.8687
-4.302842e-008 9.89252
-4.282842e-008 10.1004
-4.262842e-008 10.2475
-4.242842e-008 10.1798
-4.222842e-008 10.022
-4.202842e-008 9.93154
-4.182842e-008 9.93361
-4.162842e-008 9.95156
-4.142842e-008 9.94327
-4.122842e-008 9.93361
-4.102842e-008 9.92325
-4.082842e-008 9.94466
-4.062842e-008 10.0317
-4.042842e-008 10.0648
-4.022842e-008 9.95778
-4.002842e-008 9.86801
-3.982842e-008 9.93154
-3.962842e-008 10.0593
-3.942842e-008 10.0772
-3.922842e-008 9.98436
-3.902842e-008 9.99334
-3.882842e-008 10.129
-3.862842e-008 10.1915
-3.842842e-008 10.1422
-3.822842e-008 10.0738
-3.802842e-008 10.0596
-3.782842e-008 10.0886
-3.762842e-008 10.0582
-3.742842e-008 10.004
-3.722842e-008 10.0517
-3.702842e-008 10.1308
-3.682842e-008 10.1062
-3.662842e-008 10.0268
-3.642842e-008 10.0217
-3.622842e-008 10.0482
-3.602842e-008 10.013
-3.582842e-008 9.96917
-3.562842e-008 9.93499
-3.542842e-008 9.90529
-3.522842e-008 9.92774
-3.502842e-008 9.97815
-3.482842e-008 10.0299
-3.462842e-008 10.0738
-3.442842e-008 10.0607
-3.422842e-008 10.0203
-3.402842e-008 10.0123
-3.382842e-008 10.013
-3.362842e-008 10.004
-3.342842e-008 9.98954
-3.322842e-008 9.95501
-3.302842e-008 9.92636
-3.282842e-008 9.97193
-3.262842e-008 10.0299
-3.242842e-008 9.95605
-3.222842e-008 9.84556
-3.202842e-008 9.82519
-3.182842e-008 9.83417
-3.162842e-008 9.88492
-3.142842e-008 9.95294
-3.122842e-008 9.93637
-3.102842e-008 9.91842
-3.082842e-008 9.98574
-3.062842e-008 10.0479
-3.042842e-008 10.0223
-3.022842e-008 9.99299
-3.002842e-008 10.0707
-2.982842e-008 10.1508
-2.962842e-008 10.1059
-2.942842e-008 10.0634
-2.922842e-008 10.1332
-2.902842e-008 10.1715
-2.882842e-008 10.0596
-2.862842e-008 9.91116
-2.842842e-008 9.85834
-2.822842e-008 9.8687
-2.802842e-008 9.90875
-2.782842e-008 9.98229
-2.762842e-008 10.0265
-2.742842e-008 10.0158
-2.722842e-008 9.97677
-2.702842e-008 9.92498
-2.682842e-008 9.94258
-2.662842e-008 10.0755
-2.642842e-008 10.1787
-2.622842e-008 10.1339
-2.602842e-008 10.0413
-2.582842e-008 10.0071
-2.562842e-008 9.99507
-2.542842e-008 9.97849
-2.522842e-008 9.98712
-2.502842e-008 9.99576
-2.482842e-008 9.95122
-2.462842e-008 9.88941
-2.442842e-008 9.91738
-2.422842e-008 10.0244
-2.402842e-008 10.0493
-2.382842e-008 9.94327
-2.362842e-008 9.85765
-2.342842e-008 9.88907
-2.322842e-008 9.96054
-2.302842e-008 10.0254
-2.282842e-008 10.1428
-2.262842e-008 10.2274
-2.242842e-008 10.1397
-2.222842e-008 10.0058
-2.202842e-008 10.0054
-2.182842e-008 10.0948
-2.162842e-008 10.1214
-2.142842e-008 10.0109
-2.122842e-008 9.86766
-2.102842e-008 9.83762
-2.082842e-008 9.9305
-2.062842e-008 10.0451
-2.042842e-008 10.0935
-2.022842e-008 10.0931
-2.002842e-008 10.0793
-1.982842e-008 10.0759
-1.962842e-008 10.0911
-1.942842e-008 10.0531
-1.922842e-008 9.99092
-1.902842e-008 10.0165
-1.882842e-008 10.0793
-1.862842e-008 10.1118
-1.842842e-008 10.166
-1.822842e-008 10.1753
-1.802842e-008 10.0503
-1.782842e-008 9.95122
-1.762842e-008 10.0172
-1.742842e-008 10.1487
-1.722842e-008 10.2105
-1.702842e-008 10.186
-1.682842e-008 10.1266
-1.662842e-008 10.0841
-1.642842e-008 10.0904
-1.622842e-008 10.1169
-1.602842e-008 10.0897
-1.582842e-008 10.0165
-1.562842e-008 9.99092
-1.542842e-008 10.0189
-1.522842e-008 10.0248
-1.502842e-008 10.0047
-1.482842e-008 9.96399
-1.462842e-008 9.89183
-1.442842e-008 9.87008
-1.422842e-008 9.93119
-1.402842e-008 9.99058
-1.382842e-008 10.021
-1.362842e-008 10.0334
-1.342842e-008 10.0068
-1.322842e-008 9.98333
-1.302842e-008 10.0179
-1.282842e-008 10.0375
-1.262842e-008 10.0092
-1.242842e-008 10.0044
-1.222842e-008 10.0244
-1.202842e-008 10.0541
-1.182842e-008 10.0786
-1.162842e-008 10.0551
-1.142842e-008 9.96261
-1.122842e-008 9.86386
-1.102842e-008 9.92808
-1.082842e-008 10.147
-1.062842e-008 10.2506
-1.042842e-008 10.1104
-1.022842e-008 9.94397
-1.002842e-008 10.0061
-9.82842e-009 10.1712
-9.62842e-009 10.1895
-9.42842e-009 10.1156
-9.22842e-009 10.0234
-9.02842e-009 9.92083
-8.82842e-009 9.92739
-8.62842e-009 9.99714
-8.42842e-009 9.96088
-8.22842e-009 9.8687
-8.02842e-009 9.87388
-7.82842e-009 9.98471
-7.62842e-009 10.0724
-7.42842e-009 10.0952
-7.22842e-009 10.1076
-7.02842e-009 10.1062
-6.82842e-009 10.0582
-6.62842e-009 9.96641
-6.42842e-009 9.91945
-6.22842e-009 9.96779
-6.02842e-009 10.0206
-5.82842e-009 10.0196
-5.62842e-009 10.0234
-5.42842e-009 10.0921
-5.22842e-009 10.1363
-5.02842e-009 10.0286
-4.82842e-009 9.90081
-4.62842e-009 9.9305
-4.42842e-009 10.0054
-4.22842e-009 10.0275
-4.02842e-009 10.0741
-3.82842e-009 10.0955
-3.62842e-009 10.0103
-3.42842e-009 9.93084
-3.22842e-009 9.93499
-3.02842e-009 9.98471
-2.82842e-009 10.0631
-2.62842e-009 10.1487
-2.42842e-009 10.1729
-2.22842e-009 10.1201
-2.02842e-009 10.041
-1.82842e-009 9.91393
-1.62842e-009 9.63529
-1.42842e-009 9.05938
-1.22842e-009 8.06362
-1.02842e-009 6.72121
-8.284196e-010 5.32598
-6.284196e-010 4.16725
-4.284196e-010 3.3165
-2.284196e-010 2.63701
-2.841955e-011 2.0428
1.715804e-010 1.65437
3.715804e-010 1.49693
5.715804e-010 1.43409
7.715804e-010 1.38126
9.715804e-010 1.27147
1.17158e-009 1.13094
1.37158e-009 1.10988
1.57158e-009 1.21588
1.77158e-009 1.33189
1.97158e-009 1.40888
2.17158e-009 1.364
2.37158e-009 1.23694
2.57158e-009 1.24453
2.77158e-009 1.34673
2.97158e-009 1.3533
3.17158e-009 1.29667
3.37158e-009 1.24523
3.57158e-009 1.18308
3.77158e-009 1.17824
3.97158e-009 1.26318
4.17158e-009 1.33603
4.37158e-009 1.37332
4.57158e-009 1.39542
4.77158e-009 1.33707
4.97158e-009 1.24488
5.17158e-009 1.26732
5.37158e-009 1.38368
5.57158e-009 1.43409
5.77158e-009 1.34466
5.97158e-009 1.26629
6.17158e-009 1.36055
6.37158e-009 1.44099
6.57158e-009 1.36607
6.77158e-009 1.35778
6.97158e-009 1.41752
7.17158e-009 1.32947
7.37158e-009 1.21173
7.57158e-009 1.20517
7.77158e-009 1.18826
7.97158e-009 1.15925
8.17158e-009 1.19896
8.37158e-009 1.21173
8.57158e-009 1.17893
8.77158e-009 1.22969
8.97158e-009 1.34673
9.17158e-009 1.43305
9.37158e-009 1.46551
9.57158e-009 1.40543
9.77158e-009 1.26663
9.97158e-009 1.18687
1.017158e-008 1.25179
1.037158e-008 1.3533
1.057158e-008 1.30772
1.077158e-008 1.15891
1.097158e-008 1.09434
1.117158e-008 1.13612
1.137158e-008 1.25627
1.157158e-008 1.4006
1.177158e-008 1.37505
1.197158e-008 1.19758
1.217158e-008 1.13923
1.237158e-008 1.18308
1.257158e-008 1.18101
1.277158e-008 1.21726
1.297158e-008 1.24246
1.317158e-008 1.13992
1.337158e-008 1.08571
1.357158e-008 1.2031
1.377158e-008 1.32567
1.397158e-008 1.34535
1.417158e-008 1.32188
1.437158e-008 1.27803
1.457158e-008 1.22831
1.477158e-008 1.21553
1.497158e-008 1.17341
1.517158e-008 1.07466
1.537158e-008 1.03357
1.557158e-008 1.05429
1.577158e-008 1.07294
1.597158e-008 1.10332
1.617158e-008 1.11851
1.637158e-008 1.08053
1.657158e-008 0.997667
1.677158e-008 0.906861
1.697158e-008 0.89374
1.717158e-008 0.974188
1.737158e-008 1.04739
1.757158e-008 1.06465
1.777158e-008 1.07915
1.797158e-008 1.10228
1.817158e-008 1.10539
1.837158e-008 1.09849
1.857158e-008 1.08502
1.877158e-008 1.0826
1.897158e-008 1.1085
1.917158e-008 1.12887
1.937158e-008 1.1154
1.957158e-008 1.07155
1.977158e-008 1.02909
1.997158e-008 1.06292
2.017158e-008 1.15373
2.037158e-008 1.12818
2.057158e-008 1.01079
2.077158e-008 1.00423
2.097158e-008 1.06568
2.117158e-008 1.08571
2.137158e-008 1.09158
2.157158e-008 1.07777
2.177158e-008 1.04946
2.197158e-008 1.05602
2.217158e-008 1.10056
2.237158e-008 1.17824
2.257158e-008 1.26525
2.277158e-008 1.2687
2.297158e-008 1.10953
2.317158e-008 0.892704
2.337158e-008 0.810185
2.357158e-008 0.89961
2.377158e-008 1.04048
2.397158e-008 1.11955
2.417158e-008 1.14199
2.437158e-008 1.13647
2.457158e-008 1.09607
2.477158e-008 1.09572
2.497158e-008 1.18653
2.517158e-008 1.23867
2.537158e-008 1.14717
2.557158e-008 1.04497
2.577158e-008 1.07742
2.597158e-008 1.17721
2.617158e-008 1.25144
2.637158e-008 1.28493
2.657158e-008 1.22934
2.677158e-008 1.09123
2.697158e-008 0.999393
2.717158e-008 1.00526
2.737158e-008 1.05843
2.757158e-008 1.10401
2.777158e-008 1.1009
2.797158e-008 1.07397
2.817158e-008 1.04531
2.837158e-008 1.00146
2.857158e-008 0.985237
2.877158e-008 1.02701
2.897158e-008 1.05705
2.917158e-008 1.00802
2.937158e-008 0.981439
2.957158e-008 1.06741
2.977158e-008 1.13819
2.997158e-008 1.11955
3.017158e-008 1.08985
3.037158e-008 1.05602
3.057158e-008 1.01113
3.077158e-008 1.03944
3.097158e-008 1.1192
3.117158e-008 1.10228
3.137158e-008 1.01355
3.157158e-008 0.991797
3.177158e-008 1.00526
3.197158e-008 0.971081
3.217158e-008 0.943114
3.237158e-008 0.967973
3.257158e-008 0.996631
3.277158e-008 1.00733
3.297158e-008 1.03427
3.317158e-008 1.06223
3.337158e-008 1.05153
3.357158e-008 1.02771
3.377158e-008 1.03496
3.397158e-008 1.07881
3.417158e-008 1.10125
3.437158e-008 1.0498
3.457158e-008 0.992488
3.477158e-008 1.01389
3.497158e-008 1.09503
3.517158e-008 1.16788
3.537158e-008 1.16443
3.557158e-008 1.07363
3.577158e-008 0.9697
3.597158e-008 0.923088
3.617158e-008 0.931029
3.637158e-008 0.969354
3.657158e-008 1.03254
3.677158e-008 1.08433
3.697158e-008 1.11333
3.717158e-008 1.12818
3.737158e-008 1.08088
3.757158e-008 1.02701
3.777158e-008 1.10263
3.797158e-008 1.23418
3.817158e-008 1.2176
3.837158e-008 1.0681
3.857158e-008 0.994214
3.877158e-008 1.06603
3.897158e-008 1.18964
3.917158e-008 1.2252
3.937158e-008 1.09676
3.957158e-008 0.934137
3.977158e-008 0.882346
3.997158e-008 0.919636
4.017158e-008 1.01182
4.037158e-008 1.1154
4.057158e-008 1.12991
4.077158e-008 1.05636
4.097158e-008 1.02909
4.117158e-008 1.0795
4.137158e-008 1.1047
4.157158e-008 1.11575
4.177158e-008 1.14475
4.197158e-008 1.0971
4.217158e-008 1.02667
4.237158e-008 1.07535
4.257158e-008 1.1489
4.277158e-008 1.12162
4.297158e-008 1.06534
4.317158e-008 1.04704
4.337158e-008 1.06051
4.357158e-008 1.10263
4.377158e-008 1.11195
4.397158e-008 1.07811
4.417158e-008 1.09745
4.437158e-008 1.13819
4.457158e-008 1.11161
4.477158e-008 1.05533
4.497158e-008 1.02529
4.517158e-008 1.04531
4.537158e-008 1.09434
4.557158e-008 1.10297
4.577158e-008 1.08847
4.597158e-008 1.08226
4.617158e-008 1.06361
4.637158e-008 1.08088
4.657158e-008 1.15891
4.677158e-008 1.22244
4.697158e-008 1.21657
4.717158e-008 1.16098
4.737158e-008 1.11333
4.757158e-008 1.08433
4.777158e-008 1.05705
4.797158e-008 1.05671
4.817158e-008 1.04393
4.837158e-008 0.984201
4.857158e-008 0.967973
4.877158e-008 1.01666
4.897158e-008 1.04842
4.917158e-008 1.03012
4.937158e-008 0.981094
4.957158e-008 0.950019
4.977158e-008 1.00008
4.997158e-008 1.11471
5.017158e-008 1.14579
5.037158e-008 1.04013
5.057158e-008 0.952091
5.077158e-008 0.950365
5.097158e-008 0.98938
5.117158e-008 1.06603
5.137158e-008 1.12196
5.157158e-008 1.13647
5.177158e-008 1.1451
5.197158e-008 1.0795
5.217158e-008 0.977641
5.237158e-008 0.988344
5.257158e-008 1.07086
5.277158e-008 1.08122
5.297158e-008 1.03323
5.317158e-008 1.05912
5.337158e-008 1.16236
5.357158e-008 1.20863
5.377158e-008 1.1009
5.397158e-008 0.940697
5.417158e-008 0.948293
5.437158e-008 1.08191
5.457158e-008 1.16409
5.477158e-008 1.18757
5.497158e-008 1.13716
5.517158e-008 1.03772
5.537158e-008 1.03323
5.557158e-008 1.12093
5.577158e-008 1.16063
5.597158e-008 1.07673
5.617158e-008 0.948638
5.637158e-008 0.936554
5.657158e-008 1.05256
5.677158e-008 1.13647
5.697158e-008 1.123
5.717158e-008 1.10194
5.737158e-008 1.13543
5.757158e-008 1.23038
5.777158e-008 1.33741
5.797158e-008 1.31911
5.817158e-008 1.15684
5.837158e-008 1.04531
5.857158e-008 1.06568
5.877158e-008 1.08606
5.897158e-008 1.0498
5.917158e-008 1.03012
5.937158e-008 1.08088
5.957158e-008 1.19171
5.977158e-008 1.2763
5.997158e-008 1.23418
6.017158e-008 1.11575
6.037158e-008 1.02771
6.057158e-008 1.01735
6.077158e-008 1.08537
6.097158e-008 1.16478
6.117158e-008 1.23211
6.137158e-008 1.25075
6.157158e-008 1.16961
6.177158e-008 1.12611
6.197158e-008 1.20656
6.217158e-008 1.26939
6.237158e-008 1.26042
6.257158e-008 1.23694
6.277158e-008 1.14682
6.297158e-008 1.02598
6.317158e-008 1.02701
6.337158e-008 1.1123
6.357158e-008 1.1703
6.377158e-008 1.21381
6.397158e-008 1.23211
6.417158e-008 1.19171
6.437158e-008 1.13992
6.457158e-008 1.0826
6.477158e-008 1.02598
6.497158e-008 1.04739
6.517158e-008 1.10643
6.537158e-008 1.10643
6.557158e-008 1.05256
6.577158e-008 0.981439
6.597158e-008 0.965556
6.617158e-008 1.02805
6.637158e-008 1.04221
6.657158e-008 1.00181
6.677158e-008 1.05049
6.697158e-008 1.16927
6.717158e-008 1.23521
6.737158e-008 1.21622
6.757158e-008 1.14579
6.777158e-008 1.06499
6.797158e-008 1.01873
6.817158e-008 1.00802
6.837158e-008 1.00768
6.857158e-008 1.0536
6.877158e-008 1.13474
6.897158e-008 1.14579
6.917158e-008 1.12162
6.937158e-008 1.1665
6.957158e-008 1.23452
6.977158e-008 1.25213
6.997158e-008 1.20172
7.017158e-008 1.14751
7.037158e-008 1.15856
7.057158e-008 1.16961
7.077158e-008 1.13508
7.097158e-008 1.0978
7.117158e-008 1.07604
7.137158e-008 1.05912
7.157158e-008 1.02736
7.177158e-008 1.00008
7.197158e-008 1.02322
7.217158e-008 1.06223
7.237158e-008 1.07708
7.257158e-008 1.10159
7.277158e-008 1.10574
7.297158e-008 1.06603
7.317158e-008 1.08433
7.337158e-008 1.1924
7.357158e-008 1.25489
7.377158e-008 1.22658
7.397158e-008 1.20828
7.417158e-008 1.20345
7.437158e-008 1.19654
7.457158e-008 1.19551
7.477158e-008 1.14268
7.497158e-008 1.09227
7.517158e-008 1.12645
7.537158e-008 1.18791
7.557158e-008 1.21691
7.577158e-008 1.19447
7.597158e-008 1.12369
7.617158e-008 1.06465
7.637158e-008 1.09123
7.657158e-008 1.19585
7.677158e-008 1.23141
7.697158e-008 1.13025
7.717158e-008 1.07466
7.737158e-008 1.13716
7.757158e-008 1.15407
7.777158e-008 1.12438
7.797158e-008 1.17514
7.817158e-008 1.24799
7.837158e-008 1.22071
7.857158e-008 1.14303
7.877158e-008 1.14993
7.897158e-008 1.22382
7.917158e-008 1.26594
7.937158e-008 1.27561
7.957158e-008 1.22244
7.977158e-008 1.11437
7.997158e-008 1.09676
8.017158e-008 1.18308
8.037158e-008 1.19378
8.057158e-008 1.07846
8.077158e-008 1.02632
8.097158e-008 1.12714
8.117158e-008 1.21001
8.137158e-008 1.12404
8.157158e-008 0.980058
8.177158e-008 0.996976
8.197158e-008 1.12887
8.217158e-008 1.17479
8.237158e-008 1.15373
8.257158e-008 1.17755
8.277158e-008 1.20586
8.297158e-008 1.16271
8.317158e-008 1.07294
8.337158e-008 1.03668
8.357158e-008 1.07742
8.377158e-008 1.09089
8.397158e-008 1.03565
8.417158e-008 0.9697
8.437158e-008 0.945186
8.457158e-008 0.981094
8.477158e-008 1.06568
8.497158e-008 1.17928
8.517158e-008 1.26525
8.537158e-008 1.25593
8.557158e-008 1.15994
8.577158e-008 1.06707
8.597158e-008 1.08088
8.617158e-008 1.17099
8.637158e-008 1.18308
8.657158e-008 1.11126
8.677158e-008 1.05222
8.697158e-008 1.01493
8.717158e-008 1.0101
8.737158e-008 0.998357
8.757158e-008 0.962104
8.777158e-008 0.997321
8.797158e-008 1.05533
8.817158e-008 1.03944
8.837158e-008 1.03565
8.857158e-008 1.10746
8.877158e-008 1.18757
8.897158e-008 1.25455
8.917158e-008 1.32705
8.937158e-008 1.34121
8.957158e-008 1.28907
8.977158e-008 1.25731
8.997158e-008 1.23314
9.017158e-008 1.17997
9.037158e-008 1.14786
9.057158e-008 1.15511
9.077158e-008 1.16788
9.097158e-008 1.17928
9.117158e-008 1.21173
9.137158e-008 1.25179
9.157158e-008 1.23245
9.177158e-008 1.13577
9.197158e-008 1.06707
9.217158e-008 1.06707
9.237158e-008 1.06707
9.257158e-008 1.05429
9.277158e-008 1.017
9.297158e-008 1.00872
9.317158e-008 1.13923
9.337158e-008 1.29494
9.357158e-008 1.31186
9.377158e-008 1.27595
9.397158e-008 1.28424
9.417158e-008 1.25696
9.437158e-008 1.18895
9.457158e-008 1.17583
9.477158e-008 1.22762
9.497158e-008 1.27008
9.517158e-008 1.2328
9.537158e-008 1.18411
9.557158e-008 1.19343
9.577158e-008 1.15856
9.597158e-008 1.07604
9.617158e-008 1.0826
9.637158e-008 1.13543
9.657158e-008 1.1489
9.677158e-008 1.1779
9.697158e-008 1.1848
9.717158e-008 1.12231
9.737158e-008 1.09918
9.757158e-008 1.13612
9.777158e-008 1.16616
9.797158e-008 1.20586
9.817158e-008 1.23176
9.837158e-008 1.20517
9.857158e-008 1.16616
9.877158e-008 1.0978
9.897158e-008 1.00043
9.917158e-008 1.00112
9.937158e-008 1.13301
9.957158e-008 1.20794
9.977158e-008 1.15304
9.997158e-008 1.12162
1.001716e-007 1.14441
1.003716e-007 1.16167
1.005716e-007 1.20207
1.007716e-007 1.23245
1.009716e-007 1.2176
1.011716e-007 1.24661
1.013716e-007 1.29563
1.015716e-007 1.258
1.017716e-007 1.20621
1.019716e-007 1.2252
1.021716e-007 1.28217
1.023716e-007 1.34777
1.025716e-007 1.38299
1.027716e-007 1.32947
1.029716e-007 1.18031
1.031716e-007 1.02943
1.033716e-007 0.997321
1.035716e-007 1.04739
1.037716e-007 1.0826
1.039716e-007 1.14061
1.041716e-007 1.22589
1.043716e-007 1.24626
1.045716e-007 1.22416
1.047716e-007 1.23349
1.049716e-007 1.25627
1.051716e-007 1.26007
1.053716e-007 1.23176
1.055716e-007 1.17755
1.057716e-007 1.16927
1.059716e-007 1.2397
1.061716e-007 1.3091
1.063716e-007 1.28528
1.065716e-007 1.16685
1.067716e-007 1.08226
1.069716e-007 1.12818
1.071716e-007 1.19274
1.073716e-007 1.152
1.075716e-007 1.07225
1.077716e-007 1.08329
1.079716e-007 1.18066
1.081716e-007 1.24005
1.083716e-007 1.21484
1.085716e-007 1.16547
1.087716e-007 1.12714
1.089716e-007 1.04359
1.091716e-007 0.983511
1.093716e-007 1.10125
1.095716e-007 1.24833
1.097716e-007 1.2542
1.099716e-007 1.23936
1.101716e-007 1.25835
1.103716e-007 1.24868
1.105716e-007 1.21622
1.107716e-007 1.12196
1.109716e-007 0.980748
1.111716e-007 0.965556
1.113716e-007 1.09572
1.115716e-007 1.19654
1.117716e-007 1.19413
1.119716e-007 1.16063
1.121716e-007 1.15338
1.123716e-007 1.16305
1.125716e-007 1.16788
1.127716e-007 1.17686
1.129716e-007 1.18929
1.131716e-007 1.15787
1.133716e-007 1.10988
1.135716e-007 1.11609
1.137716e-007 1.11299
1.139716e-007 1.08606
1.141716e-007 1.14372
1.143716e-007 1.23867
1.145716e-007 1.26042
1.147716e-007 1.22451
1.149716e-007 1.17445
1.151716e-007 1.19274
1.153716e-007 1.28148
1.155716e-007 1.27112
1.157716e-007 1.14855
1.159716e-007 1.09089
1.161716e-007 1.16996
1.163716e-007 1.27975
1.165716e-007 1.2435
1.167716e-007 1.09538
1.169716e-007 1.0826
1.171716e-007 1.20759
1.173716e-007 1.2397
1.175716e-007 1.13923
1.177716e-007 1.05326
1.179716e-007 1.0612
1.181716e-007 1.13577
1.183716e-007 1.21035
1.185716e-007 1.23107
1.187716e-007 1.20241
1.189716e-007 1.14372
1.191716e-007 1.09089
1.193716e-007 1.11506
1.195716e-007 1.17341
1.197716e-007 1.11782
1.199716e-007 1.01251
1.201716e-007 1.05291
1.203716e-007 1.14717
1.205716e-007 1.16167
1.207716e-007 1.18791
1.209716e-007 1.22762
1.211716e-007 1.17755
1.213716e-007 1.08122
1.215716e-007 1.04566
1.217716e-007 1.06707
1.219716e-007 1.09503
1.221716e-007 1.11782
1.223716e-007 1.1268
1.225716e-007 1.1337
1.227716e-007 1.14406
1.229716e-007 1.12404
1.231716e-007 1.08053
1.233716e-007 1.07328
1.235716e-007 1.08606
1.237716e-007 1.02598
1.239716e-007 0.935173
1.241716e-007 0.947602
1.243716e-007 1.02701
1.245716e-007 1.05774
1.247716e-007 1.06154
1.249716e-007 1.1306
1.251716e-007 1.24143
1.253716e-007 1.29805
1.255716e-007 1.31221
1.257716e-007 1.31117
1.259716e-007 1.26352
1.261716e-007 1.19343
1.263716e-007 1.14303
1.265716e-007 1.11678
1.267716e-007 1.10228
1.269716e-007 1.08329
1.271716e-007 1.08122
1.273716e-007 1.08709
1.275716e-007 1.05636
1.277716e-007 1.06534
1.279716e-007 1.1779
1.281716e-007 1.26732
1.283716e-007 1.23556
1.285716e-007 1.16271
1.287716e-007 1.1413
1.289716e-007 1.18101
1.291716e-007 1.24419
1.293716e-007 1.2504
1.295716e-007 1.18757
1.297716e-007 1.14372
1.299716e-007 1.17341
1.301716e-007 1.26318
1.303716e-007 1.32533
1.305716e-007 1.27147
1.307716e-007 1.20034
1.309716e-007 1.25213
1.311716e-007 1.31601
1.313716e-007 1.25144
1.315716e-007 1.14199
1.317716e-007 1.11886
1.319716e-007 1.20345
1.321716e-007 1.27008
1.323716e-007 1.1962
1.325716e-007 1.10539
1.327716e-007 1.15753
1.329716e-007 1.26111
1.331716e-007 1.31842
1.333716e-007 1.3457
1.335716e-007 1.31566
1.337716e-007 1.30806
1.339716e-007 1.4372
1.341716e-007 1.57116
1.343716e-007 1.58083
1.345716e-007 1.52869
1.347716e-007 1.43512
1.349716e-007 1.32395
1.351716e-007 1.28528
1.353716e-007 1.27665
1.355716e-007 1.24074
1.357716e-007 1.25179
1.359716e-007 1.33396
1.361716e-007 1.37885
1.363716e-007 1.34328
1.365716e-007 1.32775
1.367716e-007 1.39162
1.369716e-007 1.48346
1.371716e-007 1.50245
1.373716e-007 1.41199
1.375716e-007 1.33327
1.377716e-007 1.39404
1.379716e-007 1.5608
1.381716e-007 1.63745
1.383716e-007 1.50694
1.385716e-007 1.34121
1.387716e-007 1.33396
1.389716e-007 1.40957
1.391716e-007 1.43305
1.393716e-007 1.43512
1.395716e-007 1.44065
1.397716e-007 1.42062
1.399716e-007 1.42269
1.401716e-007 1.44168
1.403716e-007 1.44686
1.405716e-007 1.49624
1.407716e-007 1.54492
1.409716e-007 1.55459
1.411716e-007 1.60741
1.413716e-007 1.64539
1.415716e-007 1.62882
1.417716e-007 1.63262
1.419716e-007 1.5867
1.421716e-007 1.45998
1.423716e-007 1.3892
1.425716e-007 1.43133
1.427716e-007 1.54423
1.429716e-007 1.63089
1.431716e-007 1.61018
1.433716e-007 1.57496
1.435716e-007 1.59498
1.437716e-007 1.57047
1.439716e-007 1.48795
1.441716e-007 1.44721
1.443716e-007 1.4624
1.445716e-007 1.48001
1.447716e-007 1.45722
1.449716e-007 1.422
1.451716e-007 1.45101
1.453716e-007 1.50625
1.455716e-007 1.5242
1.457716e-007 1.56598
1.459716e-007 1.65195
1.461716e-007 1.6996
1.463716e-007 1.67509
1.465716e-007 1.6195
1.467716e-007 1.55597
1.469716e-007 1.5318
1.471716e-007 1.58842
1.473716e-007 1.66922
1.475716e-007 1.73033
1.477716e-007 1.77832
1.479716e-007 1.77522
1.481716e-007 1.71514
1.483716e-007 1.66404
1.485716e-007 1.62502
1.487716e-007 1.55148
1.489716e-007 1.4845
1.491716e-007 1.51937
1.493716e-007 1.62986
1.495716e-007 1.66404
1.497716e-007 1.61501
1.499716e-007 1.64367
1.501716e-007 1.73793
1.503716e-007 1.74759
1.505716e-007 1.72826
1.507716e-007 1.77556
1.509716e-007 1.75588
1.511716e-007 1.63296
1.513716e-007 1.61018
1.515716e-007 1.66818
1.517716e-007 1.64919
1.519716e-007 1.62053
1.521716e-007 1.63055
1.523716e-007 1.66542
1.525716e-007 1.76037
1.527716e-007 1.85704
1.529716e-007 1.9223
1.531716e-007 1.96719
1.533716e-007 1.9185
1.535716e-007 1.82183
1.537716e-007 1.85117
1.539716e-007 1.97133
1.541716e-007 2.01
1.543716e-007 1.9696
1.545716e-007 1.90158
1.547716e-007 1.78523
1.549716e-007 1.70305
1.551716e-007 1.74759
1.553716e-007 1.83288
1.555716e-007 1.86533
1.557716e-007 1.83598
1.559716e-007 1.7621
1.561716e-007 1.74828
1.563716e-007 1.79144
1.565716e-007 1.74345
1.567716e-007 1.69995
1.569716e-007 1.8018
1.571716e-007 1.89502
1.573716e-007 1.87776
1.575716e-007 1.87362
1.577716e-007 1.94716
1.579716e-007 1.99515
1.581716e-007 1.91954
1.583716e-007 1.81285
1.585716e-007 1.82666
1.587716e-007 1.87914
1.589716e-007 1.85601
1.591716e-007 1.85117
1.593716e-007 1.88121
1.595716e-007 1.87086
1.597716e-007 1.84531
1.599716e-007 1.79766
1.601716e-007 1.73551
1.603716e-007 1.74172
1.605716e-007 1.76486
1.607716e-007 1.7469
1.609716e-007 1.78695
1.611716e-007 1.87327
1.613716e-007 1.86637
1.615716e-007 1.80077
1.617716e-007 1.7835
1.619716e-007 1.80146
1.621716e-007 1.83357
1.623716e-007 1.87016
1.625716e-007 1.89364
1.627716e-007 1.8895
1.629716e-007 1.84772
1.631716e-007 1.85739
1.633716e-007 1.95234
1.635716e-007 1.98031
1.637716e-007 1.91194
1.639716e-007 1.89192
1.641716e-007 1.933
1.643716e-007 1.93024
1.645716e-007 1.91367
1.647716e-007 1.96477
1.649716e-007 2.02105
1.651716e-007 2.04315
1.653716e-007 2.08665
1.655716e-007 2.16054
1.657716e-007 2.20404
1.659716e-007 2.11703
1.661716e-007 1.97513
1.663716e-007 2.03589
1.665716e-007 2.2472
1.667716e-007 2.29381
1.669716e-007 2.14742
1.671716e-007 2.01034
1.673716e-007 1.95234
1.675716e-007 1.91229
1.677716e-007 1.88225
1.679716e-007 1.87396
1.681716e-007 1.86982
1.683716e-007 1.92506
1.685716e-007 2.04349
1.687716e-007 2.10771
1.689716e-007 2.08838
1.691716e-007 2.08389
1.693716e-007 2.11323
1.695716e-007 2.13533
1.697716e-007 2.17573
1.699716e-007 2.19368
1.701716e-007 2.08768
1.703716e-007 1.94751
1.705716e-007 1.98203
1.707716e-007 2.15052
1.709716e-007 2.24651
1.711716e-007 2.25169
1.713716e-007 2.24582
1.715716e-007 2.20162
1.717716e-007 2.1122
1.719716e-007 2.09701
1.721716e-007 2.15605
1.723716e-007 2.12428
1.725716e-007 2.00413
1.727716e-007 1.94336
1.729716e-007 1.99791
1.731716e-007 2.11151
1.733716e-007 2.22683
1.735716e-007 2.30348
1.737716e-007 2.28069
1.739716e-007 2.20473
1.741716e-007 2.20024
1.743716e-007 2.22579
1.745716e-007 2.16813
1.747716e-007 2.10633
1.749716e-007 2.16123
1.751716e-007 2.27724
1.753716e-007 2.30624
1.755716e-007 2.21026
1.757716e-007 2.11565
1.759716e-007 2.10806
1.761716e-007 2.15881
1.763716e-007 2.19783
1.765716e-007 2.15985
1.767716e-007 2.09045
1.769716e-007 2.05972
1.771716e-007 2.05143
1.773716e-007 2.05765
1.775716e-007 2.1488
1.777716e-007 2.309
1.779716e-007 2.3418
1.781716e-007 2.2434
1.783716e-007 2.20231
1.785716e-007 2.2251
1.787716e-007 2.26688
1.789716e-007 2.32592
1.791716e-007 2.33214
1.793716e-007 2.29208
1.795716e-007 2.27793
1.797716e-007 2.27689
1.799716e-007 2.28035
1.801716e-007 2.29243
1.803716e-007 2.25169
1.805716e-007 2.15708
1.807716e-007 2.12843
1.809716e-007 2.22821
1.811716e-007 2.35734
1.813716e-007 2.37564
1.815716e-007 2.30521
1.817716e-007 2.28932
1.819716e-007 2.34284
1.821716e-007 2.37564
1.823716e-007 2.34526
1.825716e-007 2.26999
1.827716e-007 2.24513
1.829716e-007 2.31763
1.831716e-007 2.33835
1.833716e-007 2.24202
1.835716e-007 2.1816
1.837716e-007 2.20749
1.839716e-007 2.26826
1.841716e-007 2.37599
1.843716e-007 2.47888
1.845716e-007 2.4882
1.847716e-007 2.47922
1.849716e-007 2.53032
1.851716e-007 2.54102
1.853716e-007 2.47093
1.855716e-007 2.42294
1.857716e-007 2.44297
1.859716e-007 2.50891
1.861716e-007 2.55553
1.863716e-007 2.51547
1.865716e-007 2.43226
1.867716e-007 2.39774
1.869716e-007 2.44746
1.871716e-007 2.52929
1.873716e-007 2.57072
1.875716e-007 2.53516
1.877716e-007 2.41224
1.879716e-007 2.34042
1.881716e-007 2.43572
1.883716e-007 2.54551
1.885716e-007 2.5134
1.887716e-007 2.38911
1.889716e-007 2.32868
1.891716e-007 2.43917
1.893716e-007 2.6156
1.895716e-007 2.6888
1.897716e-007 2.70779
1.899716e-007 2.74784
1.901716e-007 2.75716
1.903716e-007 2.73541
1.905716e-007 2.63874
1.907716e-007 2.47163
1.909716e-007 2.42674
1.911716e-007 2.49062
1.913716e-007 2.52411
1.915716e-007 2.54344
1.917716e-007 2.50719
1.919716e-007 2.41258
1.921716e-007 2.42605
1.923716e-007 2.54068
1.925716e-007 2.58315
1.927716e-007 2.53446
1.929716e-007 2.47335
1.931716e-007 2.44953
1.933716e-007 2.45091
1.935716e-007 2.43641
1.937716e-007 2.46299
1.939716e-007 2.5645
1.941716e-007 2.65496
1.943716e-007 2.67188
1.945716e-007 2.62631
1.947716e-007 2.56347
1.949716e-007 2.55898
1.951716e-007 2.62251
1.953716e-007 2.63321
1.955716e-007 2.55898
1.957716e-007 2.4989
1.959716e-007 2.50546
1.961716e-007 2.58177
1.963716e-007 2.68017
1.965716e-007 2.69743
1.967716e-007 2.63736
1.969716e-007 2.64599
1.971716e-007 2.73714
1.973716e-007 2.78513
1.975716e-007 2.7361
1.977716e-007 2.65013
1.979716e-007 2.67257
1.981716e-007 2.80826
1.983716e-007 2.85522
1.985716e-007 2.72436
1.987716e-007 2.55725
1.989716e-007 2.49441
1.991716e-007 2.51824
1.993716e-007 2.56623
1.995716e-007 2.60455
1.997716e-007 2.6011
1.999716e-007 2.58764
2.001716e-007 2.58522
2.003716e-007 2.56761
2.005716e-007 2.58349
2.007716e-007 2.63908
2.009716e-007 2.66291
2.011716e-007 2.69502
2.013716e-007 2.77546
2.015716e-007 2.83589
2.017716e-007 2.83934
2.019716e-007 2.81034
2.021716e-007 2.78996
2.023716e-007 2.78271
2.025716e-007 2.77581
2.027716e-007 2.78651
2.029716e-007 2.80309
2.031716e-007 2.79411
2.033716e-007 2.75233
2.035716e-007 2.69812
2.037716e-007 2.69432
2.039716e-007 2.78789
2.041716e-007 2.86351
2.043716e-007 2.82277
2.045716e-007 2.78375
2.047716e-007 2.79894
2.049716e-007 2.7841
2.051716e-007 2.75026
2.053716e-007 2.72298
2.055716e-007 2.71435
2.057716e-007 2.84003
2.059716e-007 3.01681
2.061716e-007 2.9443
2.063716e-007 2.72816
2.065716e-007 2.6964
2.067716e-007 2.8055
2.069716e-007 2.90252
2.071716e-007 2.99333
2.073716e-007 3.04719
2.075716e-007 2.98159
2.077716e-007 2.86558
2.079716e-007 2.87317
2.081716e-007 2.98124
2.083716e-007 2.97952
2.085716e-007 2.84141
2.087716e-007 2.7544
2.089716e-007 2.74163
2.091716e-007 2.67741
2.093716e-007 2.61353
2.095716e-007 2.71262
2.097716e-007 2.87697
2.099716e-007 2.86316
2.101716e-007 2.76856
2.103716e-007 2.81172
2.105716e-007 2.90459
2.107716e-007 2.93947
2.109716e-007 2.9847
2.111716e-007 3.05582
2.113716e-007 3.06515
2.115716e-007 3.00023
2.117716e-007 2.97676
2.119716e-007 3.02509
2.121716e-007 3.02682
2.123716e-007 2.94326
2.125716e-007 2.85004
2.127716e-007 2.83727
2.129716e-007 2.9626
2.131716e-007 3.11625
2.133716e-007 3.17805
2.135716e-007 3.16907
2.137716e-007 3.0938
2.139716e-007 2.99678
2.141716e-007 2.97952
2.143716e-007 2.9847
2.145716e-007 2.93532
2.147716e-007 2.92635
2.149716e-007 2.96364
2.151716e-007 2.93429
2.153716e-007 2.91046
2.155716e-007 3.00127
2.157716e-007 3.09484
2.159716e-007 3.04995
2.161716e-007 2.98124
2.163716e-007 3.04236
2.165716e-007 3.10899
2.167716e-007 3.07481
2.169716e-007 3.08414
2.171716e-007 3.21119
2.173716e-007 3.28301
2.175716e-007 3.22915
2.177716e-007 3.21016
2.179716e-007 3.23674
2.181716e-007 3.1853
2.183716e-007 3.09208
2.185716e-007 3.02475
2.187716e-007 2.97952
2.189716e-007 3.00714
2.191716e-007 3.11832
2.193716e-007 3.1563
2.195716e-007 3.05306
2.197716e-007 2.96364
2.199716e-007 2.98263
2.201716e-007 3.02924
2.203716e-007 3.05755
2.205716e-007 3.1052
2.207716e-007 3.16769
2.209716e-007 3.20532
2.211716e-007 3.21879
2.213716e-007 3.25539
2.215716e-007 3.32997
2.217716e-007 3.38625
2.219716e-007 3.37969
2.221716e-007 3.33756
2.223716e-007 3.31616
2.225716e-007 3.30235
2.227716e-007 3.22742
2.229716e-007 3.10796
2.231716e-007 3.06066
2.233716e-007 3.10727
2.235716e-007 3.14801
2.237716e-007 3.15422
2.239716e-007 3.15388
2.241716e-007 3.16389
2.243716e-007 3.17839
2.245716e-007 3.16907
2.247716e-007 3.14974
2.249716e-007 3.15802
2.251716e-007 3.18944
2.253716e-007 3.2074
2.255716e-007 3.22431
2.257716e-007 3.26816
2.259716e-007 3.27783
2.261716e-007 3.20015
2.263716e-007 3.09484
2.265716e-007 3.06549
2.267716e-007 3.13454
2.269716e-007 3.23157
2.271716e-007 3.27127
2.273716e-007 3.23018
2.275716e-007 3.23744
2.277716e-007 3.33238
2.279716e-007 3.29613
2.281716e-007 3.07447
2.283716e-007 2.91599
2.285716e-007 3.00645
2.287716e-007 3.26264
2.289716e-007 3.466
2.291716e-007 3.48914
2.293716e-007 3.36588
2.295716e-007 3.20153
2.297716e-007 3.12488
2.299716e-007 3.21983
2.301716e-007 3.36277
2.303716e-007 3.3966
2.305716e-007 3.40282
2.307716e-007 3.4629
2.309716e-007 3.47118
2.311716e-007 3.38728
2.313716e-007 3.31339
2.315716e-007 3.29682
2.317716e-007 3.25021
2.319716e-007 3.12833
2.321716e-007 3.05928
2.323716e-007 3.13282
2.325716e-007 3.26678
2.327716e-007 3.36035
2.329716e-007 3.4225
2.331716e-007 3.49052
2.333716e-007 3.50536
2.335716e-007 3.45496
2.337716e-007 3.41249
2.339716e-007 3.37313
2.341716e-007 3.36242
2.343716e-007 3.4591
2.345716e-007 3.58236
2.347716e-007 3.57822
2.349716e-007 3.45875
2.351716e-007 3.36829
2.353716e-007 3.41318
2.355716e-007 3.49052
2.357716e-007 3.43286
2.359716e-007 3.36415
2.361716e-007 3.44045
2.363716e-007 3.50088
2.365716e-007 3.4263
2.367716e-007 3.35897
2.369716e-007 3.35414
2.371716e-007 3.34171
2.373716e-007 3.40247
2.375716e-007 3.53678
2.377716e-007 3.56095
2.379716e-007 3.50019
2.381716e-007 3.49673
2.383716e-007 3.51814
2.385716e-007 3.53609
2.387716e-007 3.54507
2.389716e-007 3.4553
2.391716e-007 3.33411
2.393716e-007 3.35793
2.395716e-007 3.46221
2.397716e-007 3.48534
2.399716e-007 3.43458
2.401716e-007 3.4446
2.403716e-007 3.55439
2.405716e-007 3.58719
2.407716e-007 3.47153
2.409716e-007 3.39039
2.411716e-007 3.40558
2.413716e-007 3.4149
2.415716e-007 3.43182
2.417716e-007 3.52194
2.419716e-007 3.6345
2.421716e-007 3.68456
2.423716e-007 3.70735
2.425716e-007 3.72254
2.427716e-007 3.64451
2.429716e-007 3.51503
2.431716e-007 3.466
2.433716e-007 3.47222
2.435716e-007 3.43355
2.437716e-007 3.40558
2.439716e-007 3.49742
2.441716e-007 3.60342
2.443716e-007 3.56233
2.445716e-007 3.47947
2.447716e-007 3.49121
2.449716e-007 3.53506
2.451716e-007 3.5758
2.453716e-007 3.59617
2.455716e-007 3.52435
2.457716e-007 3.41698
2.459716e-007 3.41767
2.461716e-007 3.54196
2.463716e-007 3.65763
2.465716e-007 3.67386
2.467716e-007 3.61965
2.469716e-007 3.54404
2.471716e-007 3.48396
2.473716e-007 3.46704
2.475716e-007 3.49155
2.477716e-007 3.51538
2.479716e-007 3.5468
2.481716e-007 3.62586
2.483716e-007 3.66453
2.485716e-007 3.57373
2.487716e-007 3.48707
2.489716e-007 3.57891
2.491716e-007 3.75914
2.493716e-007 3.82888
2.495716e-007 3.80092
2.497716e-007 3.78262
2.499716e-007 3.74498
2.501716e-007 3.66143
2.503716e-007 3.63484
2.505716e-007 3.69837
2.507716e-007 3.73842
2.509716e-007 3.69561
2.511716e-007 3.64624
2.513716e-007 3.66799
2.515716e-007 3.71391
2.517716e-007 3.68767
2.519716e-007 3.60791
2.521716e-007 3.58063
