-2.481246e-007 9.99437
-2.479246e-007 9.93533
-2.477246e-007 9.94155
-2.475246e-007 9.96296
-2.473246e-007 9.95501
-2.471246e-007 9.92325
-2.469246e-007 9.91565
-2.467246e-007 9.97884
-2.465246e-007 10.1007
-2.463246e-007 10.1957
-2.461246e-007 10.1753
-2.459246e-007 10.061
-2.457246e-007 9.98851
-2.455246e-007 9.98264
-2.453246e-007 9.9381
-2.451246e-007 9.87871
-2.449246e-007 9.90702
-2.447246e-007 9.98056
-2.445246e-007 9.98298
-2.443246e-007 9.94707
-2.441246e-007 9.95778
-2.439246e-007 9.97469
-2.437246e-007 9.96468
-2.435246e-007 9.97711
-2.433246e-007 10.0403
-2.431246e-007 10.0679
-2.429246e-007 10.0006
-2.427246e-007 9.94707
-2.425246e-007 9.97608
-2.423246e-007 9.99265
-2.421246e-007 9.93154
-2.419246e-007 9.87249
-2.417246e-007 9.91876
-2.415246e-007 10.0413
-2.413246e-007 10.1087
-2.411246e-007 10.0776
-2.409246e-007 10.0137
-2.407246e-007 9.99403
-2.405246e-007 10.0752
-2.403246e-007 10.1953
-2.401246e-007 10.2288
-2.399246e-007 10.1118
-2.397246e-007 9.95398
-2.395246e-007 9.94293
-2.393246e-007 10.0258
-2.391246e-007 10.0424
-2.389246e-007 9.974
-2.387246e-007 9.87077
-2.385246e-007 9.84936
-2.383246e-007 9.94327
-2.381246e-007 10.0127
-2.379246e-007 10.0455
-2.377246e-007 10.0997
-2.375246e-007 10.098
-2.373246e-007 10.0351
-2.371246e-007 10.0482
-2.369246e-007 10.1522
-2.367246e-007 10.2247
-2.365246e-007 10.2233
-2.363246e-007 10.1888
-2.361246e-007 10.1687
-2.359246e-007 10.1636
-2.357246e-007 10.1352
-2.355246e-007 10.0831
-2.353246e-007 10.0424
-2.351246e-007 10.0358
-2.349246e-007 10.0572
-2.347246e-007 10.0769
-2.345246e-007 10.0538
-2.343246e-007 9.99576
-2.341246e-007 9.95191
-2.339246e-007 9.91358
-2.337246e-007 9.86006
-2.335246e-007 9.8977
-2.333246e-007 10.0161
-2.331246e-007 10.031
-2.329246e-007 9.99403
-2.327246e-007 10.0123
-2.325246e-007 10.0109
-2.323246e-007 10.0134
-2.321246e-007 10.0372
-2.319246e-007 10.0116
-2.317246e-007 10.0161
-2.315246e-007 10.1038
-2.313246e-007 10.1756
-2.311246e-007 10.1791
-2.309246e-007 10.1135
-2.307246e-007 10.0372
-2.305246e-007 10.0458
-2.303246e-007 10.0527
-2.301246e-007 9.96226
-2.299246e-007 9.90702
-2.297246e-007 9.95398
-2.295246e-007 9.97642
-2.293246e-007 9.95432
-2.291246e-007 9.97297
-2.289246e-007 10.0206
-2.287246e-007 10.0734
-2.285246e-007 10.1076
-2.283246e-007 10.069
-2.281246e-007 10.0013
-2.279246e-007 9.99299
-2.277246e-007 10.0462
-2.275246e-007 10.109
-2.273246e-007 10.1549
-2.271246e-007 10.1494
-2.269246e-007 10.0455
-2.267246e-007 9.90426
-2.265246e-007 9.82761
-2.263246e-007 9.83831
-2.261246e-007 9.92014
-2.259246e-007 9.99645
-2.257246e-007 10.0151
-2.255246e-007 10.0292
-2.253246e-007 10.0403
-2.251246e-007 10.0289
-2.249246e-007 10.0431
-2.247246e-007 10.1069
-2.245246e-007 10.1674
-2.243246e-007 10.1435
-2.241246e-007 10.0607
-2.239246e-007 10.0099
-2.237246e-007 9.95639
-2.235246e-007 9.87767
-2.233246e-007 9.90081
-2.231246e-007 10.0123
-2.229246e-007 10.04
-2.227246e-007 9.97677
-2.225246e-007 9.9267
-2.223246e-007 9.87871
-2.221246e-007 9.83486
-2.219246e-007 9.90081
-2.217246e-007 10.0472
-2.215246e-007 10.1159
-2.213246e-007 10.0558
-2.211246e-007 9.9816
-2.209246e-007 10.0241
-2.207246e-007 10.1401
-2.205246e-007 10.1843
-2.203246e-007 10.1038
-2.201246e-007 9.97642
-2.199246e-007 9.8977
-2.197246e-007 9.91462
-2.195246e-007 9.96675
-2.193246e-007 9.97608
-2.191246e-007 10.0044
-2.189246e-007 10.0451
-2.187246e-007 10.0058
-2.185246e-007 9.94535
-2.183246e-007 9.96192
-2.181246e-007 10.0648
-2.179246e-007 10.1577
-2.177246e-007 10.1422
-2.175246e-007 10.0841
-2.173246e-007 10.051
-2.171246e-007 10.0386
-2.169246e-007 10.0879
-2.167246e-007 10.1522
-2.165246e-007 10.1125
-2.163246e-007 10.033
-2.161246e-007 10.0441
-2.159246e-007 10.0755
-2.157246e-007 10.0254
-2.155246e-007 9.96399
-2.153246e-007 9.96226
-2.151246e-007 9.98229
-2.149246e-007 10.0317
-2.147246e-007 10.1066
-2.145246e-007 10.148
-2.143246e-007 10.1801
-2.141246e-007 10.1895
-2.139246e-007 10.1169
-2.137246e-007 10.0241
-2.135246e-007 9.97504
-2.133246e-007 9.97884
-2.131246e-007 10.0275
-2.129246e-007 10.0745
-2.127246e-007 10.1056
-2.125246e-007 10.1118
-2.123246e-007 10.0821
-2.121246e-007 10.0596
-2.119246e-007 10.0413
-2.117246e-007 10.031
-2.115246e-007 10.0555
-2.113246e-007 10.0779
-2.111246e-007 10.0655
-2.109246e-007 10.0103
-2.107246e-007 9.97469
-2.105246e-007 9.97124
-2.103246e-007 9.91565
-2.101246e-007 9.88561
-2.099246e-007 9.97193
-2.097246e-007 10.0762
-2.095246e-007 10.1346
-2.093246e-007 10.1736
-2.091246e-007 10.1694
-2.089246e-007 10.09
-2.087246e-007 9.96744
-2.085246e-007 9.91013
-2.083246e-007 10.0199
-2.081246e-007 10.1836
-2.079246e-007 10.2419
-2.077246e-007 10.195
-2.075246e-007 10.0973
-2.073246e-007 10.0282
-2.071246e-007 10.0054
-2.069246e-007 9.98712
-2.067246e-007 9.98678
-2.065246e-007 9.99265
-2.063246e-007 9.97262
-2.061246e-007 9.97435
-2.059246e-007 10.0479
-2.057246e-007 10.1049
-2.055246e-007 10.0541
-2.053246e-007 9.9961
-2.051246e-007 10.0075
-2.049246e-007 10.0417
-2.047246e-007 10.0911
-2.045246e-007 10.1615
-2.043246e-007 10.2126
-2.041246e-007 10.1625
-2.039246e-007 10.0527
-2.037246e-007 10.0455
-2.035246e-007 10.1031
-2.033246e-007 10.1004
-2.031246e-007 10.089
-2.029246e-007 10.099
-2.027246e-007 10.0845
-2.025246e-007 10.0866
-2.023246e-007 10.1038
-2.021246e-007 10.032
-2.019246e-007 9.91393
-2.017246e-007 9.94327
-2.015246e-007 10.0817
-2.013246e-007 10.1259
-2.011246e-007 10.0914
-2.009246e-007 10.0572
-2.007246e-007 10.0372
-2.005246e-007 10.0527
-2.003246e-007 10.0534
-2.001246e-007 10.0472
-1.999246e-007 10.1
-1.997246e-007 10.1314
-1.995246e-007 10.0793
-1.993246e-007 9.98609
-1.991246e-007 9.8756
-1.989246e-007 9.83728
-1.987246e-007 9.9046
-1.985246e-007 9.94949
-1.983246e-007 9.94983
-1.981246e-007 9.97953
-1.979246e-007 9.98022
-1.977246e-007 9.90426
-1.975246e-007 9.86766
-1.973246e-007 9.93741
-1.971246e-007 10.0051
-1.969246e-007 9.95812
-1.967246e-007 9.85419
-1.965246e-007 9.88113
-1.963246e-007 10.0576
-1.961246e-007 10.1601
-1.959246e-007 10.0993
-1.957246e-007 10.0465
-1.955246e-007 10.0866
-1.953246e-007 10.1066
-1.951246e-007 10.0648
-1.949246e-007 10.0223
-1.947246e-007 9.97987
-1.945246e-007 9.91393
-1.943246e-007 9.89425
-1.941246e-007 9.97573
-1.939246e-007 10.0634
-1.937246e-007 10.0634
-1.935246e-007 10.0013
-1.933246e-007 9.98264
-1.931246e-007 10.0645
-1.929246e-007 10.1629
-1.927246e-007 10.2209
-1.925246e-007 10.2295
-1.923246e-007 10.1819
-1.921246e-007 10.1639
-1.919246e-007 10.1318
-1.917246e-007 9.99507
-1.915246e-007 9.94776
-1.913246e-007 10.0351
-1.911246e-007 10.0123
-1.909246e-007 9.89494
-1.907246e-007 9.88734
-1.905246e-007 10.0141
-1.903246e-007 10.166
-1.901246e-007 10.2481
-1.899246e-007 10.2254
-1.897246e-007 10.1377
-1.895246e-007 10.0748
-1.893246e-007 10.0517
-1.891246e-007 10.0199
-1.889246e-007 10.0375
-1.887246e-007 10.1743
-1.885246e-007 10.2903
-1.883246e-007 10.205
-1.881246e-007 10.0282
-1.879246e-007 9.98022
-1.877246e-007 10.0147
-1.875246e-007 10.0165
-1.873246e-007 10.0248
-1.871246e-007 10.05
-1.869246e-007 10.0883
-1.867246e-007 10.1473
-1.865246e-007 10.1218
-1.863246e-007 9.98367
-1.861246e-007 9.90357
-1.859246e-007 9.93637
-1.857246e-007 9.97228
-1.855246e-007 10.0141
-1.853246e-007 10.0596
-1.851246e-007 10.0617
-1.849246e-007 10.0797
-1.847246e-007 10.1301
-1.845246e-007 10.1522
-1.843246e-007 10.1201
-1.841246e-007 10.0154
-1.839246e-007 9.88251
-1.837246e-007 9.86283
-1.835246e-007 9.94466
-1.833246e-007 9.97608
-1.831246e-007 10.0106
-1.829246e-007 10.1014
-1.827246e-007 10.0883
-1.825246e-007 9.99714
-1.823246e-007 9.97331
-1.821246e-007 9.98712
-1.819246e-007 9.98678
-1.817246e-007 9.93706
-1.815246e-007 9.86593
-1.813246e-007 9.89217
-1.811246e-007 9.98022
-1.809246e-007 10.0096
-1.807246e-007 10.0324
-1.805246e-007 10.0976
-1.803246e-007 10.1128
-1.801246e-007 10.0841
-1.799246e-007 10.0707
-1.797246e-007 10.0334
-1.795246e-007 10.0244
-1.793246e-007 10.1
-1.791246e-007 10.1501
-1.789246e-007 10.0959
-1.787246e-007 9.974
-1.785246e-007 9.84418
-1.783246e-007 9.78756
-1.781246e-007 9.83313
-1.779246e-007 9.88734
-1.777246e-007 9.90944
-1.775246e-007 9.93154
-1.773246e-007 9.94362
-1.771246e-007 9.97331
-1.769246e-007 10.0341
-1.767246e-007 10.0776
-1.765246e-007 10.0714
-1.763246e-007 10.0116
-1.761246e-007 9.98367
-1.759246e-007 10.0393
-1.757246e-007 10.0776
-1.755246e-007 10.0589
-1.753246e-007 10.0075
-1.751246e-007 9.94327
-1.749246e-007 9.90668
-1.747246e-007 9.88285
-1.745246e-007 9.88596
-1.743246e-007 9.94914
-1.741246e-007 10.0344
-1.739246e-007 10.0955
-1.737246e-007 10.1311
-1.735246e-007 10.1567
-1.733246e-007 10.1325
-1.731246e-007 10.0835
-1.729246e-007 10.0869
-1.727246e-007 10.138
-1.725246e-007 10.2402
-1.723246e-007 10.3003
-1.721246e-007 10.2095
-1.719246e-007 10.1266
-1.717246e-007 10.1549
-1.715246e-007 10.1484
-1.713246e-007 10.0786
-1.711246e-007 10.0576
-1.709246e-007 10.0648
-1.707246e-007 10.0507
-1.705246e-007 10.0755
-1.703246e-007 10.1328
-1.701246e-007 10.1214
-1.699246e-007 9.99921
-1.697246e-007 9.8977
-1.695246e-007 9.97193
-1.693246e-007 10.1183
-1.691246e-007 10.1273
-1.689246e-007 10.0362
-1.687246e-007 10.0058
-1.685246e-007 10.04
-1.683246e-007 10.0707
-1.681246e-007 10.0679
-1.679246e-007 9.98056
-1.677246e-007 9.87595
-1.675246e-007 9.93706
-1.673246e-007 10.1024
-1.671246e-007 10.1449
-1.669246e-007 10.0469
-1.667246e-007 9.95881
-1.665246e-007 9.96572
-1.663246e-007 9.98609
-1.661246e-007 9.94431
-1.659246e-007 9.93361
-1.657246e-007 10.0109
-1.655246e-007 10.0296
-1.653246e-007 9.93119
-1.651246e-007 9.90357
-1.649246e-007 10.0071
-1.647246e-007 10.0496
-1.645246e-007 9.97124
-1.643246e-007 9.96468
-1.641246e-007 10.0797
-1.639246e-007 10.119
-1.637246e-007 10.0362
-1.635246e-007 9.97504
-1.633246e-007 9.9854
-1.631246e-007 10.0413
-1.629246e-007 10.1311
-1.627246e-007 10.1422
-1.625246e-007 10.0058
-1.623246e-007 9.88147
-1.621246e-007 9.85558
-1.619246e-007 9.83348
-1.617246e-007 9.80931
-1.615246e-007 9.88458
-1.613246e-007 10.0275
-1.611246e-007 10.0707
-1.609246e-007 10.003
-1.607246e-007 9.97953
-1.605246e-007 10.052
-1.603246e-007 10.1598
-1.601246e-007 10.2026
-1.599246e-007 10.1038
-1.597246e-007 9.9488
-1.595246e-007 9.91047
-1.593246e-007 10.0161
-1.591246e-007 10.0617
-1.589246e-007 9.91772
-1.587246e-007 9.80033
-1.585246e-007 9.87905
-1.583246e-007 9.99886
-1.581246e-007 10.0734
-1.579246e-007 10.1342
-1.577246e-007 10.1211
-1.575246e-007 10.0748
-1.573246e-007 10.1093
-1.571246e-007 10.1377
-1.569246e-007 10.0569
-1.567246e-007 10.031
-1.565246e-007 10.1176
-1.563246e-007 10.1107
-1.561246e-007 10.0324
-1.559246e-007 10.0213
-1.557246e-007 10.0244
-1.555246e-007 9.99403
-1.553246e-007 9.97124
-1.551246e-007 9.99645
-1.549246e-007 10.0234
-1.547246e-007 9.97918
-1.545246e-007 9.90012
-1.543246e-007 9.86801
-1.541246e-007 9.89528
-1.539246e-007 9.94673
-1.537246e-007 10.0296
-1.535246e-007 10.1169
-1.533246e-007 10.1183
-1.531246e-007 10.0679
-1.529246e-007 10.0962
-1.527246e-007 10.2119
-1.525246e-007 10.2616
-1.523246e-007 10.1504
-1.521246e-007 10.032
-1.519246e-007 10.0551
-1.517246e-007 10.081
-1.515246e-007 10.0123
-1.513246e-007 9.95812
-1.511246e-007 9.96503
-1.509246e-007 10.0179
-1.507246e-007 10.0645
-1.505246e-007 10.0071
-1.503246e-007 9.87388
-1.501246e-007 9.7848
-1.499246e-007 9.78963
-1.497246e-007 9.86352
-1.495246e-007 9.91669
-1.493246e-007 9.9412
-1.491246e-007 10.0417
-1.489246e-007 10.1456
-1.487246e-007 10.0911
-1.485246e-007 9.95018
-1.483246e-007 9.87042
-1.481246e-007 9.88147
-1.479246e-007 9.96434
-1.477246e-007 10.0627
-1.475246e-007 10.1104
-1.473246e-007 10.1266
-1.471246e-007 10.1615
-1.469246e-007 10.1473
-1.467246e-007 10.0431
-1.465246e-007 9.95881
-1.463246e-007 9.91255
-1.461246e-007 9.85868
-1.459246e-007 9.8649
-1.457246e-007 9.97262
-1.455246e-007 10.0931
-1.453246e-007 10.0955
-1.451246e-007 9.99058
-1.449246e-007 9.95709
-1.447246e-007 10.0168
-1.445246e-007 9.98091
-1.443246e-007 9.89114
-1.441246e-007 9.95122
-1.439246e-007 10.0693
-1.437246e-007 10.0634
-1.435246e-007 10.0092
-1.433246e-007 10.0292
-1.431246e-007 10.0883
-1.429246e-007 10.089
-1.427246e-007 10.0572
-1.425246e-007 10.0917
-1.423246e-007 10.1042
-1.421246e-007 10.0185
-1.419246e-007 9.96365
-1.417246e-007 9.97642
-1.415246e-007 9.99817
-1.413246e-007 10.0427
-1.411246e-007 10.1052
-1.409246e-007 10.1549
-1.407246e-007 10.1943
-1.405246e-007 10.1919
-1.403246e-007 10.08
-1.401246e-007 9.95639
-1.399246e-007 10.0089
-1.397246e-007 10.1449
-1.395246e-007 10.147
-1.393246e-007 10.0779
-1.391246e-007 10.0793
-1.389246e-007 10.0835
-1.387246e-007 10.0275
-1.385246e-007 9.99576
-1.383246e-007 10.0382
-1.381246e-007 10.0845
-1.379246e-007 10.062
-1.377246e-007 10.0279
-1.375246e-007 10.0803
-1.373246e-007 10.1211
-1.371246e-007 9.99507
-1.369246e-007 9.87284
-1.367246e-007 9.98678
-1.365246e-007 10.2084
-1.363246e-007 10.2941
-1.361246e-007 10.1922
-1.359246e-007 10.0562
-1.357246e-007 10.0058
-1.355246e-007 9.99092
-1.353246e-007 9.9999
-1.351246e-007 10.0286
-1.349246e-007 10.0348
-1.347246e-007 10.0158
-1.345246e-007 9.96434
-1.343246e-007 9.91013
-1.341246e-007 9.90944
-1.339246e-007 9.96019
-1.337246e-007 9.98712
-1.335246e-007 9.945
-1.333246e-007 9.92221
-1.331246e-007 9.97435
-1.329246e-007 10.021
-1.327246e-007 10.0175
-1.325246e-007 10.0009
-1.323246e-007 10.0089
-1.321246e-007 10.061
-1.319246e-007 10.0866
-1.317246e-007 10.0002
-1.315246e-007 9.91911
-1.313246e-007 9.92359
-1.311246e-007 9.91911
-1.309246e-007 9.92428
-1.307246e-007 9.96054
-1.305246e-007 9.93844
-1.303246e-007 9.88492
-1.301246e-007 9.89735
-1.299246e-007 9.98609
-1.297246e-007 10.0976
-1.295246e-007 10.137
-1.293246e-007 10.0911
-1.291246e-007 10.0752
-1.289246e-007 10.1204
-1.287246e-007 10.1622
-1.285246e-007 10.1598
-1.283246e-007 10.1014
-1.281246e-007 10.0617
-1.279246e-007 10.0911
-1.277246e-007 10.1135
-1.275246e-007 10.1097
-1.273246e-007 10.1007
-1.271246e-007 10.0344
-1.269246e-007 9.91669
-1.267246e-007 9.83417
-1.265246e-007 9.82485
-1.263246e-007 9.91324
-1.261246e-007 10.0538
-1.259246e-007 10.1131
-1.257246e-007 10.1183
-1.255246e-007 10.1135
-1.253246e-007 10.0358
-1.251246e-007 9.97815
-1.249246e-007 10.041
-1.247246e-007 10.1028
-1.245246e-007 10.0779
-1.243246e-007 10.0268
-1.241246e-007 10.0092
-1.239246e-007 10.032
-1.237246e-007 10.0444
-1.235246e-007 10.0075
-1.233246e-007 9.97987
-1.231246e-007 10.0279
-1.229246e-007 10.0859
-1.227246e-007 10.1093
-1.225246e-007 10.1525
-1.223246e-007 10.1387
-1.221246e-007 9.99921
-1.219246e-007 9.90288
-1.217246e-007 9.94189
-1.215246e-007 9.98574
-1.213246e-007 9.96192
-1.211246e-007 9.91703
-1.209246e-007 9.94431
-1.207246e-007 10.0569
-1.205246e-007 10.1169
-1.203246e-007 10.0866
-1.201246e-007 10.0579
-1.199246e-007 10.0282
-1.197246e-007 9.96192
-1.195246e-007 9.90529
-1.193246e-007 9.88734
-1.191246e-007 9.87767
-1.189246e-007 9.87905
-1.187246e-007 9.92636
-1.185246e-007 10.0179
-1.183246e-007 10.0869
-1.181246e-007 10.0244
-1.179246e-007 9.87146
-1.177246e-007 9.84384
-1.175246e-007 9.94258
-1.173246e-007 9.98194
-1.171246e-007 9.95847
-1.169246e-007 9.91738
-1.167246e-007 9.84763
-1.165246e-007 9.84867
-1.163246e-007 9.99299
-1.161246e-007 10.1494
-1.159246e-007 10.1725
-1.157246e-007 10.0845
-1.155246e-007 10.0071
-1.153246e-007 10.0241
-1.151246e-007 10.0555
-1.149246e-007 10.0141
-1.147246e-007 9.98851
-1.145246e-007 10.0289
-1.143246e-007 10.0724
-1.141246e-007 10.0828
-1.139246e-007 10.0828
-1.137246e-007 10.1239
-1.135246e-007 10.1604
-1.133246e-007 10.0924
-1.131246e-007 9.94811
-1.129246e-007 9.86939
-1.127246e-007 9.92567
-1.125246e-007 9.99092
-1.123246e-007 9.95778
-1.121246e-007 9.92428
-1.119246e-007 9.98125
-1.117246e-007 10.0558
-1.115246e-007 10.0489
-1.113246e-007 9.97746
-1.111246e-007 9.91393
-1.109246e-007 9.85247
-1.107246e-007 9.81932
-1.105246e-007 9.9046
-1.103246e-007 10.0424
-1.101246e-007 10.0797
-1.099246e-007 10.0451
-1.097246e-007 10.0893
-1.095246e-007 10.1946
-1.093246e-007 10.2033
-1.091246e-007 10.1363
-1.089246e-007 10.1459
-1.087246e-007 10.2178
-1.085246e-007 10.215
-1.083246e-007 10.1011
-1.081246e-007 9.99955
-1.079246e-007 9.97331
-1.077246e-007 9.95398
-1.075246e-007 9.96434
-1.073246e-007 9.98505
-1.071246e-007 9.92256
-1.069246e-007 9.88251
-1.067246e-007 9.96882
-1.065246e-007 10.0873
-1.063246e-007 10.1394
-1.061246e-007 10.0948
-1.059246e-007 10.0317
-1.057246e-007 10.0386
-1.055246e-007 10.0517
-1.053246e-007 10.0627
-1.051246e-007 10.1601
-1.049246e-007 10.2554
-1.047246e-007 10.2316
-1.045246e-007 10.1587
-1.043246e-007 10.1018
-1.041246e-007 10.0752
-1.039246e-007 10.0955
-1.037246e-007 10.0993
-1.035246e-007 10.0596
-1.033246e-007 10.0234
-1.031246e-007 9.98194
-1.029246e-007 9.93602
-1.027246e-007 9.9229
-1.025246e-007 9.9015
-1.023246e-007 9.87526
-1.021246e-007 9.93913
-1.019246e-007 10.079
-1.017246e-007 10.1905
-1.015246e-007 10.1801
-1.013246e-007 10.0424
-1.011246e-007 9.91462
-1.009246e-007 9.92049
-1.007246e-007 9.98643
-1.005246e-007 10.0248
-1.003246e-007 10.0579
-1.001246e-007 10.0683
-9.992458e-008 10.0721
-9.972458e-008 10.1031
-9.952458e-008 10.1131
-9.932458e-008 10.0942
-9.912458e-008 10.0962
-9.892458e-008 10.1256
-9.872458e-008 10.1239
-9.852458e-008 10.0797
-9.832458e-008 10.0662
-9.812458e-008 10.0883
-9.792458e-008 10.0997
-9.772458e-008 10.1166
-9.752458e-008 10.1846
-9.732458e-008 10.235
-9.712458e-008 10.1301
-9.692458e-008 9.93568
-9.672458e-008 9.8977
-9.652458e-008 10.0282
-9.632458e-008 10.1138
-9.612458e-008 10.1163
-9.592458e-008 10.1228
-9.572458e-008 10.1598
-9.552458e-008 10.2247
-9.532458e-008 10.2557
-9.512458e-008 10.1895
-9.492458e-008 10.0589
-9.472458e-008 9.96296
-9.452458e-008 9.99679
-9.432458e-008 10.0942
-9.412458e-008 10.1011
-9.392458e-008 10.0582
-9.372458e-008 10.0769
-9.352458e-008 10.1207
-9.332458e-008 10.128
-9.312458e-008 10.1366
-9.292458e-008 10.1494
-9.272458e-008 10.1183
-9.252458e-008 10.0703
-9.232458e-008 10.0437
-9.212458e-008 10.051
-9.192458e-008 10.0835
-9.172458e-008 10.0803
-9.152458e-008 10.0241
-9.132458e-008 9.99576
-9.112458e-008 10.0175
-9.092458e-008 10.0116
-9.072458e-008 9.95709
-9.052458e-008 9.8977
-9.032458e-008 9.88561
-9.012458e-008 9.95605
-8.992458e-008 10.0482
-8.972458e-008 10.0759
-8.952458e-008 10.0541
-8.932458e-008 10.0286
-8.912458e-008 10.0068
-8.892458e-008 10.0078
-8.872458e-008 10.0372
-8.852458e-008 10.0897
-8.832458e-008 10.1518
-8.812458e-008 10.1225
-8.792458e-008 9.98229
-8.772458e-008 9.89183
-8.752458e-008 9.95467
-8.732458e-008 10.07
-8.712458e-008 10.0734
-8.692458e-008 9.96882
-8.672458e-008 9.91358
-8.652458e-008 9.97608
-8.632458e-008 10.0258
-8.612458e-008 9.97435
-8.592458e-008 9.95156
-8.572458e-008 10.062
-8.552458e-008 10.2271
-8.532458e-008 10.2537
-8.512458e-008 10.0976
-8.492458e-008 9.98436
-8.472458e-008 10.0251
-8.452458e-008 10.0862
-8.432458e-008 10.1107
-8.412458e-008 10.1201
-8.392458e-008 10.0945
-8.372458e-008 10.0393
-8.352458e-008 9.99714
-8.332458e-008 9.95847
-8.312458e-008 9.90391
-8.292458e-008 9.9198
-8.272458e-008 9.97642
-8.252458e-008 9.95605
-8.232458e-008 9.96123
-8.212458e-008 10.0379
-8.192458e-008 10.0617
-8.172458e-008 10.0424
-8.152458e-008 10.051
-8.132458e-008 10.1056
-8.112458e-008 10.1642
-8.092458e-008 10.1539
-8.072458e-008 10.0983
-8.052458e-008 10.0734
-8.032458e-008 10.0959
-8.012458e-008 10.1435
-7.992458e-008 10.1511
-7.972458e-008 10.0282
-7.952458e-008 9.84246
-7.932458e-008 9.76891
-7.912458e-008 9.80724
-7.892458e-008 9.86317
-7.872458e-008 9.90978
-7.852458e-008 9.95053
-7.832458e-008 10.0254
-7.812458e-008 10.1256
-7.792458e-008 10.1449
-7.772458e-008 10.0848
-7.752458e-008 10.0821
-7.732458e-008 10.1363
-7.712458e-008 10.1432
-7.692458e-008 10.1694
-7.672458e-008 10.2647
-7.652458e-008 10.2885
-7.632458e-008 10.2081
-7.612458e-008 10.1529
-7.592458e-008 10.1422
-7.572458e-008 10.1125
-7.552458e-008 10.0824
-7.532458e-008 10.0935
-7.512458e-008 10.1183
-7.492458e-008 10.089
-7.472458e-008 10.0268
-7.452458e-008 9.98402
-7.432458e-008 9.92532
-7.412458e-008 9.84246
-7.392458e-008 9.76822
-7.372458e-008 9.79274
-7.352458e-008 9.95674
-7.332458e-008 10.1
-7.312458e-008 10.1342
-7.292458e-008 10.1207
-7.272458e-008 10.1411
-7.252458e-008 10.1867
-7.232458e-008 10.1183
-7.212458e-008 9.99161
-7.192458e-008 9.9412
-7.172458e-008 9.90253
-7.152458e-008 9.90357
-7.132458e-008 10.0254
-7.112458e-008 10.1532
-7.092458e-008 10.1529
-7.072458e-008 10.0555
-7.052458e-008 9.94983
-7.032458e-008 9.86145
-7.012458e-008 9.84453
-6.992458e-008 9.94397
-6.972458e-008 10.0579
-6.952458e-008 10.0607
-6.932458e-008 9.95778
-6.912458e-008 9.87042
-6.892458e-008 9.88872
-6.872458e-008 9.9671
-6.852458e-008 10.0393
-6.832458e-008 10.1018
-6.812458e-008 10.1539
-6.792458e-008 10.1843
-6.772458e-008 10.1667
-6.752458e-008 10.0969
-6.732458e-008 10.0254
-6.712458e-008 10.0147
-6.692458e-008 10.1004
-6.672458e-008 10.186
-6.652458e-008 10.1297
-6.632458e-008 10.0161
-6.612458e-008 10.0002
-6.592458e-008 10.0344
-6.572458e-008 10.0593
-6.552458e-008 10.1093
-6.532458e-008 10.0752
-6.512458e-008 9.89321
-6.492458e-008 9.82243
-6.472458e-008 9.99437
-6.452458e-008 10.1718
-6.432458e-008 10.1898
-6.412458e-008 10.0935
-6.392458e-008 9.93913
-6.372458e-008 9.84522
-6.352458e-008 9.89873
-6.332458e-008 9.97918
-6.312458e-008 9.97366
-6.292458e-008 9.93292
-6.272458e-008 9.97815
-6.252458e-008 10.1176
-6.232458e-008 10.2022
-6.212458e-008 10.1604
-6.192458e-008 10.0869
-6.172458e-008 10.0793
-6.152458e-008 10.1131
-6.132458e-008 10.0928
-6.112458e-008 10.0182
-6.092458e-008 9.97953
-6.072458e-008 10.0144
-6.052458e-008 10.0707
-6.032458e-008 10.0765
-6.012458e-008 10.0696
-5.992458e-008 10.1107
-5.972458e-008 10.1494
-5.952458e-008 10.1042
-5.932458e-008 9.97746
-5.912458e-008 9.92946
-5.892458e-008 10.0451
-5.872458e-008 10.1639
-5.852458e-008 10.1722
-5.832458e-008 10.1028
-5.812458e-008 10.003
-5.792458e-008 9.96157
-5.772458e-008 10.0248
-5.752458e-008 10.0914
-5.732458e-008 10.079
-5.712458e-008 10.0634
-5.692458e-008 10.0976
-5.672458e-008 10.1035
-5.652458e-008 10.0928
-5.632458e-008 10.1425
-5.612458e-008 10.1639
-5.592458e-008 10.0655
-5.572458e-008 9.95985
-5.552458e-008 9.99265
-5.532458e-008 10.1049
-5.512458e-008 10.1062
-5.492458e-008 10.0016
-5.472458e-008 9.96848
-5.452458e-008 10.0389
-5.432458e-008 10.1266
-5.412458e-008 10.1518
-5.392458e-008 10.0437
-5.372458e-008 9.91255
-5.352458e-008 9.94017
-5.332458e-008 10.0051
-5.312458e-008 9.94776
-5.292458e-008 9.916
-5.272458e-008 10.0154
-5.252458e-008 10.1249
-5.232458e-008 10.1252
-5.212458e-008 10.0127
-5.192458e-008 9.92221
-5.172458e-008 9.93223
-5.152458e-008 9.92152
-5.132458e-008 9.87836
-5.112458e-008 9.94397
-5.092458e-008 10.0475
-5.072458e-008 10.0254
-5.052458e-008 9.94914
-5.032458e-008 9.91255
-5.012458e-008 9.916
-4.992458e-008 9.98264
-4.972458e-008 10.0579
-4.952458e-008 10.0707
-4.932458e-008 10.0496
-4.912458e-008 10.0403
-4.892458e-008 10.0341
-4.872458e-008 10.0455
-4.852458e-008 10.1169
-4.832458e-008 10.2136
-4.812458e-008 10.2651
-4.792458e-008 10.1843
-4.772458e-008 9.97711
-4.752458e-008 9.84936
-4.732458e-008 9.93292
-4.712458e-008 10.1214
-4.692458e-008 10.2395
-4.672458e-008 10.1815
-4.652458e-008 10.0372
-4.632458e-008 10.0123
-4.612458e-008 10.109
-4.592458e-008 10.1684
-4.572458e-008 10.1639
-4.552458e-008 10.1546
-4.532458e-008 10.1442
-4.512458e-008 10.1439
-4.492458e-008 10.158
-4.472458e-008 10.1629
-4.452458e-008 10.1373
-4.432458e-008 10.04
-4.412458e-008 9.92877
-4.392458e-008 9.90288
-4.372458e-008 9.90978
-4.352458e-008 9.90702
-4.332458e-008 9.97918
-4.312458e-008 10.1142
-4.292458e-008 10.1567
-4.272458e-008 10.0803
-4.252458e-008 10.0103
-4.232458e-008 9.99334
-4.212458e-008 9.98885
-4.192458e-008 9.95847
-4.172458e-008 9.96019
-4.152458e-008 10.0696
-4.132458e-008 10.1825
-4.112458e-008 10.1705
-4.092458e-008 10.0962
-4.072458e-008 10.0565
-4.052458e-008 10.0479
-4.032458e-008 10.0458
-4.012458e-008 10.0472
-3.992458e-008 10.07
-3.972458e-008 10.099
-3.952458e-008 10.0679
-3.932458e-008 10.0258
-3.912458e-008 10.0123
-3.892458e-008 9.93499
-3.872458e-008 9.84625
-3.852458e-008 9.86524
-3.832458e-008 9.92359
-3.812458e-008 9.94466
-3.792458e-008 9.92049
-3.772458e-008 9.85178
-3.752458e-008 9.84833
-3.732458e-008 9.96986
-3.712458e-008 10.0545
-3.692458e-008 9.99541
-3.672458e-008 9.93741
-3.652458e-008 9.98505
-3.632458e-008 10.0645
-3.612458e-008 10.1491
-3.592458e-008 10.1725
-3.572458e-008 10.0762
-3.552458e-008 10.0258
-3.532458e-008 10.099
-3.512458e-008 10.1722
-3.492458e-008 10.1801
-3.472458e-008 10.1366
-3.452458e-008 10.0669
-3.432458e-008 10.004
-3.412458e-008 9.99576
-3.392458e-008 10.0244
-3.372458e-008 10.0351
-3.352458e-008 10.0175
-3.332458e-008 9.95363
-3.312458e-008 9.88389
-3.292458e-008 9.91531
-3.272458e-008 10.0586
-3.252458e-008 10.2033
-3.232458e-008 10.2457
-3.212458e-008 10.1794
-3.192458e-008 10.0803
-3.172458e-008 10.0389
-3.152458e-008 10.0586
-3.132458e-008 10.012
-3.112458e-008 9.84556
-3.092458e-008 9.7513
-3.072458e-008 9.87595
-3.052458e-008 10.0572
-3.032458e-008 10.1259
-3.012458e-008 10.1311
-2.992458e-008 10.1245
-2.972458e-008 10.1225
-2.952458e-008 10.1463
-2.932458e-008 10.1332
-2.912458e-008 10.0873
-2.892458e-008 10.0769
-2.872458e-008 10.0569
-2.852458e-008 10.0413
-2.832458e-008 10.0976
-2.812458e-008 10.1218
-2.792458e-008 10.033
-2.772458e-008 9.96261
-2.752458e-008 10.004
-2.732458e-008 10.0741
-2.712458e-008 10.1024
-2.692458e-008 10.0883
-2.672458e-008 10.0641
-2.652458e-008 10.062
-2.632458e-008 10.0261
-2.612458e-008 9.93706
-2.592458e-008 9.9305
-2.572458e-008 10.0576
-2.552458e-008 10.1556
-2.532458e-008 10.1428
-2.512458e-008 10.1069
-2.492458e-008 10.1021
-2.472458e-008 10.1352
-2.452458e-008 10.147
-2.432458e-008 10.0734
-2.412458e-008 9.96848
-2.392458e-008 9.90495
-2.372458e-008 9.91876
-2.352458e-008 9.96537
-2.332458e-008 9.94155
-2.312458e-008 9.88423
-2.292458e-008 9.89632
-2.272458e-008 9.94224
-2.252458e-008 9.9412
-2.232458e-008 9.93533
-2.212458e-008 9.97884
-2.192458e-008 10.0068
-2.172458e-008 9.97849
-2.152458e-008 9.90564
-2.132458e-008 9.81518
-2.112458e-008 9.85316
-2.092458e-008 10.0168
-2.072458e-008 10.0569
-2.052458e-008 9.94673
-2.032458e-008 9.87733
-2.012458e-008 9.90599
-1.992458e-008 9.97021
-1.972458e-008 10.0234
-1.952458e-008 10.052
-1.932458e-008 10.0555
-1.912458e-008 10.0479
-1.892458e-008 10.0448
-1.872458e-008 10.0576
-1.852458e-008 10.052
-1.832458e-008 9.96882
-1.812458e-008 9.87733
-1.792458e-008 9.8756
-1.772458e-008 9.92774
-1.752458e-008 9.98712
-1.732458e-008 10.0648
-1.712458e-008 10.148
-1.692458e-008 10.1611
-1.672458e-008 10.0617
-1.652458e-008 9.9595
-1.632458e-008 9.97193
-1.612458e-008 10.0431
-1.592458e-008 10.0489
-1.572458e-008 9.9709
-1.552458e-008 9.92221
-1.532458e-008 9.99955
-1.512458e-008 10.0959
-1.492458e-008 10.0451
-1.472458e-008 9.95122
-1.452458e-008 9.99472
-1.432458e-008 10.0862
-1.412458e-008 10.099
-1.392458e-008 10.1149
-1.372458e-008 10.195
-1.352458e-008 10.2502
-1.332458e-008 10.2513
-1.312458e-008 10.245
-1.292458e-008 10.2444
-1.272458e-008 10.2571
-1.252458e-008 10.2399
-1.232458e-008 10.1529
-1.212458e-008 10.0859
-1.192458e-008 10.0614
-1.172458e-008 9.98712
-1.152458e-008 9.95743
-1.132458e-008 10.0824
-1.112458e-008 10.1888
-1.092458e-008 10.1242
-1.072458e-008 10.0237
-1.052458e-008 10.0051
-1.032458e-008 9.96779
-1.012458e-008 9.86041
-9.924585e-009 9.79239
-9.724585e-009 9.89425
-9.524585e-009 10.0924
-9.324585e-009 10.1763
-9.124585e-009 10.1687
-8.924585e-009 10.2185
-8.724585e-009 10.2847
-8.524585e-009 10.2236
-8.324585e-009 10.0603
-8.124585e-009 9.96261
-7.924585e-009 9.96468
-7.724585e-009 9.98505
-7.524585e-009 10.0317
-7.324585e-009 10.1059
-7.124585e-009 10.0714
-6.924585e-009 9.89217
-6.724585e-009 9.75786
-6.524585e-009 9.79757
-6.324585e-009 9.93084
-6.124585e-009 10.0127
-5.924585e-009 10.0154
-5.724585e-009 10.0344
-5.524585e-009 10.0427
-5.324585e-009 9.92981
-5.124585e-009 9.80102
-4.924585e-009 9.83072
-4.724585e-009 9.93879
-4.524585e-009 10.0047
-4.324585e-009 10.0762
-4.124585e-009 10.0914
-3.924585e-009 9.97435
-3.724585e-009 9.89804
-3.524585e-009 9.96952
-3.324585e-009 10.0728
-3.124585e-009 10.1018
-2.924585e-009 10.0655
-2.724585e-009 10.0348
-2.524585e-009 10.0165
-2.324585e-009 9.95467
-2.124585e-009 9.86283
-1.924585e-009 9.77651
-1.724585e-009 9.61492
-1.524585e-009 9.21648
-1.324585e-009 8.41545
-1.124585e-009 7.15556
-9.245847e-010 5.73443
-7.245847e-010 4.5757
-5.245847e-010 3.73704
-3.245847e-010 3.04995
-1.245847e-010 2.44884
7.541525e-011 1.95199
2.754153e-010 1.61777
4.754153e-010 1.52213
6.754153e-010 1.56253
8.754153e-010 1.4914
1.075415e-009 1.32913
1.275415e-009 1.26767
1.475415e-009 1.29218
1.675415e-009 1.30703
1.875415e-009 1.27941
2.075415e-009 1.25455
2.275415e-009 1.31083
2.475415e-009 1.3495
2.675415e-009 1.287
2.875415e-009 1.25317
3.075415e-009 1.25455
3.275415e-009 1.22175
3.475415e-009 1.24143
3.675415e-009 1.33672
3.875415e-009 1.42684
4.075415e-009 1.46723
4.275415e-009 1.44065
4.475415e-009 1.40854
4.675415e-009 1.43029
4.875415e-009 1.43789
5.075415e-009 1.40957
5.275415e-009 1.43064
5.475415e-009 1.49209
5.675415e-009 1.48277
5.875415e-009 1.3709
6.075415e-009 1.23901
6.275415e-009 1.21242
6.475415e-009 1.31324
6.675415e-009 1.4189
6.875415e-009 1.43961
7.075415e-009 1.38955
7.275415e-009 1.32464
7.475415e-009 1.33189
7.675415e-009 1.4548
7.875415e-009 1.52524
8.075415e-009 1.38506
8.275415e-009 1.19482
8.475415e-009 1.13888
8.675415e-009 1.18446
8.875415e-009 1.26905
9.075415e-009 1.3015
9.275415e-009 1.21795
9.475415e-009 1.15822
9.675415e-009 1.21242
9.875415e-009 1.2397
1.007542e-008 1.15097
1.027542e-008 1.0795
1.047542e-008 1.12058
1.067542e-008 1.15822
1.087542e-008 1.13198
1.107542e-008 1.16512
1.127542e-008 1.25248
1.147542e-008 1.24833
1.167542e-008 1.18308
1.187542e-008 1.15407
1.207542e-008 1.11299
1.227542e-008 1.07466
1.247542e-008 1.14095
1.267542e-008 1.24177
1.287542e-008 1.24039
1.307542e-008 1.16167
1.327542e-008 1.10539
1.347542e-008 1.09296
1.367542e-008 1.05222
1.387542e-008 0.975224
1.407542e-008 0.99594
1.427542e-008 1.13888
1.447542e-008 1.21104
1.467542e-008 1.12991
1.487542e-008 1.05843
1.507542e-008 1.07639
1.527542e-008 1.10608
1.547542e-008 1.11851
1.567542e-008 1.10159
1.587542e-008 1.07052
1.607542e-008 1.10988
1.627542e-008 1.15615
1.647542e-008 1.09123
1.667542e-008 1.0315
1.687542e-008 1.05774
1.707542e-008 1.0429
1.727542e-008 0.982475
1.747542e-008 1.02253
1.767542e-008 1.15615
1.787542e-008 1.24005
1.807542e-008 1.2328
1.827542e-008 1.2145
1.847542e-008 1.22485
1.867542e-008 1.21277
1.887542e-008 1.16063
1.907542e-008 1.12576
1.927542e-008 1.14303
1.947542e-008 1.16029
1.967542e-008 1.14786
1.987542e-008 1.14855
2.007542e-008 1.15407
2.027542e-008 1.12231
2.047542e-008 1.06603
2.067542e-008 1.03634
2.087542e-008 1.06741
2.107542e-008 1.09814
2.127542e-008 1.07466
2.147542e-008 1.05636
2.167542e-008 1.05947
2.187542e-008 1.03392
2.207542e-008 1.00146
2.227542e-008 1.03254
2.247542e-008 1.1085
2.267542e-008 1.16616
2.287542e-008 1.2031
2.307542e-008 1.22969
2.327542e-008 1.27112
2.347542e-008 1.30945
2.367542e-008 1.2542
2.387542e-008 1.09123
2.407542e-008 0.936554
2.427542e-008 0.929994
2.447542e-008 1.04428
2.467542e-008 1.09193
2.487542e-008 1.02322
2.507542e-008 0.963485
2.527542e-008 0.936899
2.547542e-008 0.903753
2.567542e-008 0.921707
2.587542e-008 0.972117
2.607542e-008 0.960032
2.627542e-008 0.905479
2.647542e-008 0.881656
2.667542e-008 0.903753
2.687542e-008 0.951055
2.707542e-008 0.969354
2.727542e-008 0.959342
2.747542e-008 1.00526
2.767542e-008 1.06879
2.787542e-008 1.08467
2.807542e-008 1.11195
2.827542e-008 1.13957
2.847542e-008 1.10712
2.867542e-008 1.06465
2.887542e-008 1.01942
2.907542e-008 0.963485
2.927542e-008 1.0246
2.947542e-008 1.16305
2.967542e-008 1.18653
2.987542e-008 1.10263
3.007542e-008 1.02598
3.027542e-008 1.01976
3.047542e-008 1.09745
3.067542e-008 1.21139
3.087542e-008 1.22209
3.107542e-008 1.12162
3.127542e-008 1.1192
3.147542e-008 1.21001
3.167542e-008 1.20621
3.187542e-008 1.11713
3.207542e-008 1.06879
3.227542e-008 1.10643
3.247542e-008 1.1558
3.267542e-008 1.14682
3.287542e-008 1.10505
3.307542e-008 1.08467
3.327542e-008 1.10332
3.347542e-008 1.11609
3.367542e-008 1.10194
3.387542e-008 1.08226
3.407542e-008 1.06983
3.427542e-008 1.13785
3.447542e-008 1.24177
3.467542e-008 1.17583
3.487542e-008 0.986618
3.507542e-008 0.905134
3.527542e-008 0.943804
3.547542e-008 1.01355
3.567542e-008 1.06465
3.587542e-008 1.05774
3.607542e-008 1.01735
3.627542e-008 0.996631
3.647542e-008 1.01493
3.667542e-008 1.03841
3.687542e-008 1.0284
3.707542e-008 0.994904
3.727542e-008 1.00975
3.747542e-008 1.09193
3.767542e-008 1.13577
3.787542e-008 1.09952
3.807542e-008 1.04117
3.827542e-008 1.00285
3.847542e-008 1.0315
3.867542e-008 1.0864
3.887542e-008 1.0826
3.907542e-008 1.08398
3.927542e-008 1.14233
3.947542e-008 1.17237
3.967542e-008 1.10746
3.987542e-008 1.0101
4.007542e-008 1.01217
4.027542e-008 1.1009
4.047542e-008 1.14924
4.067542e-008 1.123
4.087542e-008 1.08813
4.107542e-008 1.08709
4.127542e-008 1.04428
4.147542e-008 0.930684
4.167542e-008 0.885109
4.187542e-008 0.953127
4.207542e-008 1.02218
4.227542e-008 1.06361
4.247542e-008 1.09814
4.267542e-008 1.09745
4.287542e-008 1.09676
4.307542e-008 1.10884
4.327542e-008 1.06948
4.347542e-008 1.05153
4.367542e-008 1.11471
4.387542e-008 1.14164
4.407542e-008 1.10574
4.427542e-008 1.10712
4.447542e-008 1.16547
4.467542e-008 1.19482
4.487542e-008 1.11817
4.507542e-008 0.984892
4.527542e-008 0.956579
4.547542e-008 1.06948
4.567542e-008 1.11437
4.587542e-008 1.01148
4.607542e-008 0.974188
4.627542e-008 1.07639
4.647542e-008 1.14406
4.667542e-008 1.10712
4.687542e-008 1.06189
4.707542e-008 1.09469
4.727542e-008 1.18687
4.747542e-008 1.20517
4.767542e-008 1.12438
4.787542e-008 1.08191
4.807542e-008 1.0971
4.827542e-008 1.1154
4.847542e-008 1.15856
4.867542e-008 1.2
4.887542e-008 1.17721
4.907542e-008 1.10125
4.927542e-008 1.01907
4.947542e-008 1.02874
4.967542e-008 1.17928
4.987542e-008 1.2908
5.007542e-008 1.23107
5.027542e-008 1.15269
5.047542e-008 1.18377
5.067542e-008 1.26491
5.087542e-008 1.27906
5.107542e-008 1.20069
5.127542e-008 1.16029
5.147542e-008 1.20794
5.167542e-008 1.22589
5.187542e-008 1.16961
5.207542e-008 1.10159
5.227542e-008 1.05567
5.247542e-008 1.02978
5.267542e-008 1.0467
5.287542e-008 1.09296
5.307542e-008 1.10194
5.327542e-008 1.09987
5.347542e-008 1.14061
5.367542e-008 1.1451
5.387542e-008 1.05533
5.407542e-008 1.00216
5.427542e-008 1.10401
5.447542e-008 1.27561
5.467542e-008 1.35053
5.487542e-008 1.28459
5.507542e-008 1.18515
5.527542e-008 1.15546
5.547542e-008 1.21208
5.567542e-008 1.28286
5.587542e-008 1.28597
5.607542e-008 1.23003
5.627542e-008 1.13577
5.647542e-008 1.05809
5.667542e-008 1.10746
5.687542e-008 1.19343
5.707542e-008 1.12645
5.727542e-008 1.01873
5.747542e-008 1.07432
5.767542e-008 1.1634
5.787542e-008 1.094
5.807542e-008 0.99594
5.827542e-008 1.02287
5.847542e-008 1.07639
5.867542e-008 1.03841
5.887542e-008 0.96314
5.907542e-008 0.985237
5.927542e-008 1.10643
5.947542e-008 1.1596
5.967542e-008 1.08019
5.987542e-008 1.05878
6.007542e-008 1.20207
6.027542e-008 1.30047
6.047542e-008 1.21622
6.067542e-008 1.11195
6.087542e-008 1.13198
6.107542e-008 1.19585
6.127542e-008 1.20725
6.147542e-008 1.19965
6.167542e-008 1.19447
6.187542e-008 1.1634
6.207542e-008 1.12162
6.227542e-008 1.11817
6.247542e-008 1.15304
6.267542e-008 1.20863
6.287542e-008 1.29149
6.307542e-008 1.33361
6.327542e-008 1.29805
6.347542e-008 1.2511
6.367542e-008 1.17306
6.387542e-008 1.08537
6.407542e-008 1.12576
6.427542e-008 1.20207
6.447542e-008 1.13439
6.467542e-008 1.03012
6.487542e-008 1.03185
6.507542e-008 1.05774
6.527542e-008 1.00802
6.547542e-008 0.97039
6.567542e-008 1.04186
6.587542e-008 1.11161
6.607542e-008 1.0864
6.627542e-008 1.09814
6.647542e-008 1.23383
6.667542e-008 1.34087
6.687542e-008 1.27423
6.707542e-008 1.15131
6.727542e-008 1.16892
6.747542e-008 1.2725
6.767542e-008 1.29771
6.787542e-008 1.28044
6.807542e-008 1.31186
6.827542e-008 1.31911
6.847542e-008 1.23314
6.867542e-008 1.15822
6.887542e-008 1.18584
6.907542e-008 1.23072
6.927542e-008 1.20103
6.947542e-008 1.14268
6.967542e-008 1.09123
6.987542e-008 1.0391
7.007542e-008 1.01631
7.027542e-008 1.05843
7.047542e-008 1.15615
7.067542e-008 1.20621
7.087542e-008 1.14579
7.107542e-008 1.08778
7.127542e-008 1.10263
7.147542e-008 1.094
7.167542e-008 1.07294
7.187542e-008 1.11299
7.207542e-008 1.1451
7.227542e-008 1.15166
7.247542e-008 1.18722
7.267542e-008 1.20897
7.287542e-008 1.17099
7.307542e-008 1.11851
7.327542e-008 1.09296
7.347542e-008 1.09123
7.367542e-008 1.09814
7.387542e-008 1.07881
7.407542e-008 1.06948
7.427542e-008 1.12783
7.447542e-008 1.18377
7.467542e-008 1.1596
7.487542e-008 1.09987
7.507542e-008 1.11195
7.527542e-008 1.15856
7.547542e-008 1.12507
7.567542e-008 1.10746
7.587542e-008 1.22451
7.607542e-008 1.33534
7.627542e-008 1.287
7.647542e-008 1.16823
7.667542e-008 1.1154
7.687542e-008 1.11748
7.707542e-008 1.15511
7.727542e-008 1.22037
7.747542e-008 1.20759
7.767542e-008 1.11506
7.787542e-008 1.07881
7.807542e-008 1.13232
7.827542e-008 1.21588
7.847542e-008 1.24557
7.867542e-008 1.23832
7.887542e-008 1.29287
7.907542e-008 1.32636
7.927542e-008 1.25213
7.947542e-008 1.18342
7.967542e-008 1.19861
7.987542e-008 1.22658
8.007542e-008 1.2069
8.027542e-008 1.17928
8.047542e-008 1.1451
8.067542e-008 1.12093
8.087542e-008 1.17859
8.107542e-008 1.21726
8.127542e-008 1.08882
8.147542e-008 0.94484
8.167542e-008 1.01976
8.187542e-008 1.19205
8.207542e-008 1.25248
8.227542e-008 1.26732
8.247542e-008 1.29978
8.267542e-008 1.27457
8.287542e-008 1.2
8.307542e-008 1.14095
8.327542e-008 1.12507
8.347542e-008 1.16063
8.367542e-008 1.19861
8.387542e-008 1.18722
8.407542e-008 1.1817
8.427542e-008 1.2176
8.447542e-008 1.23176
8.467542e-008 1.21242
8.487542e-008 1.20172
8.507542e-008 1.18377
8.527542e-008 1.1154
8.547542e-008 1.04359
8.567542e-008 1.0429
8.587542e-008 1.07777
8.607542e-008 1.09849
8.627542e-008 1.13681
8.647542e-008 1.19792
8.667542e-008 1.22762
8.687542e-008 1.20586
8.707542e-008 1.17859
8.727542e-008 1.23245
8.747542e-008 1.34777
8.767542e-008 1.37781
8.787542e-008 1.31532
8.807542e-008 1.24281
8.827542e-008 1.16512
8.847542e-008 1.12991
8.867542e-008 1.17652
8.887542e-008 1.19205
8.907542e-008 1.11402
8.927542e-008 1.0719
8.947542e-008 1.11886
8.967542e-008 1.1482
8.987542e-008 1.12887
9.007542e-008 1.10194
9.027542e-008 1.1009
9.047542e-008 1.18584
9.067542e-008 1.3022
9.087542e-008 1.28942
9.107542e-008 1.16892
9.127542e-008 1.09227
9.147542e-008 1.11989
9.167542e-008 1.18653
9.187542e-008 1.19689
9.207542e-008 1.16616
9.227542e-008 1.14303
9.247542e-008 1.11368
9.267542e-008 1.10021
9.287542e-008 1.13819
9.307542e-008 1.17721
9.327542e-008 1.15442
9.347542e-008 1.06845
9.367542e-008 1.00423
9.387542e-008 1.05671
9.407542e-008 1.16063
9.427542e-008 1.19723
9.447542e-008 1.21726
9.467542e-008 1.27975
9.487542e-008 1.24039
9.507542e-008 1.08502
9.527542e-008 1.05843
9.547542e-008 1.19205
9.567542e-008 1.25386
9.587542e-008 1.20379
9.607542e-008 1.17893
9.627542e-008 1.21242
9.647542e-008 1.24246
9.667542e-008 1.1962
9.687542e-008 1.094
9.707542e-008 1.05464
9.727542e-008 1.08778
9.747542e-008 1.12127
9.767542e-008 1.16305
9.787542e-008 1.18826
9.807542e-008 1.14993
9.827542e-008 1.12887
9.847542e-008 1.19102
9.867542e-008 1.28424
9.887542e-008 1.34777
9.907542e-008 1.35951
9.927542e-008 1.37608
9.947542e-008 1.43409
9.967542e-008 1.42649
9.987542e-008 1.3053
1.000754e-007 1.20241
1.002754e-007 1.22175
1.004754e-007 1.2839
1.006754e-007 1.28424
1.008754e-007 1.22934
1.010754e-007 1.17962
1.012754e-007 1.19343
1.014754e-007 1.2145
1.016754e-007 1.17168
1.018754e-007 1.16063
1.020754e-007 1.19482
1.022754e-007 1.15476
1.024754e-007 1.10643
1.026754e-007 1.1596
1.028754e-007 1.21657
1.030754e-007 1.20414
1.032754e-007 1.22451
1.034754e-007 1.30323
1.036754e-007 1.32257
1.038754e-007 1.29046
1.040754e-007 1.28562
1.042754e-007 1.26352
1.044754e-007 1.21312
1.046754e-007 1.19274
1.048754e-007 1.2031
1.050754e-007 1.23452
1.052754e-007 1.28459
1.054754e-007 1.2908
1.056754e-007 1.1993
1.058754e-007 1.06879
1.060754e-007 1.04635
1.062754e-007 1.14855
1.064754e-007 1.19896
1.066754e-007 1.13474
1.068754e-007 1.0757
1.070754e-007 1.12404
1.072754e-007 1.23625
1.074754e-007 1.29943
1.076754e-007 1.28182
1.078754e-007 1.22347
1.080754e-007 1.21173
1.082754e-007 1.26111
1.084754e-007 1.24799
1.086754e-007 1.1268
1.088754e-007 1.04773
1.090754e-007 1.10781
1.092754e-007 1.17548
1.094754e-007 1.15235
1.096754e-007 1.09987
1.098754e-007 1.07052
1.100754e-007 1.07881
1.102754e-007 1.13439
1.104754e-007 1.20414
1.106754e-007 1.23003
1.108754e-007 1.20448
1.110754e-007 1.15546
1.112754e-007 1.12714
1.114754e-007 1.13439
1.116754e-007 1.13474
1.118754e-007 1.13129
1.120754e-007 1.14095
1.122754e-007 1.11299
1.124754e-007 1.04497
1.126754e-007 1.0429
1.128754e-007 1.14268
1.130754e-007 1.20828
1.132754e-007 1.16167
1.134754e-007 1.12507
1.136754e-007 1.19689
1.138754e-007 1.30979
1.140754e-007 1.36538
1.142754e-007 1.3564
1.144754e-007 1.33672
1.146754e-007 1.3022
1.148754e-007 1.23176
1.150754e-007 1.18653
1.152754e-007 1.16305
1.154754e-007 1.13612
1.156754e-007 1.16685
1.158754e-007 1.19723
1.160754e-007 1.1741
1.162754e-007 1.17755
1.164754e-007 1.17755
1.166754e-007 1.10988
1.168754e-007 1.08675
1.170754e-007 1.14682
1.172754e-007 1.1413
1.174754e-007 1.07294
1.176754e-007 1.07535
1.178754e-007 1.12265
1.180754e-007 1.13577
1.182754e-007 1.13439
1.184754e-007 1.16305
1.186754e-007 1.1848
1.188754e-007 1.16029
1.190754e-007 1.15546
1.192754e-007 1.21795
1.194754e-007 1.29529
1.196754e-007 1.26594
1.198754e-007 1.13163
1.200754e-007 1.05498
1.202754e-007 1.06534
1.204754e-007 1.10366
1.206754e-007 1.15407
1.208754e-007 1.14717
1.210754e-007 1.06223
1.212754e-007 1.02598
1.214754e-007 1.07708
1.216754e-007 1.09434
1.218754e-007 1.03668
1.220754e-007 1.02322
1.222754e-007 1.10539
1.224754e-007 1.11506
1.226754e-007 0.990071
1.228754e-007 0.945531
1.230754e-007 1.09641
1.232754e-007 1.25869
1.234754e-007 1.22589
1.236754e-007 1.05084
1.238754e-007 0.974879
1.240754e-007 1.08778
1.242754e-007 1.2145
1.244754e-007 1.1817
1.246754e-007 1.10608
1.248754e-007 1.18308
1.250754e-007 1.26905
1.252754e-007 1.22451
1.254754e-007 1.21312
1.256754e-007 1.23901
1.258754e-007 1.1634
1.260754e-007 1.10574
1.262754e-007 1.22313
1.264754e-007 1.40232
1.266754e-007 1.44134
1.268754e-007 1.31704
1.270754e-007 1.17824
1.272754e-007 1.13336
1.274754e-007 1.17548
1.276754e-007 1.26732
1.278754e-007 1.34777
1.280754e-007 1.36503
1.282754e-007 1.32291
1.284754e-007 1.23901
1.286754e-007 1.19343
1.288754e-007 1.22865
1.290754e-007 1.24384
1.292754e-007 1.24592
1.294754e-007 1.27457
1.296754e-007 1.21898
1.298754e-007 1.11299
1.300754e-007 1.13025
1.302754e-007 1.24937
1.304754e-007 1.33534
1.306754e-007 1.34397
1.308754e-007 1.31946
1.310754e-007 1.35433
1.312754e-007 1.45204
1.314754e-007 1.48312
1.316754e-007 1.39404
1.318754e-007 1.28942
1.320754e-007 1.287
1.322754e-007 1.36469
1.324754e-007 1.3892
1.326754e-007 1.33672
1.328754e-007 1.32291
1.330754e-007 1.35986
1.332754e-007 1.35433
1.334754e-007 1.30565
1.336754e-007 1.28113
1.338754e-007 1.27941
1.340754e-007 1.25351
1.342754e-007 1.22244
1.344754e-007 1.26491
1.346754e-007 1.34432
1.348754e-007 1.33361
1.350754e-007 1.29149
1.352754e-007 1.34846
1.354754e-007 1.42718
1.356754e-007 1.39922
1.358754e-007 1.35191
1.360754e-007 1.42477
1.362754e-007 1.48795
1.364754e-007 1.41648
1.366754e-007 1.34915
1.368754e-007 1.35399
1.370754e-007 1.38886
1.372754e-007 1.4296
1.374754e-007 1.37677
1.376754e-007 1.26836
1.378754e-007 1.28424
1.380754e-007 1.3709
1.382754e-007 1.40267
1.384754e-007 1.39335
1.386754e-007 1.31601
1.388754e-007 1.20621
1.390754e-007 1.21829
1.392754e-007 1.34708
1.394754e-007 1.47103
1.396754e-007 1.53249
1.398754e-007 1.53456
1.400754e-007 1.52766
1.402754e-007 1.54837
1.404754e-007 1.55804
1.406754e-007 1.54285
1.408754e-007 1.53456
1.410754e-007 1.49417
1.412754e-007 1.43892
1.414754e-007 1.50003
1.416754e-007 1.60534
1.418754e-007 1.58497
1.420754e-007 1.53042
1.422754e-007 1.53353
1.424754e-007 1.52075
1.426754e-007 1.5356
1.428754e-007 1.61087
1.430754e-007 1.63089
1.432754e-007 1.55666
1.434754e-007 1.46033
1.436754e-007 1.46585
1.438754e-007 1.60949
1.440754e-007 1.68683
1.442754e-007 1.59567
1.444754e-007 1.51902
1.446754e-007 1.5173
1.448754e-007 1.49796
1.450754e-007 1.46792
1.452754e-007 1.45342
1.454754e-007 1.46965
1.456754e-007 1.55597
1.458754e-007 1.634
1.460754e-007 1.6081
1.462754e-007 1.58428
1.464754e-007 1.63158
1.466754e-007 1.64505
1.468754e-007 1.63158
1.470754e-007 1.64539
1.472754e-007 1.65541
1.474754e-007 1.69718
1.476754e-007 1.76279
1.478754e-007 1.77073
1.480754e-007 1.7072
1.482754e-007 1.59706
1.484754e-007 1.5608
1.486754e-007 1.65161
1.488754e-007 1.68199
1.490754e-007 1.63642
1.492754e-007 1.68855
1.494754e-007 1.76796
1.496754e-007 1.73137
1.498754e-007 1.64781
1.500754e-007 1.60223
1.502754e-007 1.57185
1.504754e-007 1.57565
1.506754e-007 1.65161
1.508754e-007 1.77383
1.510754e-007 1.89744
1.512754e-007 1.95268
1.514754e-007 1.90883
1.516754e-007 1.85566
1.518754e-007 1.82252
1.520754e-007 1.77418
1.522754e-007 1.75726
1.524754e-007 1.73516
1.526754e-007 1.6668
1.528754e-007 1.67232
1.530754e-007 1.73137
1.532754e-007 1.7255
1.534754e-007 1.69131
1.536754e-007 1.63987
1.538754e-007 1.63435
1.540754e-007 1.77004
1.542754e-007 1.88294
1.544754e-007 1.85014
1.546754e-007 1.78039
1.548754e-007 1.72826
1.550754e-007 1.69097
1.552754e-007 1.67302
1.554754e-007 1.67888
1.556754e-007 1.71894
1.558754e-007 1.75174
1.560754e-007 1.73793
1.562754e-007 1.71134
1.564754e-007 1.74103
1.566754e-007 1.78247
1.568754e-007 1.73068
1.570754e-007 1.68752
1.572754e-007 1.81285
1.574754e-007 2.00102
1.576754e-007 2.00827
1.578754e-007 1.83702
1.580754e-007 1.77038
1.582754e-007 1.88639
1.584754e-007 1.93438
1.586754e-007 1.86291
1.588754e-007 1.86775
1.590754e-007 1.9299
1.592754e-007 1.94751
1.594754e-007 1.98548
1.596754e-007 2.02692
1.598754e-007 1.98445
1.600754e-007 1.89019
1.602754e-007 1.79835
1.604754e-007 1.76658
1.606754e-007 1.85187
1.608754e-007 1.94405
1.610754e-007 1.9223
1.612754e-007 1.87293
1.614754e-007 1.86671
1.616754e-007 1.86015
1.618754e-007 1.84772
1.620754e-007 1.8674
1.622754e-007 1.98756
1.624754e-007 2.11945
1.626754e-007 2.07836
1.628754e-007 1.96546
1.630754e-007 1.96719
1.632754e-007 2.06248
1.634754e-007 2.12359
1.636754e-007 2.07767
1.638754e-007 1.99861
1.640754e-007 1.97927
1.642754e-007 1.97823
1.644754e-007 1.91678
1.646754e-007 1.86257
1.648754e-007 1.92092
1.650754e-007 2.0024
1.652754e-007 2.02933
1.654754e-007 2.05454
1.656754e-007 2.04487
1.658754e-007 1.97892
1.660754e-007 1.92748
1.662754e-007 1.91194
1.664754e-007 1.93404
1.666754e-007 2.01103
1.668754e-007 2.08354
1.670754e-007 2.11393
1.672754e-007 2.17676
1.674754e-007 2.24444
1.676754e-007 2.21302
1.678754e-007 2.11427
1.680754e-007 1.9955
1.682754e-007 1.91332
1.684754e-007 1.97927
1.686754e-007 2.11565
1.688754e-007 2.13602
1.690754e-007 2.07353
1.692754e-007 2.08182
1.694754e-007 2.17331
1.696754e-007 2.222
1.698754e-007 2.15087
1.700754e-007 2.0573
1.702754e-007 2.04142
1.704754e-007 2.05696
1.706754e-007 2.04315
1.708754e-007 2.01034
1.710754e-007 2.01552
1.712754e-007 2.07249
1.714754e-007 2.11116
1.716754e-007 2.12566
1.718754e-007 2.20542
1.720754e-007 2.30555
1.722754e-007 2.24582
1.724754e-007 2.12601
1.726754e-007 2.16399
1.728754e-007 2.20818
1.730754e-007 2.12912
1.732754e-007 2.10909
1.734754e-007 2.18678
1.736754e-007 2.22925
1.738754e-007 2.20404
1.740754e-007 2.16054
1.742754e-007 2.1671
1.744754e-007 2.19506
1.746754e-007 2.16848
1.748754e-007 2.12739
1.750754e-007 2.14569
1.752754e-007 2.19886
1.754754e-007 2.20922
1.756754e-007 2.20473
1.758754e-007 2.24478
1.760754e-007 2.27137
1.762754e-007 2.23339
1.764754e-007 2.15708
1.766754e-007 2.12394
1.768754e-007 2.19334
1.770754e-007 2.25997
1.772754e-007 2.22372
1.774754e-007 2.15639
1.776754e-007 2.1374
1.778754e-007 2.20887
1.780754e-007 2.35838
1.782754e-007 2.47059
1.784754e-007 2.47888
1.786754e-007 2.42398
1.788754e-007 2.35078
1.790754e-007 2.3242
1.792754e-007 2.35078
1.794754e-007 2.3235
1.796754e-007 2.24927
1.798754e-007 2.23408
1.800754e-007 2.26619
1.802754e-007 2.26964
1.804754e-007 2.24755
1.806754e-007 2.25065
1.808754e-007 2.27068
1.810754e-007 2.29761
1.812754e-007 2.36528
1.814754e-007 2.42294
1.816754e-007 2.38634
1.818754e-007 2.32212
1.820754e-007 2.32627
1.822754e-007 2.39325
1.824754e-007 2.47853
1.826754e-007 2.50546
1.828754e-007 2.48578
1.830754e-007 2.52652
1.832754e-007 2.61388
1.834754e-007 2.59592
1.836754e-007 2.42847
1.838754e-007 2.31418
1.840754e-007 2.34629
1.842754e-007 2.35009
1.844754e-007 2.32523
1.846754e-007 2.38151
1.848754e-007 2.39946
1.850754e-007 2.34042
1.852754e-007 2.35907
1.854754e-007 2.43123
1.856754e-007 2.45851
1.858754e-007 2.45298
1.860754e-007 2.39981
1.862754e-007 2.35182
1.864754e-007 2.40879
1.866754e-007 2.4661
1.868754e-007 2.39808
1.870754e-007 2.30106
1.872754e-007 2.30486
1.874754e-007 2.41604
1.876754e-007 2.51513
1.878754e-007 2.47646
1.880754e-007 2.39774
1.882754e-007 2.42053
1.884754e-007 2.44504
1.886754e-007 2.42087
1.888754e-007 2.46955
1.890754e-007 2.5614
1.892754e-007 2.56381
1.894754e-007 2.51099
1.896754e-007 2.50546
1.898754e-007 2.51237
1.900754e-007 2.46023
1.902754e-007 2.42881
1.904754e-007 2.53516
1.906754e-007 2.67982
1.908754e-007 2.65738
1.910754e-007 2.53481
1.912754e-007 2.51617
1.914754e-007 2.57555
1.916754e-007 2.62078
1.918754e-007 2.65773
1.920754e-007 2.64495
1.922754e-007 2.56312
1.924754e-007 2.51893
1.926754e-007 2.52203
1.928754e-007 2.48233
1.930754e-007 2.45505
1.932754e-007 2.50374
1.934754e-007 2.58384
1.936754e-007 2.69087
1.938754e-007 2.7658
1.940754e-007 2.71159
1.942754e-007 2.63632
1.944754e-007 2.66498
1.946754e-007 2.70088
1.948754e-007 2.67844
1.950754e-007 2.66947
1.952754e-007 2.68673
1.954754e-007 2.77132
1.956754e-007 2.88146
1.958754e-007 2.8238
1.960754e-007 2.67913
1.962754e-007 2.63183
1.964754e-007 2.65565
1.966754e-007 2.71987
1.968754e-007 2.79756
1.970754e-007 2.81241
1.972754e-007 2.75855
1.974754e-007 2.67154
1.976754e-007 2.59627
1.978754e-007 2.62216
1.980754e-007 2.72091
1.982754e-007 2.7544
1.984754e-007 2.74163
1.986754e-007 2.78271
1.988754e-007 2.82449
1.990754e-007 2.77995
1.992754e-007 2.72851
1.994754e-007 2.75026
1.996754e-007 2.73161
1.998754e-007 2.59558
2.000754e-007 2.49062
2.002754e-007 2.54689
2.004754e-007 2.68776
2.006754e-007 2.77788
2.008754e-007 2.78133
2.010754e-007 2.7323
2.012754e-007 2.66256
2.014754e-007 2.65635
2.016754e-007 2.7544
2.018754e-007 2.83174
2.020754e-007 2.83347
2.022754e-007 2.79825
2.024754e-007 2.72229
2.026754e-007 2.67637
2.028754e-007 2.71987
2.030754e-007 2.74922
2.032754e-007 2.70917
2.034754e-007 2.74059
2.036754e-007 2.87594
2.038754e-007 2.88837
2.040754e-007 2.70227
2.042754e-007 2.57244
2.044754e-007 2.68328
2.046754e-007 2.88284
2.048754e-007 2.93981
2.050754e-007 2.84693
2.052754e-007 2.73472
2.054754e-007 2.73161
2.056754e-007 2.82311
2.058754e-007 2.83036
2.060754e-007 2.78858
2.062754e-007 2.89424
2.064754e-007 3.07723
2.066754e-007 3.12246
2.068754e-007 2.98746
2.070754e-007 2.81034
2.072754e-007 2.70158
2.074754e-007 2.70261
2.076754e-007 2.8459
2.078754e-007 3.03338
2.080754e-007 3.08931
2.082754e-007 2.95777
2.084754e-007 2.78893
2.086754e-007 2.80205
2.088754e-007 2.91841
2.090754e-007 2.91599
2.092754e-007 2.82933
2.094754e-007 2.73852
2.096754e-007 2.68431
2.098754e-007 2.80481
2.100754e-007 3.04857
2.102754e-007 3.19635
2.104754e-007 3.19497
2.106754e-007 3.09415
2.108754e-007 3.0099
2.110754e-007 3.061
2.112754e-007 3.16079
2.114754e-007 3.16286
2.116754e-007 3.06342
2.118754e-007 2.98815
2.120754e-007 3.03096
2.122754e-007 3.07032
2.124754e-007 2.94568
2.126754e-007 2.79169
2.128754e-007 2.82864
2.130754e-007 2.95915
2.132754e-007 3.00749
2.134754e-007 3.01059
2.136754e-007 3.00887
2.138754e-007 3.00887
2.140754e-007 3.04236
2.142754e-007 3.05375
2.144754e-007 3.01301
2.146754e-007 3.0175
2.148754e-007 3.09967
2.150754e-007 3.17977
2.152754e-007 3.22121
2.154754e-007 3.21983
2.156754e-007 3.14145
2.158754e-007 3.05064
2.160754e-007 3.05893
2.162754e-007 3.09208
2.164754e-007 3.06515
2.166754e-007 3.07654
2.168754e-007 3.15699
2.170754e-007 3.14697
2.172754e-007 3.02717
2.174754e-007 2.98124
2.176754e-007 3.00852
2.178754e-007 2.96571
2.180754e-007 2.91737
2.182754e-007 2.99367
2.184754e-007 3.0907
2.186754e-007 3.06238
2.188754e-007 2.99747
2.190754e-007 3.04339
2.192754e-007 3.16907
2.194754e-007 3.23744
2.196754e-007 3.16217
2.198754e-007 3.01715
2.200754e-007 2.96398
2.202754e-007 3.0503
2.204754e-007 3.13869
2.206754e-007 3.11417
2.208754e-007 3.07619
2.210754e-007 3.14041
2.212754e-007 3.21914
2.214754e-007 3.17839
2.216754e-007 3.08275
2.218754e-007 3.06722
2.220754e-007 3.08448
2.222754e-007 3.07136
2.224754e-007 3.13627
2.226754e-007 3.28405
2.228754e-007 3.33273
2.230754e-007 3.25435
2.232754e-007 3.1922
2.234754e-007 3.22293
2.236754e-007 3.28612
2.238754e-007 3.3058
2.240754e-007 3.25781
2.242754e-007 3.1487
2.244754e-007 3.06376
2.246754e-007 3.09449
2.248754e-007 3.20912
2.250754e-007 3.31098
2.252754e-007 3.33825
2.254754e-007 3.30304
2.256754e-007 3.27334
2.258754e-007 3.2768
2.260754e-007 3.3096
2.262754e-007 3.39488
2.264754e-007 3.47809
2.266754e-007 3.4332
2.268754e-007 3.29199
2.270754e-007 3.2402
2.272754e-007 3.34896
2.274754e-007 3.43355
2.276754e-007 3.33411
2.278754e-007 3.21775
2.280754e-007 3.28197
2.282754e-007 3.40903
2.284754e-007 3.43666
2.286754e-007 3.42354
2.288754e-007 3.42423
2.290754e-007 3.38625
2.292754e-007 3.36173
2.294754e-007 3.41076
2.296754e-007 3.42457
2.298754e-007 3.34516
2.300754e-007 3.25988
2.302754e-007 3.24883
2.304754e-007 3.30614
2.306754e-007 3.3493
2.308754e-007 3.36449
2.310754e-007 3.38866
2.312754e-007 3.40386
2.314754e-007 3.4225
2.316754e-007 3.40247
2.318754e-007 3.29095
2.320754e-007 3.22777
2.322754e-007 3.27852
2.324754e-007 3.30476
2.326754e-007 3.26022
2.328754e-007 3.22639
2.330754e-007 3.23157
2.332754e-007 3.28784
2.334754e-007 3.41352
2.336754e-007 3.50191
2.338754e-007 3.46669
2.340754e-007 3.3935
2.342754e-007 3.34033
2.344754e-007 3.29302
2.346754e-007 3.27196
2.348754e-007 3.29095
2.350754e-007 3.34758
2.352754e-007 3.42457
2.354754e-007 3.46428
2.356754e-007 3.4187
2.358754e-007 3.34758
2.360754e-007 3.37347
2.362754e-007 3.48327
2.364754e-007 3.54231
2.366754e-007 3.50157
2.368754e-007 3.4149
2.370754e-007 3.36898
2.372754e-007 3.38348
2.374754e-007 3.42423
2.376754e-007 3.48603
2.378754e-007 3.49294
2.380754e-007 3.43044
2.382754e-007 3.45219
2.384754e-007 3.56959
2.386754e-007 3.61136
2.388754e-007 3.53989
2.390754e-007 3.48223
2.392754e-007 3.46773
2.394754e-007 3.45979
2.396754e-007 3.49294
2.398754e-007 3.53989
2.400754e-007 3.51089
2.402754e-007 3.40834
2.404754e-007 3.35241
2.406754e-007 3.43493
2.408754e-007 3.53506
2.410754e-007 3.50502
2.412754e-007 3.41732
2.414754e-007 3.379
2.416754e-007 3.39695
2.418754e-007 3.47981
2.420754e-007 3.59859
2.422754e-007 3.67558
2.424754e-007 3.68352
2.426754e-007 3.64002
2.428754e-007 3.60273
2.430754e-007 3.58443
2.432754e-007 3.50295
2.434754e-007 3.40386
2.436754e-007 3.46428
2.438754e-007 3.69319
2.440754e-007 3.85581
2.442754e-007 3.76535
2.444754e-007 3.56199
2.446754e-007 3.47533
2.448754e-007 3.49501
2.450754e-007 3.53782
2.452754e-007 3.59721
2.454754e-007 3.61343
2.456754e-007 3.51158
2.458754e-007 3.39591
2.460754e-007 3.42664
2.462754e-007 3.55232
2.464754e-007 3.62448
2.466754e-007 3.60446
2.468754e-007 3.5537
2.470754e-007 3.55646
2.472754e-007 3.63001
2.474754e-007 3.6963
2.476754e-007 3.71425
2.478754e-007 3.68767
2.480754e-007 3.57615
2.482754e-007 3.43873
2.484754e-007 3.43113
2.486754e-007 3.51849
2.488754e-007 3.56889
2.490754e-007 3.5979
2.492754e-007 3.62483
2.494754e-007 3.61447
2.496754e-007 3.59099
2.498754e-007 3.62034
2.500754e-007 3.71494
2.502754e-007 3.77985
2.504754e-007 3.74705
2.506754e-007 3.66039
2.508754e-007 3.57925
2.510754e-007 3.57062
2.512754e-007 3.66005
2.514754e-007 3.72427
2.516754e-007 3.68076
2.518754e-007 3.6452
2.520754e-007 3.69457
