-2.480526e-007 10.1943
-2.478526e-007 10.3093
-2.476526e-007 10.2582
-2.474526e-007 10.1059
-2.472526e-007 10.0103
-2.470526e-007 10.0855
-2.468526e-007 10.2506
-2.466526e-007 10.2989
-2.464526e-007 10.1815
-2.462526e-007 10.0413
-2.460526e-007 10.0047
-2.458526e-007 10.0393
-2.456526e-007 10.071
-2.454526e-007 10.079
-2.452526e-007 10.0714
-2.450526e-007 10.0886
-2.448526e-007 10.1194
-2.446526e-007 10.0911
-2.444526e-007 10.0268
-2.442526e-007 10.0158
-2.440526e-007 10.013
-2.438526e-007 9.93741
-2.436526e-007 9.8794
-2.434526e-007 9.93015
-2.432526e-007 10.0103
-2.430526e-007 10.0393
-2.428526e-007 10.0327
-2.426526e-007 10.0223
-2.424526e-007 10.0441
-2.422526e-007 10.0658
-2.420526e-007 10.0327
-2.418526e-007 10.003
-2.416526e-007 10.0165
-2.414526e-007 10.0306
-2.412526e-007 10.0627
-2.410526e-007 10.1232
-2.408526e-007 10.1439
-2.406526e-007 10.119
-2.404526e-007 10.1159
-2.402526e-007 10.1245
-2.400526e-007 10.1059
-2.398526e-007 10.0855
-2.396526e-007 10.0527
-2.394526e-007 9.98298
-2.392526e-007 9.95916
-2.390526e-007 9.99714
-2.388526e-007 9.99472
-2.386526e-007 9.95778
-2.384526e-007 9.94673
-2.382526e-007 9.97849
-2.380526e-007 10.0358
-2.378526e-007 10.0437
-2.376526e-007 9.98298
-2.374526e-007 9.93913
-2.372526e-007 9.93533
-2.370526e-007 9.93741
-2.368526e-007 9.9595
-2.366526e-007 10.021
-2.364526e-007 10.1325
-2.362526e-007 10.2364
-2.360526e-007 10.2008
-2.358526e-007 10.089
-2.356526e-007 10.0772
-2.354526e-007 10.1242
-2.352526e-007 10.108
-2.350526e-007 10.0634
-2.348526e-007 10.0444
-2.346526e-007 10.0099
-2.344526e-007 9.9816
-2.342526e-007 9.98402
-2.340526e-007 9.93948
-2.338526e-007 9.90046
-2.336526e-007 9.96882
-2.334526e-007 10.0814
-2.332526e-007 10.1598
-2.330526e-007 10.1805
-2.328526e-007 10.1629
-2.326526e-007 10.1515
-2.324526e-007 10.1549
-2.322526e-007 10.1705
-2.320526e-007 10.1632
-2.318526e-007 10.1225
-2.316526e-007 10.1442
-2.314526e-007 10.2209
-2.312526e-007 10.1946
-2.310526e-007 10.1145
-2.308526e-007 10.1642
-2.306526e-007 10.1991
-2.304526e-007 10.0486
-2.302526e-007 9.9526
-2.300526e-007 10.0627
-2.298526e-007 10.1746
-2.296526e-007 10.1701
-2.294526e-007 10.1311
-2.292526e-007 10.1232
-2.290526e-007 10.1342
-2.288526e-007 10.0745
-2.286526e-007 9.91876
-2.284526e-007 9.87595
-2.282526e-007 10.0251
-2.280526e-007 10.1418
-2.278526e-007 10.1045
-2.276526e-007 9.99955
-2.274526e-007 9.96952
-2.272526e-007 10.0289
-2.270526e-007 10.0462
-2.268526e-007 10.0513
-2.266526e-007 10.1031
-2.264526e-007 10.0762
-2.262526e-007 10.0154
-2.260526e-007 10.0714
-2.258526e-007 10.1339
-2.256526e-007 10.1004
-2.254526e-007 10.0786
-2.252526e-007 10.1073
-2.250526e-007 10.0914
-2.248526e-007 10.0199
-2.246526e-007 9.98056
-2.244526e-007 10.003
-2.242526e-007 10.0558
-2.240526e-007 10.0862
-2.238526e-007 10.0565
-2.236526e-007 10.0258
-2.234526e-007 10.0817
-2.232526e-007 10.1874
-2.230526e-007 10.2464
-2.228526e-007 10.2081
-2.226526e-007 10.1114
-2.224526e-007 10.0721
-2.222526e-007 10.1031
-2.220526e-007 10.1256
-2.218526e-007 10.1311
-2.216526e-007 10.0824
-2.214526e-007 9.96606
-2.212526e-007 9.94397
-2.210526e-007 10.0206
-2.208526e-007 10.0299
-2.206526e-007 10.0261
-2.204526e-007 10.1004
-2.202526e-007 10.1276
-2.200526e-007 10.0551
-2.198526e-007 10.0227
-2.196526e-007 10.0714
-2.194526e-007 10.1197
-2.192526e-007 10.1394
-2.190526e-007 10.1301
-2.188526e-007 10.0993
-2.186526e-007 10.0928
-2.184526e-007 10.1014
-2.182526e-007 10.0731
-2.180526e-007 10.0489
-2.178526e-007 10.0624
-2.176526e-007 10.0531
-2.174526e-007 10.0113
-2.172526e-007 9.97918
-2.170526e-007 9.94983
-2.168526e-007 9.90668
-2.166526e-007 9.89045
-2.164526e-007 9.96503
-2.162526e-007 10.0717
-2.160526e-007 10.081
-2.158526e-007 9.98229
-2.156526e-007 9.8718
-2.154526e-007 9.87008
-2.152526e-007 9.98264
-2.150526e-007 10.0517
-2.148526e-007 10.0013
-2.146526e-007 9.96261
-2.144526e-007 9.99161
-2.142526e-007 10.0251
-2.140526e-007 10.0793
-2.138526e-007 10.1087
-2.136526e-007 10.0672
-2.134526e-007 10.0548
-2.132526e-007 10.0558
-2.130526e-007 10.0047
-2.128526e-007 9.99714
-2.126526e-007 10.0786
-2.124526e-007 10.1625
-2.122526e-007 10.1615
-2.120526e-007 10.0569
-2.118526e-007 9.94742
-2.116526e-007 9.92601
-2.114526e-007 9.96606
-2.112526e-007 10.0168
-2.110526e-007 10.0738
-2.108526e-007 10.1415
-2.106526e-007 10.1677
-2.104526e-007 10.1211
-2.102526e-007 10.0866
-2.100526e-007 10.1363
-2.098526e-007 10.2188
-2.096526e-007 10.2174
-2.094526e-007 10.1339
-2.092526e-007 10.0755
-2.090526e-007 10.0203
-2.088526e-007 9.96537
-2.086526e-007 10.0189
-2.084526e-007 10.1321
-2.082526e-007 10.1718
-2.080526e-007 10.1567
-2.078526e-007 10.1625
-2.076526e-007 10.1497
-2.074526e-007 10.0772
-2.072526e-007 10.0462
-2.070526e-007 10.0942
-2.068526e-007 10.1087
-2.066526e-007 10.0517
-2.064526e-007 9.98436
-2.062526e-007 9.96088
-2.060526e-007 9.97538
-2.058526e-007 9.96503
-2.056526e-007 9.92256
-2.054526e-007 9.92325
-2.052526e-007 9.99299
-2.050526e-007 10.0482
-2.048526e-007 10.031
-2.046526e-007 10.0179
-2.044526e-007 10.0545
-2.042526e-007 10.06
-2.040526e-007 10.0593
-2.038526e-007 10.1453
-2.036526e-007 10.2084
-2.034526e-007 10.1442
-2.032526e-007 10.0472
-2.030526e-007 9.96296
-2.028526e-007 9.92325
-2.026526e-007 9.99196
-2.024526e-007 10.0489
-2.022526e-007 10.0099
-2.020526e-007 9.99955
-2.018526e-007 10.0337
-2.016526e-007 9.98298
-2.014526e-007 9.9305
-2.012526e-007 10.0303
-2.010526e-007 10.1366
-2.008526e-007 10.07
-2.006526e-007 9.93499
-2.004526e-007 9.93775
-2.002526e-007 10.0624
-2.000526e-007 10.089
-1.998526e-007 9.99852
-1.996526e-007 10.0375
-1.994526e-007 10.205
-1.992526e-007 10.2675
-1.990526e-007 10.2295
-1.988526e-007 10.1988
-1.986526e-007 10.1822
-1.984526e-007 10.1649
-1.982526e-007 10.1311
-1.980526e-007 10.1035
-1.978526e-007 10.1166
-1.976526e-007 10.1083
-1.974526e-007 10.0123
-1.972526e-007 9.93913
-1.970526e-007 9.99196
-1.968526e-007 10.0451
-1.966526e-007 9.99783
-1.964526e-007 9.93154
-1.962526e-007 9.94914
-1.960526e-007 10.0652
-1.958526e-007 10.1294
-1.956526e-007 10.0555
-1.954526e-007 9.96641
-1.952526e-007 9.92118
-1.950526e-007 9.90288
-1.948526e-007 9.96468
-1.946526e-007 10.0569
-1.944526e-007 10.0545
-1.942526e-007 10.0002
-1.940526e-007 9.9961
-1.938526e-007 10.0582
-1.936526e-007 10.1228
-1.934526e-007 10.1225
-1.932526e-007 10.0462
-1.930526e-007 9.91324
-1.928526e-007 9.86214
-1.926526e-007 9.98885
-1.924526e-007 10.0907
-1.922526e-007 10.0016
-1.920526e-007 9.8832
-1.918526e-007 9.91082
-1.916526e-007 9.98229
-1.914526e-007 10.0044
-1.912526e-007 10.0845
-1.910526e-007 10.205
-1.908526e-007 10.2071
-1.906526e-007 10.1118
-1.904526e-007 10.0275
-1.902526e-007 9.95674
-1.900526e-007 9.92739
-1.898526e-007 9.95122
-1.896526e-007 9.94604
-1.894526e-007 9.91289
-1.892526e-007 9.91496
-1.890526e-007 9.97124
-1.888526e-007 10.0434
-1.886526e-007 10.0807
-1.884526e-007 10.1125
-1.882526e-007 10.156
-1.880526e-007 10.1497
-1.878526e-007 10.1218
-1.876526e-007 10.1377
-1.874526e-007 10.1311
-1.872526e-007 10.0786
-1.870526e-007 10.0524
-1.868526e-007 10.0406
-1.866526e-007 10.0116
-1.864526e-007 9.99437
-1.862526e-007 10.0203
-1.860526e-007 10.089
-1.858526e-007 10.1356
-1.856526e-007 10.1166
-1.854526e-007 10.1059
-1.852526e-007 10.1435
-1.850526e-007 10.127
-1.848526e-007 10.0527
-1.846526e-007 10.0451
-1.844526e-007 10.0911
-1.842526e-007 10.129
-1.840526e-007 10.147
-1.838526e-007 10.0862
-1.836526e-007 9.99472
-1.834526e-007 10.04
-1.832526e-007 10.1418
-1.830526e-007 10.0375
-1.828526e-007 9.82416
-1.826526e-007 9.8024
-1.824526e-007 9.93499
-1.822526e-007 9.99265
-1.820526e-007 9.96365
-1.818526e-007 9.98022
-1.816526e-007 9.99852
-1.814526e-007 9.92152
-1.812526e-007 9.86697
-1.810526e-007 9.90944
-1.808526e-007 9.9526
-1.806526e-007 9.98298
-1.804526e-007 9.98989
-1.802526e-007 9.88458
-1.800526e-007 9.74854
-1.798526e-007 9.75096
-1.796526e-007 9.87457
-1.794526e-007 9.96641
-1.792526e-007 9.97504
-1.790526e-007 10.003
-1.788526e-007 10.0779
-1.786526e-007 10.0828
-1.784526e-007 9.94914
-1.782526e-007 9.80517
-1.780526e-007 9.83728
-1.778526e-007 9.94017
-1.776526e-007 9.91565
-1.774526e-007 9.88182
-1.772526e-007 9.90391
-1.770526e-007 9.85799
-1.768526e-007 9.83279
-1.766526e-007 9.89597
-1.764526e-007 9.93671
-1.762526e-007 9.99196
-1.760526e-007 10.0859
-1.758526e-007 10.0776
-1.756526e-007 9.98747
-1.754526e-007 9.97366
-1.752526e-007 10.0448
-1.750526e-007 10.0935
-1.748526e-007 10.0838
-1.746526e-007 10.0759
-1.744526e-007 10.0565
-1.742526e-007 10.0089
-1.740526e-007 10.0534
-1.738526e-007 10.1732
-1.736526e-007 10.1529
-1.734526e-007 10.0058
-1.732526e-007 9.97677
-1.730526e-007 10.0962
-1.728526e-007 10.176
-1.726526e-007 10.2029
-1.724526e-007 10.2523
-1.722526e-007 10.2295
-1.720526e-007 10.128
-1.718526e-007 10.0921
-1.716526e-007 10.1484
-1.714526e-007 10.2105
-1.712526e-007 10.1995
-1.710526e-007 10.1529
-1.708526e-007 10.1539
-1.706526e-007 10.1815
-1.704526e-007 10.1895
-1.702526e-007 10.1712
-1.700526e-007 10.1411
-1.698526e-007 10.1156
-1.696526e-007 10.052
-1.694526e-007 9.96192
-1.692526e-007 9.96399
-1.690526e-007 10.0175
-1.688526e-007 10.0103
-1.686526e-007 9.99921
-1.684526e-007 10.0434
-1.682526e-007 10.0734
-1.680526e-007 10.0348
-1.678526e-007 10.0009
-1.676526e-007 10.0261
-1.674526e-007 10.0676
-1.672526e-007 10.0935
-1.670526e-007 10.099
-1.668526e-007 10.0928
-1.666526e-007 10.0786
-1.664526e-007 10.0217
-1.662526e-007 9.95225
-1.660526e-007 9.9923
-1.658526e-007 10.0952
-1.656526e-007 10.1028
-1.654526e-007 10.0365
-1.652526e-007 9.9488
-1.650526e-007 9.85558
-1.648526e-007 9.83141
-1.646526e-007 9.84349
-1.644526e-007 9.84246
-1.642526e-007 9.90253
-1.640526e-007 9.97849
-1.638526e-007 9.97193
-1.636526e-007 9.96572
-1.634526e-007 10.0227
-1.632526e-007 10.0883
-1.630526e-007 10.1442
-1.628526e-007 10.1418
-1.626526e-007 10.0351
-1.624526e-007 9.96848
-1.622526e-007 10.0386
-1.620526e-007 10.1384
-1.618526e-007 10.156
-1.616526e-007 10.0078
-1.614526e-007 9.80102
-1.612526e-007 9.84936
-1.610526e-007 10.1004
-1.608526e-007 10.1629
-1.606526e-007 10.04
-1.604526e-007 10.0261
-1.602526e-007 10.1011
-1.600526e-007 10.0955
-1.598526e-007 10.0548
-1.596526e-007 10.0562
-1.594526e-007 10.0493
-1.592526e-007 10.0016
-1.590526e-007 9.97677
-1.588526e-007 10.0182
-1.586526e-007 10.0289
-1.584526e-007 9.97331
-1.582526e-007 9.97331
-1.580526e-007 10.0158
-1.578526e-007 9.99576
-1.576526e-007 9.96261
-1.574526e-007 9.97055
-1.572526e-007 9.99576
-1.570526e-007 10.0441
-1.568526e-007 10.0738
-1.566526e-007 10.0451
-1.564526e-007 10.0589
-1.562526e-007 10.1511
-1.560526e-007 10.1991
-1.558526e-007 10.1604
-1.556526e-007 10.1218
-1.554526e-007 10.1349
-1.552526e-007 10.1415
-1.550526e-007 10.0831
-1.548526e-007 10.061
-1.546526e-007 10.1294
-1.544526e-007 10.1812
-1.542526e-007 10.1843
-1.540526e-007 10.147
-1.538526e-007 10.0037
-1.536526e-007 9.80413
-1.534526e-007 9.79723
-1.532526e-007 10.0265
-1.530526e-007 10.1567
-1.528526e-007 10.0192
-1.526526e-007 9.83382
-1.524526e-007 9.78031
-1.522526e-007 9.8687
-1.520526e-007 10.0327
-1.518526e-007 10.1207
-1.516526e-007 10.1052
-1.514526e-007 10.1056
-1.512526e-007 10.1363
-1.510526e-007 10.1242
-1.508526e-007 10.0437
-1.506526e-007 9.97746
-1.504526e-007 9.99437
-1.502526e-007 10.0109
-1.500526e-007 9.99748
-1.498526e-007 10.0199
-1.496526e-007 10.0334
-1.494526e-007 9.99645
-1.492526e-007 9.97953
-1.490526e-007 9.97677
-1.488526e-007 9.93706
-1.486526e-007 9.91289
-1.484526e-007 9.94086
-1.482526e-007 9.95812
-1.480526e-007 9.93119
-1.478526e-007 9.90564
-1.476526e-007 9.92912
-1.474526e-007 9.9999
-1.472526e-007 10.0479
-1.470526e-007 10.0286
-1.468526e-007 9.99576
-1.466526e-007 10.0147
-1.464526e-007 10.0983
-1.462526e-007 10.1843
-1.460526e-007 10.1953
-1.458526e-007 10.1377
-1.456526e-007 10.051
-1.454526e-007 9.95536
-1.452526e-007 9.93015
-1.450526e-007 10.0078
-1.448526e-007 10.041
-1.446526e-007 9.97953
-1.444526e-007 9.9816
-1.442526e-007 10.0493
-1.440526e-007 10.0482
-1.438526e-007 10.0123
-1.436526e-007 10.0351
-1.434526e-007 10.089
-1.432526e-007 10.0652
-1.430526e-007 9.94017
-1.428526e-007 9.85247
-1.426526e-007 9.86732
-1.424526e-007 9.92221
-1.422526e-007 10.0092
-1.420526e-007 10.0852
-1.418526e-007 10.0814
-1.416526e-007 10.0444
-1.414526e-007 10.0027
-1.412526e-007 9.90357
-1.410526e-007 9.82864
-1.408526e-007 9.92498
-1.406526e-007 10.0914
-1.404526e-007 10.166
-1.402526e-007 10.1777
-1.400526e-007 10.1491
-1.398526e-007 10.0935
-1.396526e-007 10.118
-1.394526e-007 10.1891
-1.392526e-007 10.1705
-1.390526e-007 10.0734
-1.388526e-007 10.0054
-1.386526e-007 9.99472
-1.384526e-007 9.96917
-1.382526e-007 9.95122
-1.380526e-007 10.0303
-1.378526e-007 10.1287
-1.376526e-007 10.1335
-1.374526e-007 10.1014
-1.372526e-007 10.1028
-1.370526e-007 10.0935
-1.368526e-007 10.0448
-1.366526e-007 9.98816
-1.364526e-007 9.97504
-1.362526e-007 10.0441
-1.360526e-007 10.1473
-1.358526e-007 10.2226
-1.356526e-007 10.2571
-1.354526e-007 10.2229
-1.352526e-007 10.1138
-1.350526e-007 9.99127
-1.348526e-007 9.94431
-1.346526e-007 9.97987
-1.344526e-007 10.0275
-1.342526e-007 10.051
-1.340526e-007 9.99955
-1.338526e-007 9.85454
-1.336526e-007 9.80206
-1.334526e-007 9.94431
-1.332526e-007 10.0734
-1.330526e-007 10.0427
-1.328526e-007 9.95674
-1.326526e-007 9.97504
-1.324526e-007 10.11
-1.322526e-007 10.1908
-1.320526e-007 10.1156
-1.318526e-007 9.98816
-1.316526e-007 9.9412
-1.314526e-007 9.99127
-1.312526e-007 10.0759
-1.310526e-007 10.1401
-1.308526e-007 10.1435
-1.306526e-007 10.1135
-1.304526e-007 10.071
-1.302526e-007 10.002
-1.300526e-007 10.0254
-1.298526e-007 10.1663
-1.296526e-007 10.2261
-1.294526e-007 10.1415
-1.292526e-007 10.0189
-1.290526e-007 9.93257
-1.288526e-007 9.92325
-1.286526e-007 9.99092
-1.284526e-007 10.0479
-1.282526e-007 10.0317
-1.280526e-007 10.0182
-1.278526e-007 10.098
-1.276526e-007 10.2167
-1.274526e-007 10.2395
-1.272526e-007 10.1518
-1.270526e-007 10.0955
-1.268526e-007 10.1304
-1.266526e-007 10.1601
-1.264526e-007 10.1342
-1.262526e-007 10.0717
-1.260526e-007 10.0389
-1.258526e-007 10.0821
-1.256526e-007 10.0852
-1.254526e-007 9.99334
-1.252526e-007 9.93982
-1.250526e-007 9.95501
-1.248526e-007 9.95501
-1.246526e-007 9.98056
-1.244526e-007 10.0334
-1.242526e-007 9.99886
-1.240526e-007 9.94638
-1.238526e-007 9.98643
-1.236526e-007 10.0071
-1.234526e-007 9.95467
-1.232526e-007 9.95191
-1.230526e-007 10.0254
-1.228526e-007 10.061
-1.226526e-007 10.0027
-1.224526e-007 9.91738
-1.222526e-007 9.95398
-1.220526e-007 10.1484
-1.218526e-007 10.2761
-1.216526e-007 10.1629
-1.214526e-007 9.96365
-1.212526e-007 9.94017
-1.210526e-007 10.0665
-1.208526e-007 10.1014
-1.206526e-007 10.0558
-1.204526e-007 10.1076
-1.202526e-007 10.2523
-1.200526e-007 10.3693
-1.198526e-007 10.3693
-1.196526e-007 10.2772
-1.194526e-007 10.1832
-1.192526e-007 10.0976
-1.190526e-007 10.0116
-1.188526e-007 9.99955
-1.186526e-007 10.0565
-1.184526e-007 10.0234
-1.182526e-007 9.86006
-1.180526e-007 9.7955
-1.178526e-007 9.94086
-1.176526e-007 10.0855
-1.174526e-007 10.1135
-1.172526e-007 10.1183
-1.170526e-007 10.1256
-1.168526e-007 10.1052
-1.166526e-007 10.0741
-1.164526e-007 10.0382
-1.162526e-007 9.99299
-1.160526e-007 9.95674
-1.158526e-007 9.9595
-1.156526e-007 10.0158
-1.154526e-007 10.0658
-1.152526e-007 10.0189
-1.150526e-007 9.94258
-1.148526e-007 9.97884
-1.146526e-007 10.1156
-1.144526e-007 10.1908
-1.142526e-007 10.1028
-1.140526e-007 10.0275
-1.138526e-007 10.1014
-1.136526e-007 10.1625
-1.134526e-007 10.1432
-1.132526e-007 10.1494
-1.130526e-007 10.1387
-1.128526e-007 10.0558
-1.126526e-007 10.0313
-1.124526e-007 10.0745
-1.122526e-007 10.0631
-1.120526e-007 10.0424
-1.118526e-007 10.0303
-1.116526e-007 9.96744
-1.114526e-007 9.94983
-1.112526e-007 10.0096
-1.110526e-007 10.0348
-1.108526e-007 10.0103
-1.106526e-007 9.98367
-1.104526e-007 9.94051
-1.102526e-007 9.88009
-1.100526e-007 9.86317
-1.098526e-007 9.93223
-1.096526e-007 10.0586
-1.094526e-007 10.1201
-1.092526e-007 10.0648
-1.090526e-007 9.99472
-1.088526e-007 9.9381
-1.086526e-007 9.93154
-1.084526e-007 10.013
-1.082526e-007 10.0745
-1.080526e-007 10.1422
-1.078526e-007 10.2547
-1.076526e-007 10.2599
-1.074526e-007 10.1466
-1.072526e-007 10.0873
-1.070526e-007 10.1518
-1.068526e-007 10.225
-1.066526e-007 10.2029
-1.064526e-007 10.1598
-1.062526e-007 10.1988
-1.060526e-007 10.2385
-1.058526e-007 10.1601
-1.056526e-007 10.0434
-1.054526e-007 10.022
-1.052526e-007 10.0437
-1.050526e-007 10.0009
-1.048526e-007 9.94466
-1.046526e-007 9.90909
-1.044526e-007 9.87215
-1.042526e-007 9.90322
-1.040526e-007 9.96986
-1.038526e-007 10.0023
-1.036526e-007 10.11
-1.034526e-007 10.2796
-1.032526e-007 10.2889
-1.030526e-007 10.1028
-1.028526e-007 9.95329
-1.026526e-007 9.96986
-1.024526e-007 10.0134
-1.022526e-007 9.99541
-1.020526e-007 10.0068
-1.018526e-007 10.0624
-1.016526e-007 10.0441
-1.014526e-007 9.9633
-1.012526e-007 9.96572
-1.010526e-007 10.0282
-1.008526e-007 10.0462
-1.006526e-007 10.0517
-1.004526e-007 10.0814
-1.002526e-007 10.1014
-1.000526e-007 10.0759
-9.985261e-008 9.98436
-9.965261e-008 9.88631
-9.945261e-008 9.88492
-9.925261e-008 9.92808
-9.905261e-008 9.92946
-9.885261e-008 9.96882
-9.865261e-008 10.0814
-9.845261e-008 10.1715
-9.825261e-008 10.1846
-9.805261e-008 10.1273
-9.785261e-008 10.051
-9.765261e-008 10.0241
-9.745261e-008 10.0517
-9.725261e-008 10.0904
-9.705261e-008 10.0928
-9.685261e-008 10.0586
-9.665261e-008 10.0362
-9.645261e-008 10.0848
-9.625261e-008 10.2067
-9.605261e-008 10.2958
-9.585261e-008 10.3055
-9.565261e-008 10.2913
-9.545261e-008 10.2747
-9.525261e-008 10.2416
-9.505261e-008 10.1922
-9.485261e-008 10.1649
-9.465261e-008 10.1397
-9.445261e-008 10.0848
-9.425261e-008 10.0741
-9.405261e-008 10.0897
-9.385261e-008 10.0427
-9.365261e-008 10.0203
-9.345261e-008 10.1176
-9.325261e-008 10.1905
-9.305261e-008 10.1031
-9.285261e-008 10.0279
-9.265261e-008 10.1014
-9.245261e-008 10.1843
-9.225261e-008 10.2053
-9.205261e-008 10.1957
-9.185261e-008 10.1546
-9.165261e-008 10.1339
-9.145261e-008 10.1522
-9.125261e-008 10.1646
-9.105261e-008 10.1725
-9.085261e-008 10.1604
-9.065261e-008 10.1211
-9.045261e-008 10.1121
-9.025261e-008 10.1339
-9.005261e-008 10.1542
-8.985261e-008 10.1422
-8.965261e-008 10.0769
-8.945261e-008 10.0593
-8.925261e-008 10.1311
-8.905261e-008 10.1494
-8.885261e-008 10.0855
-8.865261e-008 10.0589
-8.845261e-008 10.0627
-8.825261e-008 10.0389
-8.805261e-008 10.0286
-8.785261e-008 10.0555
-8.765261e-008 10.1114
-8.745261e-008 10.1535
-8.725261e-008 10.0938
-8.705261e-008 9.98333
-8.685261e-008 9.94638
-8.665261e-008 9.95018
-8.645261e-008 9.96157
-8.625261e-008 10.0282
-8.605261e-008 10.0911
-8.585261e-008 10.0451
-8.565261e-008 9.92118
-8.545261e-008 9.86455
-8.525261e-008 9.94293
-8.505261e-008 10.0634
-8.485261e-008 10.0962
-8.465261e-008 10.0444
-8.445261e-008 10.0182
-8.425261e-008 9.99645
-8.405261e-008 9.93154
-8.385261e-008 9.93775
-8.365261e-008 10.0286
-8.345261e-008 10.099
-8.325261e-008 10.1125
-8.305261e-008 10.0507
-8.285261e-008 9.96123
-8.265261e-008 9.89873
-8.245261e-008 9.84246
-8.225261e-008 9.86455
-8.205261e-008 10.0106
-8.185261e-008 10.1169
-8.165261e-008 10.1007
-8.145261e-008 10.0942
-8.125261e-008 10.1556
-8.105261e-008 10.1677
-8.085261e-008 10.0513
-8.065261e-008 9.91013
-8.045261e-008 9.91531
-8.025261e-008 10.052
-8.005261e-008 10.1149
-7.985261e-008 10.032
-7.965261e-008 9.9305
-7.945261e-008 9.88389
-7.925261e-008 9.88044
-7.905261e-008 9.94742
-7.885261e-008 10.0469
-7.865261e-008 10.0237
-7.845261e-008 9.90564
-7.825261e-008 9.887
-7.805261e-008 9.99955
-7.785261e-008 10.0959
-7.765261e-008 10.0437
-7.745261e-008 9.87457
-7.725261e-008 9.81622
-7.705261e-008 9.95432
-7.685261e-008 10.0507
-7.665261e-008 10.0534
-7.645261e-008 10.1218
-7.625261e-008 10.1801
-7.605261e-008 10.1318
-7.585261e-008 10.0852
-7.565261e-008 10.1104
-7.545261e-008 10.1674
-7.525261e-008 10.1981
-7.505261e-008 10.1342
-7.485261e-008 10.0154
-7.465261e-008 9.96606
-7.445261e-008 9.95743
-7.425261e-008 9.89252
-7.405261e-008 9.84971
-7.385261e-008 9.94569
-7.365261e-008 10.0797
-7.345261e-008 10.0676
-7.325261e-008 9.9633
-7.305261e-008 9.96848
-7.285261e-008 10.0845
-7.265261e-008 10.1629
-7.245261e-008 10.1477
-7.225261e-008 10.0741
-7.205261e-008 10.002
-7.185261e-008 10.0254
-7.165261e-008 10.1663
-7.145261e-008 10.2699
-7.125261e-008 10.2219
-7.105261e-008 10.118
-7.085261e-008 10.0479
-7.065261e-008 9.99507
-7.045261e-008 9.93326
-7.025261e-008 9.92912
-7.005261e-008 10.0465
-6.985261e-008 10.0976
-6.965261e-008 9.97435
-6.945261e-008 9.92739
-6.925261e-008 10.0562
-6.905261e-008 10.1466
-6.885261e-008 10.0748
-6.865261e-008 9.97746
-6.845261e-008 10.0275
-6.825261e-008 10.1214
-6.805261e-008 10.0455
-6.785261e-008 9.92118
-6.765261e-008 9.9633
-6.745261e-008 10.0645
-6.725261e-008 10.1239
-6.705261e-008 10.185
-6.685261e-008 10.1442
-6.665261e-008 9.97884
-6.645261e-008 9.93844
-6.625261e-008 10.0379
-6.605261e-008 10.0382
-6.585261e-008 10.0006
-6.565261e-008 10.0562
-6.545261e-008 10.0893
-6.525261e-008 10.0683
-6.505261e-008 10.0507
-6.485261e-008 10.0206
-6.465261e-008 9.99403
-6.445261e-008 9.96261
-6.425261e-008 9.93879
-6.405261e-008 10.0065
-6.385261e-008 10.0703
-6.365261e-008 10.0341
-6.345261e-008 10.0223
-6.325261e-008 10.0879
-6.305261e-008 10.1466
-6.285261e-008 10.1318
-6.265261e-008 10.0417
-6.245261e-008 9.9854
-6.225261e-008 10.0962
-6.205261e-008 10.2613
-6.185261e-008 10.2326
-6.165261e-008 10.0458
-6.145261e-008 9.89908
-6.125261e-008 9.88285
-6.105261e-008 9.94673
-6.085261e-008 9.94811
-6.065261e-008 9.88113
-6.045261e-008 9.85937
-6.025261e-008 9.95294
-6.005261e-008 10.1107
-5.985261e-008 10.1743
-5.965261e-008 10.109
-5.945261e-008 10.0355
-5.925261e-008 10.0251
-5.905261e-008 10.0351
-5.885261e-008 10.0185
-5.865261e-008 10.0303
-5.845261e-008 10.139
-5.825261e-008 10.2589
-5.805261e-008 10.2502
-5.785261e-008 10.1308
-5.765261e-008 10.0199
-5.745261e-008 9.9816
-5.725261e-008 9.97193
-5.705261e-008 9.93568
-5.685261e-008 9.93602
-5.665261e-008 10.0037
-5.645261e-008 9.99299
-5.625261e-008 9.88838
-5.605261e-008 9.90184
-5.585261e-008 10.0645
-5.565261e-008 10.1667
-5.545261e-008 10.1325
-5.525261e-008 10.0776
-5.505261e-008 10.0852
-5.485261e-008 10.1287
-5.465261e-008 10.1283
-5.445261e-008 10.0797
-5.425261e-008 10.0645
-5.405261e-008 10.0879
-5.385261e-008 10.1218
-5.365261e-008 10.168
-5.345261e-008 10.1725
-5.325261e-008 10.0928
-5.305261e-008 9.98885
-5.285261e-008 9.97124
-5.265261e-008 10.0548
-5.245261e-008 10.0869
-5.225261e-008 10.0016
-5.205261e-008 9.9412
-5.185261e-008 9.9526
-5.165261e-008 9.93223
-5.145261e-008 9.88631
-5.125261e-008 9.92187
-5.105261e-008 10.0482
-5.085261e-008 10.1432
-5.065261e-008 10.1308
-5.045261e-008 10.0959
-5.025261e-008 10.1135
-5.005261e-008 10.1097
-4.985261e-008 10.0248
-4.965261e-008 9.96468
-4.945261e-008 9.99645
-4.925261e-008 10.0375
-4.905261e-008 10.0493
-4.885261e-008 10.05
-4.865261e-008 10.0365
-4.845261e-008 9.98851
-4.825261e-008 9.96572
-4.805261e-008 10.0624
-4.785261e-008 10.1677
-4.765261e-008 10.081
-4.745261e-008 9.87388
-4.725261e-008 9.83728
-4.705261e-008 9.96296
-4.685261e-008 9.98022
-4.665261e-008 9.90668
-4.645261e-008 9.91151
-4.625261e-008 9.97331
-4.605261e-008 10.0344
-4.585261e-008 10.0765
-4.565261e-008 10.0493
-4.545261e-008 9.98264
-4.525261e-008 9.94914
-4.505261e-008 9.92808
-4.485261e-008 9.96365
-4.465261e-008 10.1024
-4.445261e-008 10.2133
-4.425261e-008 10.2129
-4.405261e-008 10.166
-4.385261e-008 10.1318
-4.365261e-008 10.1477
-4.345261e-008 10.2081
-4.325261e-008 10.2219
-4.305261e-008 10.1397
-4.285261e-008 10.0538
-4.265261e-008 10.0652
-4.245261e-008 10.1197
-4.225261e-008 10.1207
-4.205261e-008 10.1018
-4.185261e-008 10.0962
-4.165261e-008 10.0472
-4.145261e-008 9.95501
-4.125261e-008 9.9084
-4.105261e-008 9.95674
-4.085261e-008 10.0203
-4.065261e-008 10.0123
-4.045261e-008 9.99886
-4.025261e-008 10.0427
-4.005261e-008 10.0845
-3.985261e-008 10.0824
-3.965261e-008 10.1332
-3.945261e-008 10.2509
-3.925261e-008 10.2513
-3.905261e-008 10.1118
-3.885261e-008 10.002
-3.865261e-008 9.94949
-3.845261e-008 9.89045
-3.825261e-008 9.89666
-3.805261e-008 9.98402
-3.785261e-008 9.98851
-3.765261e-008 9.89287
-3.745261e-008 9.85005
-3.725261e-008 9.91393
-3.705261e-008 9.98125
-3.685261e-008 9.96882
-3.665261e-008 9.98574
-3.645261e-008 10.0745
-3.625261e-008 10.0769
-3.605261e-008 9.99127
-3.585261e-008 9.95294
-3.565261e-008 9.9816
-3.545261e-008 10.0904
-3.525261e-008 10.2361
-3.505261e-008 10.2585
-3.485261e-008 10.1511
-3.465261e-008 10.0451
-3.445261e-008 9.97193
-3.425261e-008 9.91669
-3.405261e-008 9.92083
-3.385261e-008 9.97262
-3.365261e-008 9.97642
-3.345261e-008 9.93706
-3.325261e-008 9.93464
-3.305261e-008 9.95916
-3.285261e-008 10.0002
-3.265261e-008 10.0707
-3.245261e-008 10.081
-3.225261e-008 9.99472
-3.205261e-008 9.9633
-3.185261e-008 10.0496
-3.165261e-008 10.11
-3.145261e-008 10.0876
-3.125261e-008 10.0496
-3.105261e-008 9.99196
-3.085261e-008 9.9526
-3.065261e-008 10.0134
-3.045261e-008 10.0576
-3.025261e-008 9.97331
-3.005261e-008 9.92981
-2.985261e-008 10.0234
-2.965261e-008 10.0472
-2.945261e-008 9.93257
-2.925261e-008 9.89804
-2.905261e-008 9.99437
-2.885261e-008 10.0582
-2.865261e-008 10.0769
-2.845261e-008 10.1283
-2.825261e-008 10.185
-2.805261e-008 10.1646
-2.785261e-008 10.0731
-2.765261e-008 10.0289
-2.745261e-008 10.0572
-2.725261e-008 10.0475
-2.705261e-008 9.98885
-2.685261e-008 9.99472
-2.665261e-008 10.0617
-2.645261e-008 10.0807
-2.625261e-008 10.0741
-2.605261e-008 10.1214
-2.585261e-008 10.1846
-2.565261e-008 10.2105
-2.545261e-008 10.2198
-2.525261e-008 10.2046
-2.505261e-008 10.1097
-2.485261e-008 9.96261
-2.465261e-008 9.88078
-2.445261e-008 9.90288
-2.425261e-008 10.012
-2.405261e-008 10.1808
-2.385261e-008 10.2765
-2.365261e-008 10.1967
-2.345261e-008 10.0527
-2.325261e-008 10.0023
-2.305261e-008 10.013
-2.285261e-008 9.99783
-2.265261e-008 9.99783
-2.245261e-008 10.0254
-2.225261e-008 10.0348
-2.205261e-008 10.0279
-2.185261e-008 9.95743
-2.165261e-008 9.83797
-2.145261e-008 9.86559
-2.125261e-008 10.0365
-2.105261e-008 10.1142
-2.085261e-008 10.0579
-2.065261e-008 9.98264
-2.045261e-008 9.95812
-2.025261e-008 9.98609
-2.005261e-008 10.0241
-1.985261e-008 10.0807
-1.965261e-008 10.1311
-1.945261e-008 10.0634
-1.925261e-008 9.95812
-1.905261e-008 9.99161
-1.885261e-008 10.0831
-1.865261e-008 10.0883
-1.845261e-008 10.0469
-1.825261e-008 10.0337
-1.805261e-008 10.0551
-1.785261e-008 10.0772
-1.765261e-008 10.0655
-1.745261e-008 10.0541
-1.725261e-008 10.0769
-1.705261e-008 10.0776
-1.685261e-008 10.0147
-1.665261e-008 9.94983
-1.645261e-008 9.91772
-1.625261e-008 9.90633
-1.605261e-008 9.945
-1.585261e-008 10.0047
-1.565261e-008 10.0437
-1.545261e-008 10.0693
-1.525261e-008 10.0551
-1.505261e-008 10.0092
-1.485261e-008 9.9778
-1.465261e-008 9.96123
-1.445261e-008 9.97642
-1.425261e-008 10.0303
-1.405261e-008 10.0648
-1.385261e-008 10.0465
-1.365261e-008 9.97504
-1.345261e-008 9.88147
-1.325261e-008 9.86386
-1.305261e-008 9.95501
-1.285261e-008 10.0772
-1.265261e-008 10.1511
-1.245261e-008 10.1567
-1.225261e-008 10.1031
-1.205261e-008 10.0303
-1.185261e-008 10.0465
-1.165261e-008 10.1318
-1.145261e-008 10.1418
-1.125261e-008 10.0931
-1.105261e-008 10.0752
-1.085261e-008 10.098
-1.065261e-008 10.1111
-1.045261e-008 10.0627
-1.025261e-008 10.0203
-1.005261e-008 10.0348
-9.852608e-009 10.0206
-9.652608e-009 9.96572
-9.452608e-009 9.94155
-9.252608e-009 9.9526
-9.052608e-009 9.9526
-8.852608e-009 9.93706
-8.652608e-009 9.96468
-8.452608e-009 10.0451
-8.252608e-009 10.1062
-8.052608e-009 10.1314
-7.852608e-009 10.1532
-7.652608e-009 10.1318
-7.452608e-009 10.0734
-7.252608e-009 10.062
-7.052608e-009 10.0893
-6.852608e-009 10.0686
-6.652608e-009 9.97469
-6.452608e-009 9.92877
-6.252608e-009 10.0009
-6.052608e-009 10.0724
-5.852608e-009 10.0582
-5.652608e-009 9.99714
-5.452608e-009 9.97228
-5.252608e-009 10.0185
-5.052608e-009 10.0196
-4.852608e-009 9.91531
-4.652608e-009 9.84729
-4.452608e-009 9.86214
-4.252608e-009 9.86697
-4.052608e-009 9.8718
-3.852608e-009 9.9267
-3.652608e-009 10.0206
-3.452608e-009 10.1093
-3.252608e-009 10.1511
-3.052608e-009 10.1256
-2.852608e-009 10.0714
-2.652608e-009 10.0524
-2.452608e-009 10.0324
-2.252608e-009 9.97573
-2.052608e-009 9.9084
-1.852608e-009 9.79619
-1.652608e-009 9.5293
-1.452608e-009 8.91955
-1.252608e-009 7.8758
-1.052608e-009 6.55099
-8.526083e-010 5.18959
-6.526083e-010 4.05607
-4.526083e-010 3.26816
-2.526083e-010 2.65635
-5.260835e-011 2.15087
1.473917e-010 1.89019
3.473917e-010 1.82321
5.473917e-010 1.74794
7.473917e-010 1.61812
9.473917e-010 1.48933
1.147392e-009 1.44617
1.347392e-009 1.51764
1.547392e-009 1.54319
1.747392e-009 1.42649
1.947392e-009 1.30254
2.147392e-009 1.23797
2.347392e-009 1.20241
2.547392e-009 1.26422
2.747392e-009 1.40543
2.947392e-009 1.48519
3.147392e-009 1.50694
3.347392e-009 1.50073
3.547392e-009 1.42787
3.747392e-009 1.38368
3.947392e-009 1.41682
4.147392e-009 1.39818
4.347392e-009 1.3022
4.547392e-009 1.25489
4.747392e-009 1.33845
4.947392e-009 1.47966
5.147392e-009 1.51799
5.347392e-009 1.43892
5.547392e-009 1.40232
5.747392e-009 1.41959
5.947392e-009 1.41475
6.147392e-009 1.43823
6.347392e-009 1.42684
6.547392e-009 1.30496
6.747392e-009 1.20241
6.947392e-009 1.2
7.147392e-009 1.2763
7.347392e-009 1.35502
7.547392e-009 1.34328
7.747392e-009 1.3129
7.947392e-009 1.3419
8.147392e-009 1.35191
8.347392e-009 1.36538
8.547392e-009 1.46585
8.747392e-009 1.5066
8.947392e-009 1.40819
9.147392e-009 1.31911
9.347392e-009 1.25973
9.547392e-009 1.1817
9.747392e-009 1.14061
9.947392e-009 1.14199
1.014739e-008 1.14406
1.034739e-008 1.16478
1.054739e-008 1.18204
1.074739e-008 1.14786
1.094739e-008 1.1085
1.114739e-008 1.10815
1.134739e-008 1.13198
1.154739e-008 1.15028
1.174739e-008 1.13681
1.194739e-008 1.13716
1.214739e-008 1.18653
1.234739e-008 1.22485
1.254739e-008 1.20897
1.274739e-008 1.19136
1.294739e-008 1.24661
1.314739e-008 1.35882
1.334739e-008 1.45342
1.354739e-008 1.44686
1.374739e-008 1.32636
1.394739e-008 1.18135
1.414739e-008 1.07673
1.434739e-008 1.07846
1.454739e-008 1.14544
1.474739e-008 1.13198
1.494739e-008 1.07017
1.514739e-008 1.03392
1.534739e-008 1.02184
1.554739e-008 1.08329
1.574739e-008 1.18411
1.594739e-008 1.21795
1.614739e-008 1.20586
1.634739e-008 1.17065
1.654739e-008 1.10953
1.674739e-008 1.07915
1.694739e-008 1.06776
1.714739e-008 1.05153
1.734739e-008 1.05982
1.754739e-008 1.07915
1.774739e-008 1.09331
1.794739e-008 1.10228
1.814739e-008 1.07881
1.834739e-008 1.04635
1.854739e-008 1.06568
1.874739e-008 1.12714
1.894739e-008 1.17272
1.914739e-008 1.1779
1.934739e-008 1.15373
1.954739e-008 1.1451
1.974739e-008 1.20586
1.994739e-008 1.2725
2.014739e-008 1.26249
2.034739e-008 1.22555
2.054739e-008 1.17514
2.074739e-008 1.10539
2.094739e-008 1.10919
2.114739e-008 1.17824
2.134739e-008 1.17652
2.154739e-008 1.10712
2.174739e-008 1.0971
2.194739e-008 1.12956
2.214739e-008 1.09883
2.234739e-008 1.04324
2.254739e-008 1.05809
2.274739e-008 1.1154
2.294739e-008 1.10608
2.314739e-008 0.99525
2.334739e-008 0.9186
2.354739e-008 1.03012
2.374739e-008 1.22416
2.394739e-008 1.30254
2.414739e-008 1.30599
2.434739e-008 1.30668
2.454739e-008 1.27561
2.474739e-008 1.23176
2.494739e-008 1.19551
2.514739e-008 1.16512
2.534739e-008 1.1337
2.554739e-008 1.06741
2.574739e-008 1.01113
2.594739e-008 1.02598
2.614739e-008 1.04946
2.634739e-008 1.03944
2.654739e-008 1.017
2.674739e-008 1.01355
2.694739e-008 1.04221
2.714739e-008 1.04152
2.734739e-008 1.03081
2.754739e-008 1.1047
2.774739e-008 1.21035
2.794739e-008 1.19792
2.814739e-008 1.09193
2.834739e-008 1.09607
2.854739e-008 1.20103
2.874739e-008 1.2107
2.894739e-008 1.12127
2.914739e-008 1.0574
2.934739e-008 1.0574
2.954739e-008 1.07777
2.974739e-008 1.08295
2.994739e-008 1.09883
3.014739e-008 1.12507
3.034739e-008 1.07397
3.054739e-008 0.992833
3.074739e-008 1.02771
3.094739e-008 1.10056
3.114739e-008 1.08847
3.134739e-008 1.05878
3.154739e-008 1.06638
3.174739e-008 1.123
3.194739e-008 1.20414
3.214739e-008 1.17928
3.234739e-008 1.09918
3.254739e-008 1.1596
3.274739e-008 1.26352
3.294739e-008 1.22002
3.314739e-008 1.13647
3.334739e-008 1.1375
3.354739e-008 1.11264
3.374739e-008 1.0353
3.394739e-008 1.05049
3.414739e-008 1.13785
3.434739e-008 1.13819
3.454739e-008 1.05222
3.474739e-008 1.02529
3.494739e-008 1.06914
3.514739e-008 1.05878
3.534739e-008 1.03806
3.554739e-008 1.10194
3.574739e-008 1.13094
3.594739e-008 1.07363
3.614739e-008 1.04497
3.634739e-008 1.05705
3.654739e-008 1.08088
3.674739e-008 1.15994
3.694739e-008 1.23349
3.714739e-008 1.20897
3.734739e-008 1.14372
3.754739e-008 1.12127
3.774739e-008 1.18031
3.794739e-008 1.29391
3.814739e-008 1.33292
3.834739e-008 1.21968
3.854739e-008 1.10436
3.874739e-008 1.15062
3.894739e-008 1.23797
3.914739e-008 1.19274
3.934739e-008 1.07052
3.954739e-008 1.02598
3.974739e-008 1.10815
3.994739e-008 1.1924
4.014739e-008 1.15753
4.034739e-008 1.09538
4.054739e-008 1.13301
4.074739e-008 1.23314
4.094739e-008 1.30634
4.114739e-008 1.28562
4.134739e-008 1.17859
4.154739e-008 1.11886
4.174739e-008 1.15822
4.194739e-008 1.15753
4.214739e-008 1.0757
4.234739e-008 1.04877
4.254739e-008 1.08019
4.274739e-008 1.07639
4.294739e-008 1.07363
4.314739e-008 1.0971
4.334739e-008 1.07328
4.354739e-008 1.00181
4.374739e-008 0.964866
4.394739e-008 0.977296
4.414739e-008 1.00388
4.434739e-008 1.01804
4.454739e-008 1.01389
4.474739e-008 1.02978
4.494739e-008 1.08088
4.514739e-008 1.15787
4.534739e-008 1.24281
4.554739e-008 1.25662
4.574739e-008 1.17824
4.594739e-008 1.10539
4.614739e-008 1.13094
4.634739e-008 1.2511
4.654739e-008 1.32464
4.674739e-008 1.25248
4.694739e-008 1.15028
4.714739e-008 1.11057
4.734739e-008 1.11022
4.754739e-008 1.13232
4.774739e-008 1.12783
4.794739e-008 1.10712
4.814739e-008 1.12438
4.834739e-008 1.1375
4.854739e-008 1.13508
4.874739e-008 1.14095
4.894739e-008 1.14441
4.914739e-008 1.15407
4.934739e-008 1.13474
4.954739e-008 1.03737
4.974739e-008 0.945531
4.994739e-008 0.948984
5.014739e-008 0.980403
5.034739e-008 0.97626
5.054739e-008 0.974188
5.074739e-008 0.986963
5.094739e-008 1.0246
5.114739e-008 1.10919
5.134739e-008 1.17962
5.154739e-008 1.229
5.174739e-008 1.28838
5.194739e-008 1.26042
5.214739e-008 1.16547
5.234739e-008 1.15546
5.254739e-008 1.20759
5.274739e-008 1.24799
5.294739e-008 1.27526
5.314739e-008 1.23901
5.334739e-008 1.15235
5.354739e-008 1.11471
5.374739e-008 1.12127
5.394739e-008 1.14544
5.414739e-008 1.16098
5.434739e-008 1.12507
5.454739e-008 1.0971
5.474739e-008 1.08985
5.494739e-008 1.06396
5.514739e-008 1.06741
5.534739e-008 1.09987
5.554739e-008 1.08709
5.574739e-008 1.06016
5.594739e-008 1.13267
5.614739e-008 1.2763
5.634739e-008 1.32049
5.654739e-008 1.25282
5.674739e-008 1.1962
5.694739e-008 1.15925
5.714739e-008 1.13198
5.734739e-008 1.12335
5.754739e-008 1.08571
5.774739e-008 1.06396
5.794739e-008 1.12438
5.814739e-008 1.1848
5.834739e-008 1.19378
5.854739e-008 1.15511
5.874739e-008 1.04221
5.894739e-008 0.952091
5.914739e-008 0.98282
5.934739e-008 1.03323
5.954739e-008 1.02598
5.974739e-008 1.02771
5.994739e-008 1.05429
6.014739e-008 1.04083
6.034739e-008 1.00492
6.054739e-008 0.998012
6.074739e-008 1.00837
6.094739e-008 1.0353
6.114739e-008 1.07328
6.134739e-008 1.13129
6.154739e-008 1.24764
6.174739e-008 1.35502
6.194739e-008 1.36262
6.214739e-008 1.30772
6.234739e-008 1.26767
6.254739e-008 1.23072
6.274739e-008 1.16512
6.294739e-008 1.11126
6.314739e-008 1.10436
6.334739e-008 1.0978
6.354739e-008 1.06361
6.374739e-008 1.06465
6.394739e-008 1.14268
6.414739e-008 1.23383
6.434739e-008 1.21484
6.454739e-008 1.1451
6.474739e-008 1.1962
6.494739e-008 1.28217
6.514739e-008 1.2801
6.534739e-008 1.29322
6.554739e-008 1.33396
6.574739e-008 1.27803
6.594739e-008 1.14579
6.614739e-008 1.02391
6.634739e-008 0.973498
6.654739e-008 1.06189
6.674739e-008 1.18308
6.694739e-008 1.18031
6.714739e-008 1.1489
6.734739e-008 1.19758
6.754739e-008 1.22555
6.774739e-008 1.19482
6.794739e-008 1.17548
6.814739e-008 1.16996
6.834739e-008 1.1634
6.854739e-008 1.15131
6.874739e-008 1.14959
6.894739e-008 1.22934
6.914739e-008 1.34466
6.934739e-008 1.32257
6.954739e-008 1.19896
6.974739e-008 1.15718
6.994739e-008 1.17617
7.014739e-008 1.16132
7.034739e-008 1.16961
7.054739e-008 1.22244
7.074739e-008 1.22589
7.094739e-008 1.19758
7.114739e-008 1.20966
7.134739e-008 1.20276
7.154739e-008 1.14026
7.174739e-008 1.08916
7.194739e-008 1.094
7.214739e-008 1.1558
7.234739e-008 1.19585
7.254739e-008 1.16512
7.274739e-008 1.16374
7.294739e-008 1.21933
7.314739e-008 1.22727
7.334739e-008 1.16616
7.354739e-008 1.10021
7.374739e-008 1.08916
7.394739e-008 1.15097
7.414739e-008 1.18515
7.434739e-008 1.1306
7.454739e-008 1.11195
7.474739e-008 1.19205
7.494739e-008 1.26836
7.514739e-008 1.2214
7.534739e-008 1.07086
7.554739e-008 1.02736
7.574739e-008 1.15304
7.594739e-008 1.24005
7.614739e-008 1.22313
7.634739e-008 1.22209
7.654739e-008 1.22002
7.674739e-008 1.14268
7.694739e-008 1.05118
7.714739e-008 1.02598
7.734739e-008 1.09158
7.754739e-008 1.18618
7.774739e-008 1.18308
7.794739e-008 1.11713
7.814739e-008 1.12024
7.834739e-008 1.1451
7.854739e-008 1.11782
7.874739e-008 1.11022
7.894739e-008 1.12921
7.914739e-008 1.09434
7.934739e-008 1.05291
7.954739e-008 1.10677
7.974739e-008 1.20483
7.994739e-008 1.2176
8.014739e-008 1.12265
8.034739e-008 1.03357
8.054739e-008 1.07086
8.074739e-008 1.16754
8.094739e-008 1.152
8.114739e-008 1.0795
8.134739e-008 1.12887
8.154739e-008 1.24799
8.174739e-008 1.26905
8.194739e-008 1.17997
8.214739e-008 1.12335
8.234739e-008 1.16996
8.254739e-008 1.2145
8.274739e-008 1.18929
8.294739e-008 1.14406
8.314739e-008 1.11713
8.334739e-008 1.14544
8.354739e-008 1.25075
8.374739e-008 1.33051
8.394739e-008 1.28804
8.414739e-008 1.22555
8.434739e-008 1.24419
8.454739e-008 1.26076
8.474739e-008 1.21415
8.494739e-008 1.13819
8.514739e-008 1.12921
8.534739e-008 1.25075
8.554739e-008 1.33707
8.574739e-008 1.28977
8.594739e-008 1.26732
8.614739e-008 1.27975
8.634739e-008 1.19274
8.654739e-008 1.11368
8.674739e-008 1.16202
8.694739e-008 1.16132
8.714739e-008 1.04255
8.734739e-008 0.992488
8.754739e-008 1.04013
8.774739e-008 1.08226
8.794739e-008 1.13198
8.814739e-008 1.19033
8.834739e-008 1.18239
8.854739e-008 1.12749
8.874739e-008 1.13508
8.894739e-008 1.20103
8.914739e-008 1.16478
8.934739e-008 1.03047
8.954739e-008 0.999048
8.974739e-008 1.10159
8.994739e-008 1.20966
9.014739e-008 1.25213
9.034739e-008 1.20897
9.054739e-008 1.12749
9.074739e-008 1.09469
9.094739e-008 1.13336
9.114739e-008 1.22175
9.134739e-008 1.3022
9.154739e-008 1.28838
9.174739e-008 1.16961
9.194739e-008 1.06016
9.214739e-008 1.05395
9.234739e-008 1.13198
9.254739e-008 1.20103
9.274739e-008 1.16374
9.294739e-008 1.04083
9.314739e-008 0.981439
9.334739e-008 1.04808
9.354739e-008 1.15442
9.374739e-008 1.24108
9.394739e-008 1.27803
9.414739e-008 1.24074
9.434739e-008 1.16271
9.454739e-008 1.07432
9.474739e-008 1.07086
9.494739e-008 1.18687
9.514739e-008 1.21415
9.534739e-008 1.10505
9.554739e-008 1.09365
9.574739e-008 1.18515
9.594739e-008 1.18446
9.614739e-008 1.13992
9.634739e-008 1.17099
9.654739e-008 1.22002
9.674739e-008 1.23487
9.694739e-008 1.23418
9.714739e-008 1.21898
9.734739e-008 1.19274
9.754739e-008 1.13474
9.774739e-008 1.06914
9.794739e-008 1.06707
9.814739e-008 1.05533
9.834739e-008 0.995595
9.854739e-008 1.02287
9.874739e-008 1.11886
9.894739e-008 1.11851
9.914739e-008 1.06258
9.934739e-008 1.1009
9.954739e-008 1.22175
9.974739e-008 1.31324
9.994739e-008 1.30185
1.001474e-007 1.22485
1.003474e-007 1.19447
1.005474e-007 1.23349
1.007474e-007 1.23383
1.009474e-007 1.16409
1.011474e-007 1.16305
1.013474e-007 1.25351
1.015474e-007 1.29391
1.017474e-007 1.25282
1.019474e-007 1.19413
1.021474e-007 1.14648
1.023474e-007 1.10677
1.025474e-007 1.10815
1.027474e-007 1.17652
1.029474e-007 1.19827
1.031474e-007 1.12611
1.033474e-007 1.09572
1.035474e-007 1.123
1.037474e-007 1.09745
1.039474e-007 1.05602
1.041474e-007 1.11748
1.043474e-007 1.2511
1.045474e-007 1.32809
1.047474e-007 1.30772
1.049474e-007 1.22244
1.051474e-007 1.12645
1.053474e-007 1.09123
1.055474e-007 1.12196
1.057474e-007 1.17548
1.059474e-007 1.21415
1.061474e-007 1.22002
1.063474e-007 1.18757
1.065474e-007 1.14303
1.067474e-007 1.13957
1.069474e-007 1.12093
1.071474e-007 1.03772
1.073474e-007 1.02667
1.075474e-007 1.12887
1.077474e-007 1.18757
1.079474e-007 1.12645
1.081474e-007 1.04359
1.083474e-007 1.06085
1.085474e-007 1.14959
1.087474e-007 1.19309
1.089474e-007 1.16547
1.091474e-007 1.13198
1.093474e-007 1.16478
1.095474e-007 1.23072
1.097474e-007 1.23003
1.099474e-007 1.1848
1.101474e-007 1.17134
1.103474e-007 1.16167
1.105474e-007 1.15062
1.107474e-007 1.19378
1.109474e-007 1.26663
1.111474e-007 1.29771
1.113474e-007 1.2504
1.115474e-007 1.17065
1.117474e-007 1.11782
1.119474e-007 1.09434
1.121474e-007 1.12473
1.123474e-007 1.19654
1.125474e-007 1.24246
1.127474e-007 1.28735
1.129474e-007 1.36503
1.131474e-007 1.35502
1.133474e-007 1.21553
1.135474e-007 1.1192
1.137474e-007 1.11437
1.139474e-007 1.12162
1.141474e-007 1.17721
1.143474e-007 1.25904
1.145474e-007 1.24557
1.147474e-007 1.15822
1.149474e-007 1.08122
1.151474e-007 1.08606
1.153474e-007 1.21104
1.155474e-007 1.33741
1.157474e-007 1.38989
1.159474e-007 1.35537
1.161474e-007 1.18653
1.163474e-007 1.05498
1.165474e-007 1.12473
1.167474e-007 1.23487
1.169474e-007 1.26525
1.171474e-007 1.27043
1.173474e-007 1.26456
1.175474e-007 1.24005
1.177474e-007 1.20103
1.179474e-007 1.18549
1.181474e-007 1.22624
1.183474e-007 1.23383
1.185474e-007 1.1665
1.187474e-007 1.16374
1.189474e-007 1.25282
1.191474e-007 1.27181
1.193474e-007 1.19102
1.195474e-007 1.1482
1.197474e-007 1.1962
1.199474e-007 1.24764
1.201474e-007 1.24661
1.203474e-007 1.229
1.205474e-007 1.18135
1.207474e-007 1.09469
1.209474e-007 1.04911
1.211474e-007 1.07432
1.213474e-007 1.09676
1.215474e-007 1.03944
1.217474e-007 0.979367
1.219474e-007 1.0132
1.221474e-007 1.03392
1.223474e-007 1.00492
1.225474e-007 1.05395
1.227474e-007 1.14751
1.229474e-007 1.15028
1.231474e-007 1.07501
1.233474e-007 1.05084
1.235474e-007 1.13543
1.237474e-007 1.18204
1.239474e-007 1.10125
1.241474e-007 1.04808
1.243474e-007 1.10436
1.245474e-007 1.17306
1.247474e-007 1.17479
1.249474e-007 1.13025
1.251474e-007 1.10539
1.253474e-007 1.13508
1.255474e-007 1.18549
1.257474e-007 1.18066
1.259474e-007 1.15028
1.261474e-007 1.14337
1.263474e-007 1.10815
1.265474e-007 1.1413
1.267474e-007 1.29633
1.269474e-007 1.32567
1.271474e-007 1.18239
1.273474e-007 1.11609
1.275474e-007 1.18998
1.277474e-007 1.27872
1.279474e-007 1.335
1.281474e-007 1.4006
1.283474e-007 1.46033
1.285474e-007 1.4151
1.287474e-007 1.27078
1.289474e-007 1.19551
1.291474e-007 1.27526
1.293474e-007 1.39127
1.295474e-007 1.38886
1.297474e-007 1.25006
1.299474e-007 1.08675
1.301474e-007 1.03737
1.303474e-007 1.16236
1.305474e-007 1.3167
1.307474e-007 1.32291
1.309474e-007 1.2618
1.311474e-007 1.24315
1.313474e-007 1.23763
1.315474e-007 1.29494
1.317474e-007 1.42511
1.319474e-007 1.48208
1.321474e-007 1.45584
1.323474e-007 1.43029
1.325474e-007 1.41096
1.327474e-007 1.41303
1.329474e-007 1.43064
1.331474e-007 1.44652
1.333474e-007 1.46723
1.335474e-007 1.48001
1.337474e-007 1.49934
1.339474e-007 1.51281
1.341474e-007 1.42373
1.343474e-007 1.30116
1.345474e-007 1.31359
1.347474e-007 1.38161
1.349474e-007 1.3968
1.351474e-007 1.41026
1.353474e-007 1.42235
1.355474e-007 1.4006
1.357474e-007 1.39956
1.359474e-007 1.45135
1.361474e-007 1.49071
1.363474e-007 1.49624
1.365474e-007 1.50729
1.367474e-007 1.48864
1.369474e-007 1.38023
1.371474e-007 1.29529
1.373474e-007 1.39231
1.375474e-007 1.57323
1.377474e-007 1.6195
1.379474e-007 1.47448
1.381474e-007 1.30427
1.383474e-007 1.25593
1.385474e-007 1.29702
1.387474e-007 1.38851
1.389474e-007 1.42546
1.391474e-007 1.32982
1.393474e-007 1.27526
1.395474e-007 1.35813
1.397474e-007 1.45791
1.399474e-007 1.48243
1.401474e-007 1.43512
1.403474e-007 1.41303
1.405474e-007 1.50003
1.407474e-007 1.56909
1.409474e-007 1.4845
1.411474e-007 1.37815
1.413474e-007 1.41821
1.415474e-007 1.55528
1.417474e-007 1.60638
1.419474e-007 1.5318
1.421474e-007 1.50245
1.423474e-007 1.55424
1.425474e-007 1.54734
1.427474e-007 1.49278
1.429474e-007 1.47794
1.431474e-007 1.49244
1.433474e-007 1.52317
1.435474e-007 1.54941
1.437474e-007 1.53732
1.439474e-007 1.51316
1.441474e-007 1.49934
1.443474e-007 1.48105
1.445474e-007 1.47932
1.447474e-007 1.52835
1.449474e-007 1.59982
1.451474e-007 1.59567
1.453474e-007 1.51523
1.455474e-007 1.48035
1.457474e-007 1.50832
1.459474e-007 1.5501
1.461474e-007 1.57496
1.463474e-007 1.54734
1.465474e-007 1.51937
1.467474e-007 1.52041
1.469474e-007 1.49762
1.471474e-007 1.47725
1.473474e-007 1.54423
1.475474e-007 1.72653
1.477474e-007 1.89537
1.479474e-007 1.86775
1.481474e-007 1.73689
1.483474e-007 1.71825
1.485474e-007 1.74759
1.487474e-007 1.72757
1.489474e-007 1.75312
1.491474e-007 1.78108
1.493474e-007 1.71514
1.495474e-007 1.63952
1.497474e-007 1.59464
1.499474e-007 1.60465
1.501474e-007 1.69822
1.503474e-007 1.76935
1.505474e-007 1.76002
1.507474e-007 1.71203
1.509474e-007 1.64677
1.511474e-007 1.60845
1.513474e-007 1.61777
1.515474e-007 1.61087
1.517474e-007 1.60396
1.519474e-007 1.66956
1.521474e-007 1.74932
1.523474e-007 1.79628
1.525474e-007 1.86188
1.527474e-007 1.90262
1.529474e-007 1.88328
1.531474e-007 1.8857
1.533474e-007 1.86222
1.535474e-007 1.7545
1.537474e-007 1.68234
1.539474e-007 1.663
1.541474e-007 1.64677
1.543474e-007 1.65644
1.545474e-007 1.67612
1.547474e-007 1.68993
1.549474e-007 1.67681
1.551474e-007 1.64608
1.553474e-007 1.68441
1.555474e-007 1.77383
1.557474e-007 1.81147
1.559474e-007 1.79317
1.561474e-007 1.78695
1.563474e-007 1.79248
1.565474e-007 1.76348
1.567474e-007 1.75139
1.569474e-007 1.76866
1.571474e-007 1.75657
1.573474e-007 1.76727
1.575474e-007 1.798
1.577474e-007 1.82597
1.579474e-007 1.92299
1.581474e-007 2.00171
1.583474e-007 1.99446
1.585474e-007 1.99895
1.587474e-007 1.96235
1.589474e-007 1.8277
1.591474e-007 1.74
1.593474e-007 1.75795
1.595474e-007 1.8132
1.597474e-007 1.85601
1.599474e-007 1.82908
1.601474e-007 1.76244
1.603474e-007 1.79421
1.605474e-007 1.91609
1.607474e-007 1.96615
1.609474e-007 1.93991
1.611474e-007 1.90573
1.613474e-007 1.86153
1.615474e-007 1.85773
1.617474e-007 1.88259
1.619474e-007 1.85808
1.621474e-007 1.84082
1.623474e-007 1.88777
1.625474e-007 1.93162
1.627474e-007 1.95096
1.629474e-007 1.97582
1.631474e-007 1.97858
1.633474e-007 1.98203
1.635474e-007 2.00482
1.637474e-007 1.98963
1.639474e-007 1.96546
1.641474e-007 1.96339
1.643474e-007 1.97098
1.645474e-007 2.01725
1.647474e-007 2.03037
1.649474e-007 1.96373
1.651474e-007 1.91574
1.653474e-007 1.88018
1.655474e-007 1.83944
1.657474e-007 1.89157
1.659474e-007 1.9993
1.661474e-007 2.07111
1.663474e-007 2.11254
1.665474e-007 2.09355
1.667474e-007 2.01932
1.669474e-007 2.00206
1.671474e-007 2.05523
1.673474e-007 2.08838
1.675474e-007 2.10184
1.677474e-007 2.10702
1.679474e-007 2.07215
1.681474e-007 2.03693
1.683474e-007 2.08112
1.685474e-007 2.19541
1.687474e-007 2.2068
1.689474e-007 2.06144
1.691474e-007 1.96719
1.693474e-007 2.00965
1.695474e-007 2.05419
1.697474e-007 2.02899
1.699474e-007 2.00551
1.701474e-007 2.05178
1.703474e-007 2.15156
1.705474e-007 2.21233
1.707474e-007 2.16572
1.709474e-007 2.08699
1.711474e-007 2.07871
1.713474e-007 2.11393
1.715474e-007 2.11565
1.717474e-007 2.11393
1.719474e-007 2.12497
1.721474e-007 2.08561
1.723474e-007 2.0245
1.725474e-007 2.00724
1.727474e-007 2.06593
1.729474e-007 2.145
1.731474e-007 2.15052
1.733474e-007 2.15777
1.735474e-007 2.22648
1.737474e-007 2.24755
1.739474e-007 2.20853
1.741474e-007 2.15674
1.743474e-007 2.08838
1.745474e-007 2.10426
1.747474e-007 2.20922
1.749474e-007 2.22648
1.751474e-007 2.15121
1.753474e-007 2.12221
1.755474e-007 2.17297
1.757474e-007 2.23132
1.759474e-007 2.24306
1.761474e-007 2.20542
1.763474e-007 2.14673
1.765474e-007 2.16192
1.767474e-007 2.27482
1.769474e-007 2.32834
1.771474e-007 2.2731
1.773474e-007 2.22752
1.775474e-007 2.24444
1.777474e-007 2.29795
1.779474e-007 2.33041
1.781474e-007 2.35561
1.783474e-007 2.38669
1.785474e-007 2.3677
1.787474e-007 2.36148
1.789474e-007 2.41086
1.791474e-007 2.4188
1.793474e-007 2.38116
1.795474e-007 2.37806
1.797474e-007 2.37978
1.799474e-007 2.32592
1.801474e-007 2.25203
1.803474e-007 2.22441
1.805474e-007 2.26205
1.807474e-007 2.31522
1.809474e-007 2.33006
1.811474e-007 2.3387
1.813474e-007 2.38151
1.815474e-007 2.38289
1.817474e-007 2.31349
1.819474e-007 2.29036
1.821474e-007 2.34042
1.823474e-007 2.37495
1.825474e-007 2.38945
1.827474e-007 2.42743
1.829474e-007 2.44711
1.831474e-007 2.40775
1.833474e-007 2.34457
1.835474e-007 2.34871
1.837474e-007 2.4592
1.839474e-007 2.55932
1.841474e-007 2.57555
1.843474e-007 2.55898
1.845474e-007 2.52894
1.847474e-007 2.51409
1.849474e-007 2.55207
1.851474e-007 2.56968
1.853474e-007 2.5286
1.855474e-007 2.48751
1.857474e-007 2.43434
1.859474e-007 2.386
1.861474e-007 2.40913
1.863474e-007 2.43296
1.865474e-007 2.39877
1.867474e-007 2.37875
1.869474e-007 2.36321
1.871474e-007 2.3532
1.873474e-007 2.46368
1.875474e-007 2.55967
1.877474e-007 2.47577
1.879474e-007 2.40464
1.881474e-007 2.43537
1.883474e-007 2.48026
1.885474e-007 2.53688
1.887474e-007 2.52998
1.889474e-007 2.44297
1.891474e-007 2.40637
1.893474e-007 2.45781
1.895474e-007 2.55173
1.897474e-007 2.59696
1.899474e-007 2.54724
1.901474e-007 2.52756
1.903474e-007 2.56209
1.905474e-007 2.51409
1.907474e-007 2.41914
1.909474e-007 2.4264
1.911474e-007 2.51686
1.913474e-007 2.57486
1.915474e-007 2.59489
1.917474e-007 2.59454
1.919474e-007 2.55622
1.921474e-007 2.53308
1.923474e-007 2.57141
1.925474e-007 2.62493
1.927474e-007 2.61767
1.929474e-007 2.56416
1.931474e-007 2.5828
1.933474e-007 2.68466
1.935474e-007 2.71159
1.937474e-007 2.60766
1.939474e-007 2.54379
1.941474e-007 2.61457
1.943474e-007 2.65945
1.945474e-007 2.61422
1.947474e-007 2.63908
1.949474e-007 2.70917
1.951474e-007 2.70088
1.953474e-007 2.70606
1.955474e-007 2.73507
1.957474e-007 2.65565
1.959474e-007 2.55242
1.961474e-007 2.57935
1.963474e-007 2.66739
1.965474e-007 2.68466
1.967474e-007 2.65945
1.969474e-007 2.71262
1.971474e-007 2.80619
1.973474e-007 2.79652
1.975474e-007 2.70606
1.977474e-007 2.64875
1.979474e-007 2.66152
1.981474e-007 2.68397
1.983474e-007 2.65255
1.985474e-007 2.64461
1.987474e-007 2.71987
1.989474e-007 2.76925
1.991474e-007 2.71504
1.993474e-007 2.61526
1.995474e-007 2.56934
1.997474e-007 2.59903
1.999474e-007 2.6339
2.001474e-007 2.64461
2.003474e-007 2.69087
2.005474e-007 2.79169
2.007474e-007 2.87525
2.009474e-007 2.85798
2.011474e-007 2.72643
2.013474e-007 2.66843
2.015474e-007 2.79376
2.017474e-007 2.85419
2.019474e-007 2.71815
2.021474e-007 2.59868
2.023474e-007 2.6308
2.025474e-007 2.71366
2.027474e-007 2.75958
2.029474e-007 2.80067
2.031474e-007 2.82277
2.033474e-007 2.7841
2.035474e-007 2.75302
2.037474e-007 2.75716
2.039474e-007 2.71435
2.041474e-007 2.62044
2.043474e-007 2.58211
2.045474e-007 2.66705
2.047474e-007 2.81655
2.049474e-007 2.92324
2.051474e-007 2.94085
2.053474e-007 2.88043
2.055474e-007 2.791
2.057474e-007 2.74991
2.059474e-007 2.80999
2.061474e-007 2.93014
2.063474e-007 2.9702
2.065474e-007 2.89872
2.067474e-007 2.83036
2.069474e-007 2.79066
2.071474e-007 2.79929
2.073474e-007 2.84762
2.075474e-007 2.80516
2.077474e-007 2.77305
2.079474e-007 2.91012
2.081474e-007 3.02199
2.083474e-007 2.94465
2.085474e-007 2.83761
2.087474e-007 2.86523
2.089474e-007 2.98746
2.091474e-007 3.09277
2.093474e-007 3.08517
2.095474e-007 2.95017
2.097474e-007 2.83312
2.099474e-007 2.84176
2.101474e-007 2.89389
2.103474e-007 2.89424
2.105474e-007 2.85384
2.107474e-007 2.85211
2.109474e-007 2.92117
2.111474e-007 2.96605
2.113474e-007 2.92358
2.115474e-007 2.93843
2.117474e-007 3.10209
2.119474e-007 3.21741
2.121474e-007 3.17632
2.123474e-007 3.09242
2.125474e-007 3.01681
2.127474e-007 2.97641
2.129474e-007 3.00887
2.131474e-007 3.06549
2.133474e-007 3.07171
2.135474e-007 3.02164
2.137474e-007 2.96018
2.139474e-007 2.93567
2.141474e-007 3.00231
2.143474e-007 3.13075
2.145474e-007 3.14974
2.147474e-007 3.0465
2.149474e-007 2.99678
2.151474e-007 2.99609
2.153474e-007 2.97814
2.155474e-007 3.003
2.157474e-007 3.07274
2.159474e-007 3.12004
2.161474e-007 3.11176
2.163474e-007 3.08275
2.165474e-007 3.13213
2.167474e-007 3.23571
2.169474e-007 3.23087
2.171474e-007 3.14939
2.173474e-007 3.15871
2.175474e-007 3.19186
2.177474e-007 3.10969
2.179474e-007 3.03718
2.181474e-007 3.05375
2.183474e-007 3.01819
2.185474e-007 2.96467
2.187474e-007 3.00334
2.189474e-007 3.04581
2.191474e-007 3.03373
2.193474e-007 2.99367
2.195474e-007 2.96364
2.197474e-007 3.01128
2.199474e-007 3.10278
2.201474e-007 3.1159
2.203474e-007 3.03407
2.205474e-007 2.97123
2.207474e-007 3.00162
2.209474e-007 3.0869
2.211474e-007 3.15802
2.213474e-007 3.17425
2.215474e-007 3.12384
2.217474e-007 3.02647
2.219474e-007 3.01163
2.221474e-007 3.14939
2.223474e-007 3.25401
2.225474e-007 3.18495
2.227474e-007 3.08344
2.229474e-007 3.09898
2.231474e-007 3.12833
2.233474e-007 3.10761
2.235474e-007 3.18841
2.237474e-007 3.34481
2.239474e-007 3.40144
2.241474e-007 3.38832
2.243474e-007 3.379
2.245474e-007 3.33894
2.247474e-007 3.26264
2.249474e-007 3.21775
2.251474e-007 3.27231
2.253474e-007 3.37071
2.255474e-007 3.41594
2.257474e-007 3.38659
2.259474e-007 3.28681
2.261474e-007 3.18806
2.263474e-007 3.18944
2.265474e-007 3.24469
2.267474e-007 3.19462
2.269474e-007 3.06998
2.271474e-007 3.04685
2.273474e-007 3.10451
2.275474e-007 3.18323
2.277474e-007 3.31961
2.279474e-007 3.41629
2.281474e-007 3.36967
2.283474e-007 3.30096
2.285474e-007 3.32997
2.287474e-007 3.37451
2.289474e-007 3.37727
2.291474e-007 3.37347
2.293474e-007 3.32928
2.295474e-007 3.27162
2.297474e-007 3.28957
2.299474e-007 3.34827
2.301474e-007 3.40351
2.303474e-007 3.45668
2.305474e-007 3.46739
2.307474e-007 3.42077
2.309474e-007 3.37002
2.311474e-007 3.31512
2.313474e-007 3.22604
2.315474e-007 3.21361
2.317474e-007 3.32721
2.319474e-007 3.4118
2.321474e-007 3.39902
2.323474e-007 3.41111
2.325474e-007 3.4881
2.327474e-007 3.47705
2.329474e-007 3.38038
2.331474e-007 3.3531
2.333474e-007 3.379
2.335474e-007 3.36173
2.337474e-007 3.31305
2.339474e-007 3.31409
2.341474e-007 3.36449
2.343474e-007 3.37969
2.345474e-007 3.34516
2.347474e-007 3.33998
2.349474e-007 3.38417
2.351474e-007 3.36726
2.353474e-007 3.26885
2.355474e-007 3.22052
2.357474e-007 3.23916
2.359474e-007 3.27127
2.361474e-007 3.36104
2.363474e-007 3.45737
2.365474e-007 3.48085
2.367474e-007 3.46739
2.369474e-007 3.42457
2.371474e-007 3.39384
2.373474e-007 3.43079
2.375474e-007 3.46462
2.377474e-007 3.46152
2.379474e-007 3.48223
2.381474e-007 3.49155
2.383474e-007 3.44356
2.385474e-007 3.42423
2.387474e-007 3.46808
2.389474e-007 3.46704
2.391474e-007 3.42802
2.393474e-007 3.44909
2.395474e-007 3.49259
2.397474e-007 3.55301
2.399474e-007 3.62414
2.401474e-007 3.58443
2.403474e-007 3.47049
2.405474e-007 3.437
2.407474e-007 3.50916
2.409474e-007 3.60826
2.411474e-007 3.64762
2.413474e-007 3.55129
2.415474e-007 3.36484
2.417474e-007 3.31512
2.419474e-007 3.48292
2.421474e-007 3.64002
2.423474e-007 3.57718
2.425474e-007 3.41629
2.427474e-007 3.41042
2.429474e-007 3.54127
2.431474e-007 3.63829
2.433474e-007 3.64554
2.435474e-007 3.62794
2.437474e-007 3.67662
2.439474e-007 3.7329
2.441474e-007 3.67938
2.443474e-007 3.62034
2.445474e-007 3.68663
2.447474e-007 3.77295
2.449474e-007 3.7657
2.451474e-007 3.71218
2.453474e-007 3.67731
2.455474e-007 3.68456
2.457474e-007 3.70873
2.459474e-007 3.69181
2.461474e-007 3.64451
2.463474e-007 3.62414
2.465474e-007 3.64485
2.467474e-007 3.65797
2.469474e-007 3.62138
2.471474e-007 3.58305
2.473474e-007 3.5834
2.475474e-007 3.62897
2.477474e-007 3.67627
2.479474e-007 3.62138
2.481474e-007 3.56475
2.483474e-007 3.68663
2.485474e-007 3.85685
2.487474e-007 3.85823
2.489474e-007 3.73531
2.491474e-007 3.66488
2.493474e-007 3.6528
2.495474e-007 3.57235
2.497474e-007 3.50295
2.499474e-007 3.58443
2.501474e-007 3.68974
2.503474e-007 3.70528
2.505474e-007 3.70735
2.507474e-007 3.70597
2.509474e-007 3.65038
2.511474e-007 3.56648
2.513474e-007 3.514
2.515474e-007 3.5575
2.517474e-007 3.63242
2.519474e-007 3.60826
2.521474e-007 3.58478
