-2.480107e-007 10.0569
-2.478107e-007 10.0365
-2.476107e-007 9.99714
-2.474107e-007 10.0234
-2.472107e-007 10.0572
-2.470107e-007 9.99265
-2.468107e-007 9.91531
-2.466107e-007 9.94569
-2.464107e-007 10.0044
-2.462107e-007 9.97815
-2.460107e-007 9.97055
-2.458107e-007 10.0448
-2.456107e-007 10.0835
-2.454107e-007 10.0475
-2.452107e-007 9.99092
-2.450107e-007 9.96365
-2.448107e-007 10.0065
-2.446107e-007 10.0838
-2.444107e-007 10.1377
-2.442107e-007 10.1732
-2.440107e-007 10.1573
-2.438107e-007 10.0752
-2.436107e-007 10.0103
-2.434107e-007 9.96261
-2.432107e-007 9.91289
-2.430107e-007 9.94362
-2.428107e-007 10.0254
-2.426107e-007 10.0406
-2.424107e-007 10.0065
-2.422107e-007 9.98056
-2.420107e-007 9.97366
-2.418107e-007 9.97987
-2.416107e-007 9.96157
-2.414107e-007 9.93119
-2.412107e-007 9.92739
-2.410107e-007 9.91496
-2.408107e-007 9.90012
-2.406107e-007 9.96468
-2.404107e-007 10.0686
-2.402107e-007 10.0911
-2.400107e-007 10.0524
-2.398107e-007 10.0341
-2.396107e-007 10.0424
-2.394107e-007 10.0292
-2.392107e-007 9.98816
-2.390107e-007 10.0009
-2.388107e-007 10.0634
-2.386107e-007 10.0572
-2.384107e-007 9.96744
-2.382107e-007 9.91876
-2.380107e-007 9.97815
-2.378107e-007 10.0244
-2.376107e-007 9.90806
-2.374107e-007 9.67845
-2.372107e-007 9.57763
-2.370107e-007 9.73162
-2.368107e-007 9.91255
-2.366107e-007 9.93741
-2.364107e-007 9.96123
-2.362107e-007 10.0645
-2.360107e-007 10.1142
-2.358107e-007 10.0617
-2.356107e-007 9.98505
-2.354107e-007 9.96848
-2.352107e-007 10.0434
-2.350107e-007 10.1166
-2.348107e-007 10.0921
-2.346107e-007 10.0158
-2.344107e-007 9.94604
-2.342107e-007 9.92739
-2.340107e-007 9.97642
-2.338107e-007 10.0417
-2.336107e-007 10.1004
-2.334107e-007 10.0983
-2.332107e-007 10.002
-2.330107e-007 9.97124
-2.328107e-007 10.0614
-2.326107e-007 10.1004
-2.324107e-007 10.0911
-2.322107e-007 10.1418
-2.320107e-007 10.186
-2.318107e-007 10.1387
-2.316107e-007 10.0534
-2.314107e-007 10.0206
-2.312107e-007 10.0282
-2.310107e-007 10.0071
-2.308107e-007 9.9633
-2.306107e-007 9.95639
-2.304107e-007 9.99092
-2.302107e-007 10.0368
-2.300107e-007 10.0835
-2.298107e-007 10.0731
-2.296107e-007 9.99921
-2.294107e-007 10.0009
-2.292107e-007 10.0935
-2.290107e-007 10.1118
-2.288107e-007 10.0296
-2.286107e-007 9.99748
-2.284107e-007 10.0389
-2.282107e-007 10.0296
-2.280107e-007 9.98816
-2.278107e-007 10.0006
-2.276107e-007 10.0306
-2.274107e-007 10.0569
-2.272107e-007 10.0772
-2.270107e-007 10.0538
-2.268107e-007 10.0282
-2.266107e-007 10.0396
-2.264107e-007 10.0192
-2.262107e-007 9.96365
-2.260107e-007 9.94155
-2.258107e-007 9.99679
-2.256107e-007 10.0986
-2.254107e-007 10.1021
-2.252107e-007 9.99161
-2.250107e-007 9.94466
-2.248107e-007 10.0123
-2.246107e-007 10.071
-2.244107e-007 10.0652
-2.242107e-007 10.0437
-2.240107e-007 10.0189
-2.238107e-007 9.95225
-2.236107e-007 9.916
-2.234107e-007 10.0141
-2.232107e-007 10.1245
-2.230107e-007 10.0821
-2.228107e-007 9.98678
-2.226107e-007 10.0165
-2.224107e-007 10.071
-2.222107e-007 9.98885
-2.220107e-007 9.91945
-2.218107e-007 9.98194
-2.216107e-007 10.0479
-2.214107e-007 10.0237
-2.212107e-007 9.91703
-2.210107e-007 9.85834
-2.208107e-007 9.9198
-2.206107e-007 9.94845
-2.204107e-007 9.93361
-2.202107e-007 10.0185
-2.200107e-007 10.1522
-2.198107e-007 10.1888
-2.196107e-007 10.1118
-2.194107e-007 10.0106
-2.192107e-007 9.96123
-2.190107e-007 9.98954
-2.188107e-007 10.0034
-2.186107e-007 9.9305
-2.184107e-007 9.89045
-2.182107e-007 9.93637
-2.180107e-007 9.99714
-2.178107e-007 10.0548
-2.176107e-007 10.1083
-2.174107e-007 10.1297
-2.172107e-007 10.1087
-2.170107e-007 10.0734
-2.168107e-007 10.0258
-2.166107e-007 9.97815
-2.164107e-007 9.945
-2.162107e-007 9.86214
-2.160107e-007 9.78963
-2.158107e-007 9.88078
-2.156107e-007 10.0672
-2.154107e-007 10.1832
-2.152107e-007 10.1801
-2.150107e-007 10.0883
-2.148107e-007 9.95225
-2.146107e-007 9.79688
-2.144107e-007 9.69157
-2.142107e-007 9.74026
-2.140107e-007 9.87767
-2.138107e-007 9.93671
-2.136107e-007 9.95225
-2.134107e-007 10.0168
-2.132107e-007 10.0683
-2.130107e-007 10.0738
-2.128107e-007 10.1024
-2.126107e-007 10.1449
-2.124107e-007 10.1166
-2.122107e-007 10.0268
-2.120107e-007 9.97469
-2.118107e-007 10.032
-2.116107e-007 10.079
-2.114107e-007 9.9854
-2.112107e-007 9.90495
-2.110107e-007 9.95639
-2.108107e-007 10.0444
-2.106107e-007 10.0969
-2.104107e-007 10.0738
-2.102107e-007 10.0168
-2.100107e-007 10.0507
-2.098107e-007 10.0824
-2.096107e-007 9.98125
-2.094107e-007 9.90288
-2.092107e-007 9.93568
-2.090107e-007 9.93948
-2.088107e-007 9.9046
-2.086107e-007 9.92498
-2.084107e-007 9.99921
-2.082107e-007 10.0928
-2.080107e-007 10.1097
-2.078107e-007 10.0182
-2.076107e-007 9.97262
-2.074107e-007 10.0451
-2.072107e-007 10.1276
-2.070107e-007 10.0955
-2.068107e-007 9.95847
-2.066107e-007 9.83831
-2.064107e-007 9.82381
-2.062107e-007 9.89114
-2.060107e-007 9.94845
-2.058107e-007 9.98678
-2.056107e-007 10.003
-2.054107e-007 9.90944
-2.052107e-007 9.76339
-2.050107e-007 9.77996
-2.048107e-007 9.95639
-2.046107e-007 10.0282
-2.044107e-007 9.89114
-2.042107e-007 9.72506
-2.040107e-007 9.75269
-2.038107e-007 9.94914
-2.036107e-007 10.0562
-2.034107e-007 10.0116
-2.032107e-007 9.97435
-2.030107e-007 10.0248
-2.028107e-007 10.1197
-2.026107e-007 10.1221
-2.024107e-007 10.0134
-2.022107e-007 9.96744
-2.020107e-007 9.98022
-2.018107e-007 9.92152
-2.016107e-007 9.89528
-2.014107e-007 9.98402
-2.012107e-007 10.0444
-2.010107e-007 10.0538
-2.008107e-007 10.0924
-2.006107e-007 10.1042
-2.004107e-007 10.0728
-2.002107e-007 10.0807
-2.000107e-007 10.1387
-1.998107e-007 10.1877
-1.996107e-007 10.1946
-1.994107e-007 10.1919
-1.992107e-007 10.1791
-1.990107e-007 10.0886
-1.988107e-007 9.98574
-1.986107e-007 9.98264
-1.984107e-007 10.0272
-1.982107e-007 10.062
-1.980107e-007 10.0579
-1.978107e-007 10.0016
-1.976107e-007 9.97366
-1.974107e-007 9.99541
-1.972107e-007 10.033
-1.970107e-007 10.081
-1.968107e-007 10.128
-1.966107e-007 10.1825
-1.964107e-007 10.2078
-1.962107e-007 10.1435
-1.960107e-007 10.0486
-1.958107e-007 10.0507
-1.956107e-007 10.1494
-1.954107e-007 10.2015
-1.952107e-007 10.1729
-1.950107e-007 10.147
-1.948107e-007 10.1176
-1.946107e-007 10.0721
-1.944107e-007 10.0772
-1.942107e-007 10.1056
-1.940107e-007 10.0686
-1.938107e-007 10.0127
-1.936107e-007 10.0189
-1.934107e-007 10.0182
-1.932107e-007 9.93775
-1.930107e-007 9.88838
-1.928107e-007 9.96641
-1.926107e-007 10.052
-1.924107e-007 10.0627
-1.922107e-007 10.0703
-1.920107e-007 10.0935
-1.918107e-007 10.0883
-1.916107e-007 10.0348
-1.914107e-007 9.97504
-1.912107e-007 9.99576
-1.910107e-007 10.0665
-1.908107e-007 10.0596
-1.906107e-007 9.99955
-1.904107e-007 10.0489
-1.902107e-007 10.186
-1.900107e-007 10.1698
-1.898107e-007 9.98471
-1.896107e-007 9.90944
-1.894107e-007 10.0047
-1.892107e-007 10.081
-1.890107e-007 10.0703
-1.888107e-007 10.0527
-1.886107e-007 10.0748
-1.884107e-007 10.1104
-1.882107e-007 10.1249
-1.880107e-007 10.0741
-1.878107e-007 9.96503
-1.876107e-007 9.91358
-1.874107e-007 9.98851
-1.872107e-007 10.0734
-1.870107e-007 10.052
-1.868107e-007 10.0051
-1.866107e-007 10.0103
-1.864107e-007 10.0068
-1.862107e-007 9.99127
-1.860107e-007 10.0417
-1.858107e-007 10.0976
-1.856107e-007 10.0541
-1.854107e-007 10.0096
-1.852107e-007 10.0337
-1.850107e-007 10.0458
-1.848107e-007 10.0835
-1.846107e-007 10.1691
-1.844107e-007 10.1529
-1.842107e-007 10.0189
-1.840107e-007 9.9267
-1.838107e-007 9.97608
-1.836107e-007 10.0986
-1.834107e-007 10.1093
-1.832107e-007 10.0261
-1.830107e-007 10.0303
-1.828107e-007 10.0731
-1.826107e-007 10.0403
-1.824107e-007 10.0134
-1.822107e-007 10.061
-1.820107e-007 10.108
-1.818107e-007 10.1062
-1.816107e-007 10.0897
-1.814107e-007 10.1083
-1.812107e-007 10.1639
-1.810107e-007 10.187
-1.808107e-007 10.1425
-1.806107e-007 10.0876
-1.804107e-007 10.0748
-1.802107e-007 10.1
-1.800107e-007 10.1442
-1.798107e-007 10.1825
-1.796107e-007 10.1698
-1.794107e-007 10.098
-1.792107e-007 10.0576
-1.790107e-007 10.1018
-1.788107e-007 10.1408
-1.786107e-007 10.1038
-1.784107e-007 10.0565
-1.782107e-007 10.0769
-1.780107e-007 10.1107
-1.778107e-007 10.07
-1.776107e-007 10.0113
-1.774107e-007 10.0289
-1.772107e-007 10.1314
-1.770107e-007 10.2457
-1.768107e-007 10.2157
-1.766107e-007 10.0579
-1.764107e-007 10.0179
-1.762107e-007 10.137
-1.760107e-007 10.1988
-1.758107e-007 10.1207
-1.756107e-007 10.0313
-1.754107e-007 10.031
-1.752107e-007 10.0717
-1.750107e-007 10.0614
-1.748107e-007 9.99921
-1.746107e-007 9.93948
-1.744107e-007 9.85385
-1.742107e-007 9.74578
-1.740107e-007 9.78134
-1.738107e-007 9.95053
-1.736107e-007 10.0469
-1.734107e-007 10.0413
-1.732107e-007 9.98816
-1.730107e-007 9.93119
-1.728107e-007 9.9198
-1.726107e-007 9.92394
-1.724107e-007 9.93879
-1.722107e-007 9.9854
-1.720107e-007 10.0292
-1.718107e-007 10.0714
-1.716107e-007 10.1042
-1.714107e-007 10.0686
-1.712107e-007 10.0241
-1.710107e-007 10.0555
-1.708107e-007 10.0921
-1.706107e-007 10.081
-1.704107e-007 10.0759
-1.702107e-007 10.09
-1.700107e-007 10.0966
-1.698107e-007 10.0828
-1.696107e-007 10.0648
-1.694107e-007 10.0859
-1.692107e-007 10.1211
-1.690107e-007 10.0921
-1.688107e-007 10.0482
-1.686107e-007 10.0883
-1.684107e-007 10.1283
-1.682107e-007 10.0931
-1.680107e-007 10.079
-1.678107e-007 10.1314
-1.676107e-007 10.1867
-1.674107e-007 10.175
-1.672107e-007 10.0545
-1.670107e-007 9.89873
-1.668107e-007 9.88872
-1.666107e-007 10.0034
-1.664107e-007 10.0745
-1.662107e-007 10.0897
-1.660107e-007 10.0728
-1.658107e-007 10.031
-1.656107e-007 10.0341
-1.654107e-007 10.0717
-1.652107e-007 10.0603
-1.650107e-007 10.032
-1.648107e-007 10.06
-1.646107e-007 10.1018
-1.644107e-007 10.1156
-1.642107e-007 10.128
-1.640107e-007 10.1722
-1.638107e-007 10.2599
-1.636107e-007 10.2851
-1.634107e-007 10.1325
-1.632107e-007 9.94258
-1.630107e-007 9.97677
-1.628107e-007 10.1622
-1.626107e-007 10.1967
-1.624107e-007 10.0876
-1.622107e-007 10.0652
-1.620107e-007 10.1639
-1.618107e-007 10.2243
-1.616107e-007 10.1649
-1.614107e-007 10.06
-1.612107e-007 9.96019
-1.610107e-007 9.90737
-1.608107e-007 9.97677
-1.606107e-007 10.0824
-1.604107e-007 10.1028
-1.602107e-007 10.0845
-1.600107e-007 10.0741
-1.598107e-007 10.0669
-1.596107e-007 10.0786
-1.594107e-007 10.0631
-1.592107e-007 9.99852
-1.590107e-007 9.97159
-1.588107e-007 9.98505
-1.586107e-007 9.98678
-1.584107e-007 9.9923
-1.582107e-007 9.99403
-1.580107e-007 9.9709
-1.578107e-007 9.95156
-1.576107e-007 9.93154
-1.574107e-007 9.90909
-1.572107e-007 9.95156
-1.570107e-007 10.0286
-1.568107e-007 10.0389
-1.566107e-007 10.0158
-1.564107e-007 10.0393
-1.562107e-007 10.1104
-1.560107e-007 10.1694
-1.558107e-007 10.1318
-1.556107e-007 10.0123
-1.554107e-007 9.93223
-1.552107e-007 9.93602
-1.550107e-007 9.95191
-1.548107e-007 9.93154
-1.546107e-007 9.94051
-1.544107e-007 10.0389
-1.542107e-007 10.1125
-1.540107e-007 10.0589
-1.538107e-007 9.98367
-1.536107e-007 9.99092
-1.534107e-007 10.0406
-1.532107e-007 10.042
-1.530107e-007 9.99196
-1.528107e-007 9.99748
-1.526107e-007 10.1049
-1.524107e-007 10.204
-1.522107e-007 10.1553
-1.520107e-007 10.0296
-1.518107e-007 9.9854
-1.516107e-007 9.97055
-1.514107e-007 9.9122
-1.512107e-007 9.88492
-1.510107e-007 9.87457
-1.508107e-007 9.83555
-1.506107e-007 9.86835
-1.504107e-007 9.97021
-1.502107e-007 10.0141
-1.500107e-007 10.0147
-1.498107e-007 9.99161
-1.496107e-007 9.91911
-1.494107e-007 9.91358
-1.492107e-007 10.0137
-1.490107e-007 10.1024
-1.488107e-007 10.1618
-1.486107e-007 10.186
-1.484107e-007 10.11
-1.482107e-007 10.0223
-1.480107e-007 10.0424
-1.478107e-007 10.1007
-1.476107e-007 10.0779
-1.474107e-007 9.98402
-1.472107e-007 9.97262
-1.470107e-007 10.0786
-1.468107e-007 10.1163
-1.466107e-007 10.0358
-1.464107e-007 9.97573
-1.462107e-007 10.0075
-1.460107e-007 10.1249
-1.458107e-007 10.2392
-1.456107e-007 10.2043
-1.454107e-007 10.0344
-1.452107e-007 9.8283
-1.450107e-007 9.68708
-1.448107e-007 9.7627
-1.446107e-007 9.97538
-1.444107e-007 10.0821
-1.442107e-007 10.0876
-1.440107e-007 10.1011
-1.438107e-007 10.0745
-1.436107e-007 9.98402
-1.434107e-007 9.95225
-1.432107e-007 10.0168
-1.430107e-007 10.0696
-1.428107e-007 10.0524
-1.426107e-007 10.0182
-1.424107e-007 10.0472
-1.422107e-007 10.0911
-1.420107e-007 10.04
-1.418107e-007 9.96365
-1.416107e-007 9.97918
-1.414107e-007 10.0217
-1.412107e-007 9.97366
-1.410107e-007 9.88734
-1.408107e-007 9.88734
-1.406107e-007 9.93913
-1.404107e-007 9.93257
-1.402107e-007 9.87871
-1.400107e-007 9.87491
-1.398107e-007 9.95847
-1.396107e-007 10.0306
-1.394107e-007 9.9923
-1.392107e-007 9.92256
-1.390107e-007 9.90391
-1.388107e-007 9.86732
-1.386107e-007 9.84833
-1.384107e-007 9.9198
-1.382107e-007 9.93948
-1.380107e-007 9.90875
-1.378107e-007 9.98022
-1.376107e-007 10.0496
-1.374107e-007 10.003
-1.372107e-007 9.96365
-1.370107e-007 10.0458
-1.368107e-007 10.1632
-1.366107e-007 10.1729
-1.364107e-007 10.1138
-1.362107e-007 10.1049
-1.360107e-007 10.1563
-1.358107e-007 10.2191
-1.356107e-007 10.2326
-1.354107e-007 10.205
-1.352107e-007 10.1708
-1.350107e-007 10.0603
-1.348107e-007 9.90288
-1.346107e-007 9.85523
-1.344107e-007 9.90322
-1.342107e-007 9.95432
-1.340107e-007 9.99645
-1.338107e-007 10.0158
-1.336107e-007 10.0085
-1.334107e-007 10.0113
-1.332107e-007 10.0482
-1.330107e-007 10.0707
-1.328107e-007 10.0324
-1.326107e-007 10.0448
-1.324107e-007 10.1729
-1.322107e-007 10.244
-1.320107e-007 10.157
-1.318107e-007 10.0179
-1.316107e-007 9.9381
-1.314107e-007 9.92601
-1.312107e-007 9.93533
-1.310107e-007 9.96226
-1.308107e-007 9.98954
-1.306107e-007 9.97884
-1.304107e-007 9.98747
-1.302107e-007 10.061
-1.300107e-007 10.0828
-1.298107e-007 9.98747
-1.296107e-007 9.90529
-1.294107e-007 9.9015
-1.292107e-007 9.916
-1.290107e-007 9.9854
-1.288107e-007 10.0803
-1.286107e-007 10.0555
-1.284107e-007 9.98194
-1.282107e-007 10.023
-1.280107e-007 10.1397
-1.278107e-007 10.1843
-1.276107e-007 10.0824
-1.274107e-007 9.94707
-1.272107e-007 9.96088
-1.270107e-007 10.0334
-1.268107e-007 10.0058
-1.266107e-007 9.98091
-1.264107e-007 9.99576
-1.262107e-007 9.98712
-1.260107e-007 10.0545
-1.258107e-007 10.1794
-1.256107e-007 10.1649
-1.254107e-007 9.98574
-1.252107e-007 9.81311
-1.250107e-007 9.82934
-1.248107e-007 9.99023
-1.246107e-007 10.0562
-1.244107e-007 9.99886
-1.242107e-007 9.97124
-1.240107e-007 9.99541
-1.238107e-007 10.023
-1.236107e-007 10.0448
-1.234107e-007 10.032
-1.232107e-007 9.99886
-1.230107e-007 10.0254
-1.228107e-007 10.0679
-1.226107e-007 10.0286
-1.224107e-007 9.95639
-1.222107e-007 9.92567
-1.220107e-007 9.88527
-1.218107e-007 9.83693
-1.216107e-007 9.89908
-1.214107e-007 10.0462
-1.212107e-007 10.138
-1.210107e-007 10.1401
-1.208107e-007 10.1011
-1.206107e-007 10.079
-1.204107e-007 10.0855
-1.202107e-007 10.0945
-1.200107e-007 10.0838
-1.198107e-007 10.0223
-1.196107e-007 9.93982
-1.194107e-007 9.95536
-1.192107e-007 10.0652
-1.190107e-007 10.1491
-1.188107e-007 10.1715
-1.186107e-007 10.0976
-1.184107e-007 9.94638
-1.182107e-007 9.88941
-1.180107e-007 9.97677
-1.178107e-007 10.0776
-1.176107e-007 10.1332
-1.174107e-007 10.1622
-1.172107e-007 10.1442
-1.170107e-007 10.129
-1.168107e-007 10.1642
-1.166107e-007 10.1594
-1.164107e-007 10.1118
-1.162107e-007 10.0873
-1.160107e-007 10.0852
-1.158107e-007 10.1135
-1.156107e-007 10.1125
-1.154107e-007 10.0362
-1.152107e-007 9.9892
-1.150107e-007 10.0227
-1.148107e-007 10.06
-1.146107e-007 10.07
-1.144107e-007 10.061
-1.142107e-007 10.0116
-1.140107e-007 9.97642
-1.138107e-007 9.99299
-1.136107e-007 9.97711
-1.134107e-007 9.96468
-1.132107e-007 10.0099
-1.130107e-007 9.97538
-1.128107e-007 9.85903
-1.126107e-007 9.84384
-1.124107e-007 9.9892
-1.122107e-007 10.1936
-1.120107e-007 10.2654
-1.118107e-007 10.1439
-1.116107e-007 10.0389
-1.114107e-007 10.0489
-1.112107e-007 10.0327
-1.110107e-007 9.95432
-1.108107e-007 9.90081
-1.106107e-007 9.92118
-1.104107e-007 9.97815
-1.102107e-007 9.99955
-1.100107e-007 9.99783
-1.098107e-007 10.013
-1.096107e-007 10.0524
-1.094107e-007 10.0821
-1.092107e-007 10.0893
-1.090107e-007 10.0931
-1.088107e-007 10.0382
-1.086107e-007 9.93084
-1.084107e-007 9.90288
-1.082107e-007 9.9961
-1.080107e-007 10.0679
-1.078107e-007 9.98125
-1.076107e-007 9.86283
-1.074107e-007 9.93223
-1.072107e-007 10.1166
-1.070107e-007 10.1839
-1.068107e-007 10.1204
-1.066107e-007 10.0579
-1.064107e-007 10.04
-1.062107e-007 10.0545
-1.060107e-007 10.0966
-1.058107e-007 10.1163
-1.056107e-007 10.0755
-1.054107e-007 10.0555
-1.052107e-007 10.1076
-1.050107e-007 10.1535
-1.048107e-007 10.1715
-1.046107e-007 10.2064
-1.044107e-007 10.1915
-1.042107e-007 10.0869
-1.040107e-007 10.0576
-1.038107e-007 10.1722
-1.036107e-007 10.1974
-1.034107e-007 10.0324
-1.032107e-007 9.91531
-1.030107e-007 9.93568
-1.028107e-007 9.95847
-1.026107e-007 9.93326
-1.024107e-007 9.87353
-1.022107e-007 9.85178
-1.020107e-007 9.9305
-1.018107e-007 10.0075
-1.016107e-007 10.0047
-1.014107e-007 9.9999
-1.012107e-007 10.0127
-1.010107e-007 10.0189
-1.008107e-007 10.0707
-1.006107e-007 10.1304
-1.004107e-007 10.1542
-1.002107e-007 10.1967
-1.000107e-007 10.2264
-9.981072e-008 10.2002
-9.961072e-008 10.1487
-9.941072e-008 10.0762
-9.921072e-008 9.98194
-9.901072e-008 9.9084
-9.881072e-008 9.9046
-9.861072e-008 9.94845
-9.841072e-008 9.99576
-9.821072e-008 10.0503
-9.801072e-008 10.108
-9.781072e-008 10.1422
-9.761072e-008 10.1674
-9.741072e-008 10.2091
-9.721072e-008 10.1718
-9.701072e-008 9.99196
-9.681072e-008 9.8573
-9.661072e-008 9.88631
-9.641072e-008 9.93948
-9.621072e-008 9.96468
-9.601072e-008 10.0096
-9.581072e-008 9.99576
-9.561072e-008 9.88803
-9.541072e-008 9.8138
-9.521072e-008 9.82692
-9.501072e-008 9.85523
-9.481072e-008 9.9015
-9.461072e-008 9.96192
-9.441072e-008 9.95605
-9.421072e-008 9.93326
-9.401072e-008 9.98402
-9.381072e-008 10.0534
-9.361072e-008 10.0582
-9.341072e-008 10.0034
-9.321072e-008 9.98505
-9.301072e-008 10.0752
-9.281072e-008 10.1439
-9.261072e-008 10.0579
-9.241072e-008 9.95156
-9.221072e-008 9.96986
-9.201072e-008 10.0562
-9.181072e-008 10.0976
-9.161072e-008 10.0482
-9.141072e-008 9.98609
-9.121072e-008 10.0275
-9.101072e-008 10.0959
-9.081072e-008 10.0368
-9.061072e-008 9.92739
-9.041072e-008 9.92428
-9.021072e-008 10.0047
-9.001072e-008 10.052
-8.981072e-008 9.96261
-8.961072e-008 9.78618
-8.941072e-008 9.74854
-8.921072e-008 9.89494
-8.901072e-008 10.0738
-8.881072e-008 10.1898
-8.861072e-008 10.1912
-8.841072e-008 10.0897
-8.821072e-008 9.9923
-8.801072e-008 9.974
-8.781072e-008 9.9999
-8.761072e-008 10.0127
-8.741072e-008 10.0179
-8.721072e-008 10.0158
-8.701072e-008 9.96986
-8.681072e-008 9.92221
-8.661072e-008 9.95536
-8.641072e-008 10.0479
-8.621072e-008 10.0883
-8.601072e-008 10.0147
-8.581072e-008 9.9122
-8.561072e-008 9.8832
-8.541072e-008 9.89735
-8.521072e-008 9.92049
-8.501072e-008 10.0096
-8.481072e-008 10.1304
-8.461072e-008 10.1843
-8.441072e-008 10.1943
-8.421072e-008 10.1929
-8.401072e-008 10.1249
-8.381072e-008 9.99334
-8.361072e-008 9.90702
-8.341072e-008 9.93395
-8.321072e-008 10.0034
-8.301072e-008 10.0254
-8.281072e-008 10.0306
-8.261072e-008 10.0593
-8.241072e-008 10.0572
-8.221072e-008 10.0134
-8.201072e-008 9.97815
-8.181072e-008 10.0037
-8.161072e-008 10.0893
-8.141072e-008 10.0866
-8.121072e-008 9.97884
-8.101072e-008 9.96744
-8.081072e-008 10.0786
-8.061072e-008 10.1508
-8.041072e-008 10.1128
-8.021072e-008 10.0662
-8.001072e-008 10.099
-7.981072e-008 10.1259
-7.961072e-008 10.0676
-7.941072e-008 10.0165
-7.921072e-008 10.0648
-7.901072e-008 10.1201
-7.881072e-008 10.0873
-7.861072e-008 10.0244
-7.841072e-008 9.96192
-7.821072e-008 9.92946
-7.801072e-008 10.0044
-7.781072e-008 10.062
-7.761072e-008 9.99921
-7.741072e-008 9.96952
-7.721072e-008 10.0168
-7.701072e-008 10.042
-7.681072e-008 10.0434
-7.661072e-008 10.0579
-7.641072e-008 10.0962
-7.621072e-008 10.1366
-7.601072e-008 10.1373
-7.581072e-008 10.0803
-7.561072e-008 10.0182
-7.541072e-008 10.0175
-7.521072e-008 10.0272
-7.501072e-008 9.97435
-7.481072e-008 9.9198
-7.461072e-008 9.93119
-7.441072e-008 9.96434
-7.421072e-008 9.95881
-7.401072e-008 9.91255
-7.381072e-008 9.91047
-7.361072e-008 10.0137
-7.341072e-008 10.0924
-7.321072e-008 10.06
-7.301072e-008 10.0455
-7.281072e-008 10.0983
-7.261072e-008 10.11
-7.241072e-008 10.0614
-7.221072e-008 10.0313
-7.201072e-008 10.0496
-7.181072e-008 10.0765
-7.161072e-008 10.0672
-7.141072e-008 10.0765
-7.121072e-008 10.1387
-7.101072e-008 10.1453
-7.081072e-008 10.0928
-7.061072e-008 10.0959
-7.041072e-008 10.1273
-7.021072e-008 10.1024
-7.001072e-008 10.0389
-6.981072e-008 9.98333
-6.961072e-008 9.92118
-6.941072e-008 9.80896
-6.921072e-008 9.74751
-6.901072e-008 9.90668
-6.881072e-008 10.1335
-6.861072e-008 10.1518
-6.841072e-008 10.0586
-6.821072e-008 10.0272
-6.801072e-008 10.04
-6.781072e-008 10.0745
-6.761072e-008 10.0807
-6.741072e-008 10.0489
-6.721072e-008 10.0586
-6.701072e-008 10.0955
-6.681072e-008 10.1256
-6.661072e-008 10.1339
-6.641072e-008 10.0721
-6.621072e-008 10.0054
-6.601072e-008 10.0158
-6.581072e-008 10.0199
-6.561072e-008 9.93913
-6.541072e-008 9.87733
-6.521072e-008 9.88561
-6.501072e-008 9.8756
-6.481072e-008 9.90012
-6.461072e-008 10.0324
-6.441072e-008 10.1888
-6.421072e-008 10.2716
-6.401072e-008 10.2147
-6.381072e-008 10.0828
-6.361072e-008 10.0821
-6.341072e-008 10.1829
-6.321072e-008 10.1484
-6.301072e-008 10.0558
-6.281072e-008 10.0835
-6.261072e-008 10.1038
-6.241072e-008 10.0541
-6.221072e-008 10.0741
-6.201072e-008 10.1653
-6.181072e-008 10.1877
-6.161072e-008 10.0648
-6.141072e-008 9.89701
-6.121072e-008 9.88458
-6.101072e-008 10.003
-6.081072e-008 10.0541
-6.061072e-008 10.0061
-6.041072e-008 9.95329
-6.021072e-008 9.97573
-6.001072e-008 10.0776
-5.981072e-008 10.1249
-5.961072e-008 10.0282
-5.941072e-008 9.9046
-5.921072e-008 9.88769
-5.901072e-008 9.97849
-5.881072e-008 10.11
-5.861072e-008 10.1763
-5.841072e-008 10.1107
-5.821072e-008 10.0027
-5.801072e-008 10.0023
-5.781072e-008 10.1049
-5.761072e-008 10.1587
-5.741072e-008 10.129
-5.721072e-008 10.1024
-5.701072e-008 10.0948
-5.681072e-008 10.1011
-5.661072e-008 10.1377
-5.641072e-008 10.137
-5.621072e-008 10.0365
-5.601072e-008 9.98125
-5.581072e-008 10.0424
-5.561072e-008 10.0261
-5.541072e-008 9.90909
-5.521072e-008 9.86559
-5.501072e-008 9.88182
-5.481072e-008 9.86697
-5.461072e-008 9.887
-5.441072e-008 9.97642
-5.421072e-008 10.0213
-5.401072e-008 9.98298
-5.381072e-008 9.92359
-5.361072e-008 9.87457
-5.341072e-008 9.90012
-5.321072e-008 10.0448
-5.301072e-008 10.204
-5.281072e-008 10.2178
-5.261072e-008 10.0603
-5.241072e-008 9.90771
-5.221072e-008 9.92359
-5.201072e-008 10.0344
-5.181072e-008 10.0728
-5.161072e-008 10.0351
-5.141072e-008 10.0227
-5.121072e-008 10.0223
-5.101072e-008 9.97124
-5.081072e-008 9.93119
-5.061072e-008 9.97987
-5.041072e-008 10.0641
-5.021072e-008 10.118
-5.001072e-008 10.129
-4.981072e-008 10.0942
-4.961072e-008 10.0362
-4.941072e-008 9.98574
-4.921072e-008 9.96641
-4.901072e-008 10.0199
-4.881072e-008 10.0983
-4.861072e-008 10.0945
-4.841072e-008 10.0551
-4.821072e-008 10.0676
-4.801072e-008 10.1076
-4.781072e-008 10.1049
-4.761072e-008 10.0462
-4.741072e-008 10.0389
-4.721072e-008 10.0686
-4.701072e-008 9.99265
-4.681072e-008 9.87871
-4.661072e-008 9.8573
-4.641072e-008 9.89977
-4.621072e-008 9.95156
-4.601072e-008 9.95294
-4.581072e-008 9.91427
-4.561072e-008 9.91289
-4.541072e-008 9.87215
-4.521072e-008 9.76995
-4.501072e-008 9.80413
-4.481072e-008 9.92808
-4.461072e-008 9.91186
-4.441072e-008 9.84004
-4.421072e-008 9.87974
-4.401072e-008 9.96261
-4.381072e-008 9.97469
-4.361072e-008 9.92808
-4.341072e-008 9.88838
-4.321072e-008 9.87008
-4.301072e-008 9.89873
-4.281072e-008 9.99023
-4.261072e-008 10.0655
-4.241072e-008 10.0479
-4.221072e-008 9.96296
-4.201072e-008 9.93154
-4.181072e-008 9.98367
-4.161072e-008 10.0106
-4.141072e-008 10.0106
-4.121072e-008 10.0027
-4.101072e-008 9.98989
-4.081072e-008 10.0538
-4.061072e-008 10.0803
-4.041072e-008 9.96744
-4.021072e-008 9.93188
-4.001072e-008 10.0379
-3.981072e-008 10.1166
-3.961072e-008 10.1259
-3.941072e-008 10.1035
-3.921072e-008 10.0624
-3.901072e-008 9.98022
-3.881072e-008 9.88976
-3.861072e-008 9.85454
-3.841072e-008 9.84004
-3.821072e-008 9.81207
-3.801072e-008 9.7848
-3.781072e-008 9.80689
-3.761072e-008 9.88907
-3.741072e-008 9.96296
-3.721072e-008 10.0141
-3.701072e-008 10.04
-3.681072e-008 10.0109
-3.661072e-008 9.97124
-3.641072e-008 9.97987
-3.621072e-008 10.0071
-3.601072e-008 10.023
-3.581072e-008 10.0517
-3.561072e-008 10.1
-3.541072e-008 10.129
-3.521072e-008 10.1111
-3.501072e-008 10.0852
-3.481072e-008 10.0728
-3.461072e-008 10.0227
-3.441072e-008 9.93292
-3.421072e-008 9.8977
-3.401072e-008 9.90599
-3.381072e-008 9.88596
-3.361072e-008 9.91842
-3.341072e-008 10.0027
-3.321072e-008 10.0196
-3.301072e-008 10.0282
-3.281072e-008 10.0931
-3.261072e-008 10.1242
-3.241072e-008 10.1111
-3.221072e-008 10.1087
-3.201072e-008 10.1242
-3.181072e-008 10.1411
-3.161072e-008 10.0866
-3.141072e-008 9.98574
-3.121072e-008 9.94949
-3.101072e-008 9.93948
-3.081072e-008 9.90219
-3.061072e-008 9.91358
-3.041072e-008 9.9854
-3.021072e-008 10.0265
-3.001072e-008 10.0258
-2.981072e-008 10.0458
-2.961072e-008 10.0869
-2.941072e-008 10.0938
-2.921072e-008 10.0272
-2.901072e-008 9.9267
-2.881072e-008 9.90564
-2.861072e-008 9.94362
-2.841072e-008 9.91772
-2.821072e-008 9.8832
-2.801072e-008 9.91496
-2.781072e-008 9.94845
-2.761072e-008 9.95812
-2.741072e-008 9.97228
-2.721072e-008 10.0071
-2.701072e-008 10.0472
-2.681072e-008 10.0596
-2.661072e-008 10.0942
-2.641072e-008 10.1791
-2.621072e-008 10.1201
-2.601072e-008 9.88423
-2.581072e-008 9.81622
-2.561072e-008 9.95329
-2.541072e-008 10.0179
-2.521072e-008 10.0096
-2.501072e-008 10.0313
-2.481072e-008 10.0765
-2.461072e-008 10.1059
-2.441072e-008 10.0783
-2.421072e-008 10.0596
-2.401072e-008 10.1076
-2.381072e-008 10.1522
-2.361072e-008 10.1166
-2.341072e-008 9.99161
-2.321072e-008 9.89735
-2.301072e-008 9.96365
-2.281072e-008 10.0607
-2.261072e-008 9.99058
-2.241072e-008 9.86766
-2.221072e-008 9.89735
-2.201072e-008 10.0268
-2.181072e-008 10.1328
-2.161072e-008 10.1563
-2.141072e-008 10.0859
-2.121072e-008 10.0458
-2.101072e-008 10.0911
-2.081072e-008 10.0973
-2.061072e-008 10.0596
-2.041072e-008 10.1004
-2.021072e-008 10.1611
-2.001072e-008 10.1332
-1.981072e-008 10.0703
-1.961072e-008 10.0279
-1.941072e-008 10.0244
-1.921072e-008 10.1128
-1.901072e-008 10.2305
-1.881072e-008 10.1953
-1.861072e-008 10.023
-1.841072e-008 9.91462
-1.821072e-008 9.94983
-1.801072e-008 10.0507
-1.781072e-008 10.1128
-1.761072e-008 10.0986
-1.741072e-008 10.0306
-1.721072e-008 9.9488
-1.701072e-008 9.93395
-1.681072e-008 10.0437
-1.661072e-008 10.1825
-1.641072e-008 10.2012
-1.621072e-008 10.0838
-1.601072e-008 9.94293
-1.581072e-008 9.90495
-1.561072e-008 9.99403
-1.541072e-008 10.0993
-1.521072e-008 10.0914
-1.501072e-008 9.98747
-1.481072e-008 9.94707
-1.461072e-008 9.9816
-1.441072e-008 9.93948
-1.421072e-008 9.85661
-1.401072e-008 9.88803
-1.381072e-008 10.004
-1.361072e-008 10.0955
-1.341072e-008 10.1511
-1.321072e-008 10.1408
-1.301072e-008 10.0434
-1.281072e-008 9.98264
-1.261072e-008 10.0185
-1.241072e-008 10.0503
-1.221072e-008 10.0134
-1.201072e-008 9.94673
-1.181072e-008 9.88354
-1.161072e-008 9.87388
-1.141072e-008 9.98954
-1.121072e-008 10.1183
-1.101072e-008 10.0876
-1.081072e-008 9.95743
-1.061072e-008 9.88423
-1.041072e-008 9.91634
-1.021072e-008 9.97159
-1.001072e-008 9.93326
-9.81072e-009 9.85696
-9.61072e-009 9.8901
-9.41072e-009 10.0044
-9.21072e-009 10.0838
-9.01072e-009 10.1035
-8.81072e-009 10.0959
-8.61072e-009 10.0776
-8.41072e-009 10.0531
-8.21072e-009 10.0292
-8.01072e-009 10.051
-7.81072e-009 10.1756
-7.61072e-009 10.2644
-7.41072e-009 10.1739
-7.21072e-009 10.0707
-7.01072e-009 10.0165
-6.81072e-009 9.85799
-6.61072e-009 9.72161
-6.41072e-009 9.77409
-6.21072e-009 9.86973
-6.01072e-009 9.92256
-5.81072e-009 9.96226
-5.61072e-009 9.9488
-5.41072e-009 9.92049
-5.21072e-009 9.96054
-5.01072e-009 10.0607
-4.81072e-009 10.1125
-4.61072e-009 10.0406
-4.41072e-009 9.97815
-4.21072e-009 10.061
-4.01072e-009 10.1646
-3.81072e-009 10.1463
-3.61072e-009 10.0938
-3.41072e-009 10.0641
-3.21072e-009 9.98505
-3.01072e-009 9.9122
-2.81072e-009 9.91496
-2.61072e-009 9.96192
-2.41072e-009 10.04
-2.21072e-009 10.0828
-2.01072e-009 10.0272
-1.81072e-009 9.84211
-1.61072e-009 9.37461
-1.41072e-009 8.55874
-1.21072e-009 7.5364
-1.01072e-009 6.35315
-8.107204e-010 5.04803
-6.107204e-010 3.90484
-4.107204e-010 3.1083
-2.107204e-010 2.5538
-1.072044e-011 2.13602
1.892796e-010 1.79766
3.892796e-010 1.53145
5.892796e-010 1.4189
7.892796e-010 1.42235
9.892796e-010 1.42338
1.18928e-009 1.37539
1.38928e-009 1.26007
1.58928e-009 1.20517
1.78928e-009 1.32498
1.98928e-009 1.42615
2.18928e-009 1.38299
2.38928e-009 1.32429
2.58928e-009 1.23556
2.78928e-009 1.1268
2.98928e-009 1.1634
3.18928e-009 1.21277
3.38928e-009 1.15856
3.58928e-009 1.1993
3.78928e-009 1.33292
3.98928e-009 1.39507
4.18928e-009 1.41303
4.38928e-009 1.48795
4.58928e-009 1.59637
4.78928e-009 1.61812
4.98928e-009 1.49037
5.18928e-009 1.28907
5.38928e-009 1.19033
5.58928e-009 1.22555
5.78928e-009 1.25662
5.98928e-009 1.2839
6.18928e-009 1.32671
6.38928e-009 1.31083
6.58928e-009 1.29046
6.78928e-009 1.32326
6.98928e-009 1.37436
7.18928e-009 1.40129
7.38928e-009 1.3602
7.58928e-009 1.3053
7.78928e-009 1.3129
7.98928e-009 1.31255
8.18928e-009 1.23141
8.38928e-009 1.20379
8.58928e-009 1.32188
8.78928e-009 1.40301
8.98928e-009 1.32153
9.18928e-009 1.16961
9.38928e-009 1.09469
9.58928e-009 1.17617
9.78928e-009 1.28148
9.98928e-009 1.27457
1.018928e-008 1.24764
1.038928e-008 1.24384
1.058928e-008 1.19792
1.078928e-008 1.19343
1.098928e-008 1.28459
1.118928e-008 1.31635
1.138928e-008 1.26145
1.158928e-008 1.23349
1.178928e-008 1.23418
1.198928e-008 1.26456
1.218928e-008 1.28493
1.238928e-008 1.19343
1.258928e-008 1.11195
1.278928e-008 1.18308
1.298928e-008 1.24557
1.318928e-008 1.21657
1.338928e-008 1.24074
1.358928e-008 1.2725
1.378928e-008 1.20828
1.398928e-008 1.14268
1.418928e-008 1.15511
1.438928e-008 1.1924
1.458928e-008 1.16581
1.478928e-008 1.12162
1.498928e-008 1.13923
1.518928e-008 1.11678
1.538928e-008 1.06845
1.558928e-008 1.13681
1.578928e-008 1.21035
1.598928e-008 1.19827
1.618928e-008 1.21312
1.638928e-008 1.22485
1.658928e-008 1.16858
1.678928e-008 1.12369
1.698928e-008 1.10712
1.718928e-008 1.09434
1.738928e-008 1.11609
1.758928e-008 1.14959
1.778928e-008 1.12024
1.798928e-008 1.07673
1.818928e-008 1.13888
1.838928e-008 1.20794
1.858928e-008 1.12058
1.878928e-008 0.990761
1.898928e-008 0.980058
1.918928e-008 1.04255
1.938928e-008 1.09676
1.958928e-008 1.14682
1.978928e-008 1.20103
1.998928e-008 1.21415
2.018928e-008 1.16754
2.038928e-008 1.11609
2.058928e-008 1.10436
2.078928e-008 1.11782
2.098928e-008 1.12507
2.118928e-008 1.11126
2.138928e-008 1.09365
2.158928e-008 1.10366
2.178928e-008 1.11299
2.198928e-008 1.11195
2.218928e-008 1.15235
2.238928e-008 1.1886
2.258928e-008 1.15373
2.278928e-008 1.0971
2.298928e-008 1.06948
2.318928e-008 1.09054
2.338928e-008 1.14959
2.358928e-008 1.18308
2.378928e-008 1.1741
2.398928e-008 1.13854
2.418928e-008 1.06534
2.438928e-008 1.04186
2.458928e-008 1.15718
2.478928e-008 1.2145
2.498928e-008 1.07121
2.518928e-008 0.928267
2.538928e-008 0.9003
2.558928e-008 0.93828
2.578928e-008 0.989725
2.598928e-008 0.948984
2.618928e-008 0.851963
2.638928e-008 0.878548
2.658928e-008 1.02011
2.678928e-008 1.12162
2.698928e-008 1.12783
2.718928e-008 1.07535
2.738928e-008 1.04773
2.758928e-008 1.1009
2.778928e-008 1.18204
2.798928e-008 1.26629
2.818928e-008 1.36572
2.838928e-008 1.38264
2.858928e-008 1.26801
2.878928e-008 1.11609
2.898928e-008 1.00802
2.918928e-008 0.967628
2.938928e-008 0.988344
2.958928e-008 1.03944
2.978928e-008 1.08088
2.998928e-008 1.11022
3.018928e-008 1.15028
3.038928e-008 1.17652
3.058928e-008 1.15028
3.078928e-008 1.07811
3.098928e-008 1.05291
3.118928e-008 1.09158
3.138928e-008 1.05705
3.158928e-008 0.986963
3.178928e-008 1.05256
3.198928e-008 1.18722
3.218928e-008 1.18549
3.238928e-008 1.07259
3.258928e-008 1.01666
3.278928e-008 1.00561
3.298928e-008 0.996976
3.318928e-008 1.06154
3.338928e-008 1.1413
3.358928e-008 1.10125
3.378928e-008 0.984201
3.398928e-008 0.928267
3.418928e-008 0.950019
3.438928e-008 0.952781
3.458928e-008 0.943804
3.478928e-008 0.994904
3.498928e-008 1.04877
3.518928e-008 1.07017
3.538928e-008 1.10332
3.558928e-008 1.09745
3.578928e-008 1.02978
3.598928e-008 1.02045
3.618928e-008 1.06361
3.638928e-008 1.02494
3.658928e-008 0.973843
3.678928e-008 1.02632
3.698928e-008 1.09434
3.718928e-008 1.12991
3.738928e-008 1.17375
3.758928e-008 1.18895
3.778928e-008 1.15753
3.798928e-008 1.08813
3.818928e-008 1.03219
3.838928e-008 1.05912
3.858928e-008 1.0864
3.878928e-008 1.09538
3.898928e-008 1.15476
3.918928e-008 1.17272
3.938928e-008 1.10332
3.958928e-008 1.05256
3.978928e-008 1.03944
3.998928e-008 1.02909
4.018928e-008 1.08329
4.038928e-008 1.1817
4.058928e-008 1.20656
4.078928e-008 1.15925
4.098928e-008 1.08226
4.118928e-008 1.00837
4.138928e-008 1.02045
4.158928e-008 1.09262
4.178928e-008 1.13267
4.198928e-008 1.12058
4.218928e-008 1.02771
4.238928e-008 0.935863
4.258928e-008 0.992142
4.278928e-008 1.11851
4.298928e-008 1.18239
4.318928e-008 1.22555
4.338928e-008 1.25386
4.358928e-008 1.20656
4.378928e-008 1.1375
4.398928e-008 1.09918
4.418928e-008 1.09849
4.438928e-008 1.15373
4.458928e-008 1.22624
4.478928e-008 1.23107
4.498928e-008 1.14268
4.518928e-008 1.08019
4.538928e-008 1.11264
4.558928e-008 1.13301
4.578928e-008 1.10436
4.598928e-008 1.10988
4.618928e-008 1.123
4.638928e-008 1.02632
4.658928e-008 0.879239
4.678928e-008 0.885799
4.698928e-008 1.04773
4.718928e-008 1.17306
4.738928e-008 1.17928
4.758928e-008 1.14095
4.778928e-008 1.17306
4.798928e-008 1.27457
4.818928e-008 1.30772
4.838928e-008 1.19585
4.858928e-008 1.03944
4.878928e-008 0.961759
4.898928e-008 0.94484
4.918928e-008 0.962104
4.938928e-008 1.00457
4.958928e-008 1.03427
4.978928e-008 1.08398
4.998928e-008 1.16823
5.018928e-008 1.23452
5.038928e-008 1.22831
5.058928e-008 1.11748
5.078928e-008 0.996286
5.098928e-008 0.994559
5.118928e-008 1.04566
5.138928e-008 1.04911
5.158928e-008 1.07535
5.178928e-008 1.12818
5.198928e-008 1.12611
5.218928e-008 1.10712
5.238928e-008 1.12473
5.258928e-008 1.18135
5.278928e-008 1.23728
5.298928e-008 1.20414
5.318928e-008 1.08675
5.338928e-008 1.02736
5.358928e-008 1.09227
5.378928e-008 1.16512
5.398928e-008 1.13198
5.418928e-008 1.04152
5.438928e-008 1.00285
5.458928e-008 0.999738
5.478928e-008 0.987999
5.498928e-008 1.03841
5.518928e-008 1.15822
5.538928e-008 1.21346
5.558928e-008 1.14682
5.578928e-008 1.08571
5.598928e-008 1.12335
5.618928e-008 1.16754
5.638928e-008 1.1451
5.658928e-008 1.12265
5.678928e-008 1.13543
5.698928e-008 1.13612
5.718928e-008 1.12024
5.738928e-008 1.12576
5.758928e-008 1.16616
5.778928e-008 1.1886
5.798928e-008 1.13819
5.818928e-008 1.05947
5.838928e-008 1.01838
5.858928e-008 1.0643
5.878928e-008 1.20138
5.898928e-008 1.31808
5.918928e-008 1.30979
5.938928e-008 1.17065
5.958928e-008 1.00941
5.978928e-008 1.01493
5.998928e-008 1.18031
6.018928e-008 1.28493
6.038928e-008 1.23901
6.058928e-008 1.14682
6.078928e-008 1.10228
6.098928e-008 1.1192
6.118928e-008 1.1489
6.138928e-008 1.12991
6.158928e-008 1.08053
6.178928e-008 1.04911
6.198928e-008 1.04531
6.218928e-008 1.08606
6.238928e-008 1.14441
6.258928e-008 1.14959
6.278928e-008 1.10953
6.298928e-008 1.08467
6.318928e-008 1.12369
6.338928e-008 1.1886
6.358928e-008 1.22865
6.378928e-008 1.26387
6.398928e-008 1.25248
6.418928e-008 1.20414
6.438928e-008 1.19274
6.458928e-008 1.17341
6.478928e-008 1.11471
6.498928e-008 1.0467
6.518928e-008 1.03323
6.538928e-008 1.12749
6.558928e-008 1.1848
6.578928e-008 1.10436
6.598928e-008 1.04773
6.618928e-008 1.08122
6.638928e-008 1.09987
6.658928e-008 1.09227
6.678928e-008 1.10574
6.698928e-008 1.11402
6.718928e-008 1.07881
6.738928e-008 1.05326
6.758928e-008 1.11195
6.778928e-008 1.17306
6.798928e-008 1.13957
6.818928e-008 1.10712
6.838928e-008 1.11057
6.858928e-008 1.06776
6.878928e-008 1.00699
6.898928e-008 0.990761
6.918928e-008 1.07155
6.938928e-008 1.23418
6.958928e-008 1.29322
6.978928e-008 1.16961
6.998928e-008 1.04531
7.018928e-008 1.00561
7.038928e-008 0.967973
7.058928e-008 0.986963
7.078928e-008 1.14786
7.098928e-008 1.30427
7.118928e-008 1.33292
7.138928e-008 1.3129
7.158928e-008 1.26767
7.178928e-008 1.19516
7.198928e-008 1.15304
7.218928e-008 1.10919
7.238928e-008 1.05222
7.258928e-008 1.05843
7.278928e-008 1.12335
7.298928e-008 1.1634
7.318928e-008 1.12127
7.338928e-008 1.03944
7.358928e-008 1.00595
7.378928e-008 1.02322
7.398928e-008 1.04946
7.418928e-008 1.09469
7.438928e-008 1.15615
7.458928e-008 1.18308
7.478928e-008 1.18273
7.498928e-008 1.1962
7.518928e-008 1.21312
7.538928e-008 1.21381
7.558928e-008 1.21933
7.578928e-008 1.2107
7.598928e-008 1.16202
7.618928e-008 1.15925
7.638928e-008 1.19792
7.658928e-008 1.1779
7.678928e-008 1.15684
7.698928e-008 1.19067
7.718928e-008 1.23141
7.738928e-008 1.2214
7.758928e-008 1.12783
7.778928e-008 1.046
7.798928e-008 1.08398
7.818928e-008 1.14613
7.838928e-008 1.10712
7.858928e-008 1.05049
7.878928e-008 1.07984
7.898928e-008 1.15304
7.918928e-008 1.22037
7.938928e-008 1.2397
7.958928e-008 1.21346
7.978928e-008 1.24281
7.998928e-008 1.33983
8.018928e-008 1.41613
8.038928e-008 1.4189
8.058928e-008 1.32982
8.078928e-008 1.19136
8.098928e-008 1.09987
8.118928e-008 1.11575
8.138928e-008 1.20483
8.158928e-008 1.25938
8.178928e-008 1.20276
8.198928e-008 1.07881
8.218928e-008 1.04773
8.238928e-008 1.14544
8.258928e-008 1.18687
8.278928e-008 1.10988
8.298928e-008 1.04946
8.318928e-008 1.05809
8.338928e-008 1.05878
8.358928e-008 1.02115
8.378928e-008 1.06292
8.398928e-008 1.22175
8.418928e-008 1.29322
8.438928e-008 1.19551
8.458928e-008 1.13025
8.478928e-008 1.16719
8.498928e-008 1.20069
8.518928e-008 1.20759
8.538928e-008 1.19896
8.558928e-008 1.16167
8.578928e-008 1.1306
8.598928e-008 1.14372
8.618928e-008 1.15856
8.638928e-008 1.12542
8.658928e-008 1.06499
8.678928e-008 1.02425
8.698928e-008 1.06361
8.718928e-008 1.1886
8.738928e-008 1.25938
8.758928e-008 1.2397
8.778928e-008 1.2328
8.798928e-008 1.21829
8.818928e-008 1.19309
8.838928e-008 1.20069
8.858928e-008 1.20103
8.878928e-008 1.19758
8.898928e-008 1.17479
8.918928e-008 1.11333
8.938928e-008 1.08951
8.958928e-008 1.10297
8.978928e-008 1.09262
8.998928e-008 1.06154
9.018928e-008 1.03323
9.038928e-008 1.04531
9.058928e-008 1.12404
9.078928e-008 1.20069
9.098928e-008 1.17686
9.118928e-008 1.11057
9.138928e-008 1.16409
9.158928e-008 1.32602
9.178928e-008 1.393
9.198928e-008 1.28251
9.218928e-008 1.17065
9.238928e-008 1.17445
9.258928e-008 1.16927
9.278928e-008 1.12991
9.298928e-008 1.17272
9.318928e-008 1.24557
9.338928e-008 1.23176
9.358928e-008 1.18031
9.378928e-008 1.16961
9.398928e-008 1.19551
9.418928e-008 1.25006
9.438928e-008 1.27008
9.458928e-008 1.1817
9.478928e-008 1.05809
9.498928e-008 1.02667
9.518928e-008 1.11264
9.538928e-008 1.21519
9.558928e-008 1.22934
9.578928e-008 1.17755
9.598928e-008 1.13612
9.618928e-008 1.0864
9.638928e-008 1.01735
9.658928e-008 1.01044
9.678928e-008 1.07501
9.698928e-008 1.15235
9.718928e-008 1.19896
9.738928e-008 1.19965
9.758928e-008 1.19654
9.778928e-008 1.18549
9.798928e-008 1.13923
9.818928e-008 1.12714
9.838928e-008 1.17237
9.858928e-008 1.16892
9.878928e-008 1.09641
9.898928e-008 1.04152
9.918928e-008 1.00492
9.938928e-008 0.955889
9.958928e-008 0.939316
9.978928e-008 0.993869
9.998928e-008 1.09365
1.001893e-007 1.16236
1.003893e-007 1.14026
1.005893e-007 1.10021
1.007893e-007 1.12921
1.009893e-007 1.17479
1.011893e-007 1.18964
1.013893e-007 1.20103
1.015893e-007 1.20069
1.017893e-007 1.17548
1.019893e-007 1.15615
1.021893e-007 1.12611
1.023893e-007 1.08916
1.025893e-007 1.1413
1.027893e-007 1.22624
1.029893e-007 1.22451
1.031893e-007 1.21657
1.033893e-007 1.26076
1.035893e-007 1.25696
1.037893e-007 1.19585
1.039893e-007 1.1665
1.041893e-007 1.15684
1.043893e-007 1.15131
1.045893e-007 1.17375
1.047893e-007 1.20483
1.049893e-007 1.2511
1.051893e-007 1.27803
1.053893e-007 1.22796
1.055893e-007 1.15856
1.057893e-007 1.13198
1.059893e-007 1.09193
1.061893e-007 1.03116
1.063893e-007 1.04566
1.065893e-007 1.11506
1.067893e-007 1.18653
1.069893e-007 1.28424
1.071893e-007 1.35986
1.073893e-007 1.37436
1.075893e-007 1.33327
1.077893e-007 1.22865
1.079893e-007 1.16443
1.081893e-007 1.18998
1.083893e-007 1.17548
1.085893e-007 1.10436
1.087893e-007 1.11886
1.089893e-007 1.22555
1.091893e-007 1.28735
1.093893e-007 1.23763
1.095893e-007 1.09227
1.097893e-007 0.985927
1.099893e-007 1.04428
1.101893e-007 1.14199
1.103893e-007 1.17306
1.105893e-007 1.17168
1.107893e-007 1.1413
1.109893e-007 1.13232
1.111893e-007 1.21657
1.113893e-007 1.33534
1.115893e-007 1.37781
1.117893e-007 1.35191
1.119893e-007 1.33154
1.121893e-007 1.335
1.123893e-007 1.33223
1.125893e-007 1.32913
1.127893e-007 1.35088
1.129893e-007 1.33776
1.131893e-007 1.25973
1.133893e-007 1.18377
1.135893e-007 1.13094
1.137893e-007 1.06154
1.139893e-007 1.02184
1.141893e-007 1.10781
1.143893e-007 1.25904
1.145893e-007 1.32222
1.147893e-007 1.24799
1.149893e-007 1.12783
1.151893e-007 1.0719
1.153893e-007 1.08295
1.155893e-007 1.13612
1.157893e-007 1.18135
1.159893e-007 1.15615
1.161893e-007 1.12162
1.163893e-007 1.14233
1.165893e-007 1.19378
1.167893e-007 1.24661
1.169893e-007 1.2359
1.171893e-007 1.13819
1.173893e-007 1.05567
1.175893e-007 1.07328
1.177893e-007 1.16098
1.179893e-007 1.21484
1.181893e-007 1.18031
1.183893e-007 1.11851
1.185893e-007 1.11161
1.187893e-007 1.17445
1.189893e-007 1.27285
1.191893e-007 1.33845
1.193893e-007 1.29425
1.195893e-007 1.18204
1.197893e-007 1.16132
1.199893e-007 1.24833
1.201893e-007 1.26042
1.203893e-007 1.16685
1.205893e-007 1.14372
1.207893e-007 1.2031
1.209893e-007 1.1962
1.211893e-007 1.14993
1.213893e-007 1.1489
1.215893e-007 1.10021
1.217893e-007 0.983856
1.219893e-007 0.928613
1.221893e-007 0.950365
1.223893e-007 1.02874
1.225893e-007 1.15546
1.227893e-007 1.23659
1.229893e-007 1.23211
1.231893e-007 1.19378
1.233893e-007 1.15235
1.235893e-007 1.11886
1.237893e-007 1.13232
1.239893e-007 1.20207
1.241893e-007 1.24246
1.243893e-007 1.18757
1.245893e-007 1.11264
1.247893e-007 1.11886
1.249893e-007 1.20103
1.251893e-007 1.24661
1.253893e-007 1.23245
1.255893e-007 1.30081
1.257893e-007 1.4403
1.259893e-007 1.45204
1.261893e-007 1.28769
1.263893e-007 1.12196
1.265893e-007 1.09227
1.267893e-007 1.10436
1.269893e-007 1.08157
1.271893e-007 1.11161
1.273893e-007 1.1962
1.275893e-007 1.24661
1.277893e-007 1.26663
1.279893e-007 1.2908
1.281893e-007 1.31532
1.283893e-007 1.32636
1.285893e-007 1.27837
1.287893e-007 1.20414
1.289893e-007 1.20725
1.291893e-007 1.24488
1.293893e-007 1.24315
1.295893e-007 1.20725
1.297893e-007 1.15304
1.299893e-007 1.15822
1.301893e-007 1.24419
1.303893e-007 1.32464
1.305893e-007 1.34328
1.307893e-007 1.29011
1.309893e-007 1.19136
1.311893e-007 1.1009
1.313893e-007 1.09296
1.315893e-007 1.18549
1.317893e-007 1.2504
1.319893e-007 1.22762
1.321893e-007 1.23211
1.323893e-007 1.2984
1.325893e-007 1.38437
1.327893e-007 1.43374
1.329893e-007 1.37781
1.331893e-007 1.32153
1.333893e-007 1.335
1.335893e-007 1.28182
1.337893e-007 1.19171
1.339893e-007 1.20172
1.341893e-007 1.25835
1.343893e-007 1.27147
1.345893e-007 1.28838
1.347893e-007 1.36745
1.349893e-007 1.43271
1.351893e-007 1.43789
1.353893e-007 1.4403
1.355893e-007 1.43029
1.357893e-007 1.4044
1.359893e-007 1.40992
1.361893e-007 1.41026
1.363893e-007 1.35295
1.365893e-007 1.31152
1.367893e-007 1.36158
1.369893e-007 1.44686
1.371893e-007 1.48933
1.373893e-007 1.47448
1.375893e-007 1.42373
1.377893e-007 1.35882
1.379893e-007 1.29943
1.381893e-007 1.30116
1.383893e-007 1.36503
1.385893e-007 1.40612
1.387893e-007 1.42995
1.389893e-007 1.53422
1.391893e-007 1.66128
1.393893e-007 1.62399
1.395893e-007 1.44859
1.397893e-007 1.36158
1.399893e-007 1.45998
1.401893e-007 1.60741
1.403893e-007 1.63055
1.405893e-007 1.52248
1.407893e-007 1.41579
1.409893e-007 1.37574
1.411893e-007 1.35364
1.413893e-007 1.36814
1.415893e-007 1.44514
1.417893e-007 1.49865
1.419893e-007 1.51108
1.421893e-007 1.54216
1.423893e-007 1.5608
1.425893e-007 1.50211
1.427893e-007 1.38851
1.429893e-007 1.36055
1.431893e-007 1.51039
1.433893e-007 1.6775
1.435893e-007 1.65817
1.437893e-007 1.55148
1.439893e-007 1.55977
1.441893e-007 1.6447
1.443893e-007 1.66749
1.445893e-007 1.62295
1.447893e-007 1.58014
1.449893e-007 1.56046
1.451893e-007 1.54596
1.453893e-007 1.50314
1.455893e-007 1.46033
1.457893e-007 1.49347
1.459893e-007 1.55183
1.461893e-007 1.58048
1.463893e-007 1.61363
1.465893e-007 1.59464
1.467893e-007 1.52248
1.469893e-007 1.51626
1.471893e-007 1.52904
1.473893e-007 1.50073
1.475893e-007 1.55148
1.477893e-007 1.6233
1.479893e-007 1.56356
1.481893e-007 1.51799
1.483893e-007 1.57012
1.485893e-007 1.60293
1.487893e-007 1.6592
1.489893e-007 1.75553
1.491893e-007 1.7911
1.493893e-007 1.75933
1.495893e-007 1.68372
1.497893e-007 1.6378
1.499893e-007 1.69201
1.501893e-007 1.7034
1.503893e-007 1.55528
1.505893e-007 1.42511
1.507893e-007 1.50003
1.509893e-007 1.72135
1.511893e-007 1.90814
1.513893e-007 1.93784
1.515893e-007 1.83288
1.517893e-007 1.71514
1.519893e-007 1.69201
1.521893e-007 1.77798
1.523893e-007 1.88881
1.525893e-007 1.92748
1.527893e-007 1.87086
1.529893e-007 1.76417
1.531893e-007 1.70582
1.533893e-007 1.74449
1.535893e-007 1.74276
1.537893e-007 1.59567
1.539893e-007 1.47
1.541893e-007 1.53491
1.543893e-007 1.69649
1.545893e-007 1.80111
1.547893e-007 1.8346
1.549893e-007 1.83529
1.551893e-007 1.84841
1.553893e-007 1.91919
1.555893e-007 1.98238
1.557893e-007 1.93542
1.559893e-007 1.86568
1.561893e-007 1.8933
1.563893e-007 1.90504
1.565893e-007 1.85325
1.567893e-007 1.85359
1.569893e-007 1.86222
1.571893e-007 1.8308
1.573893e-007 1.81665
1.575893e-007 1.8018
1.577893e-007 1.76796
1.579893e-007 1.77211
1.581893e-007 1.87258
1.583893e-007 1.94854
1.585893e-007 1.86188
1.587893e-007 1.78557
1.589893e-007 1.86982
1.591893e-007 1.96753
1.593893e-007 1.95717
1.595893e-007 1.89882
1.597893e-007 1.87465
1.599893e-007 1.89813
1.601893e-007 1.88052
1.603893e-007 1.78868
1.605893e-007 1.77522
1.607893e-007 1.86878
1.609893e-007 1.89226
1.611893e-007 1.82217
1.613893e-007 1.77038
1.615893e-007 1.75726
1.617893e-007 1.81285
1.619893e-007 1.93335
1.621893e-007 1.98687
1.623893e-007 1.94164
1.625893e-007 1.88846
1.627893e-007 1.86637
1.629893e-007 1.88777
1.631893e-007 1.92334
1.633893e-007 1.89433
1.635893e-007 1.85014
1.637893e-007 1.89019
1.639893e-007 1.96304
1.641893e-007 2.01552
1.643893e-007 2.08492
1.645893e-007 2.11393
1.647893e-007 2.04556
1.649893e-007 1.981
1.651893e-007 1.9955
1.653893e-007 2.06524
1.655893e-007 2.10391
1.657893e-007 2.01621
1.659893e-007 1.87569
1.661893e-007 1.7949
1.663893e-007 1.75001
1.665893e-007 1.79213
1.667893e-007 1.96235
1.669893e-007 2.09148
1.671893e-007 2.10806
1.673893e-007 2.09425
1.675893e-007 2.04384
1.677893e-007 1.98825
1.679893e-007 2.03072
1.681893e-007 2.11841
1.683893e-007 2.12083
1.685893e-007 2.03624
1.687893e-007 1.93266
1.689893e-007 1.89502
1.691893e-007 2.00447
1.693893e-007 2.16157
1.695893e-007 2.18574
1.697893e-007 2.08596
1.699893e-007 1.99308
1.701893e-007 2.02001
1.703893e-007 2.12532
1.705893e-007 2.1488
1.707893e-007 2.1412
1.709893e-007 2.24237
1.711893e-007 2.35734
1.713893e-007 2.33801
1.715893e-007 2.22752
1.717893e-007 2.1343
1.719893e-007 2.08734
1.721893e-007 2.07974
1.723893e-007 2.10219
1.725893e-007 2.15501
1.727893e-007 2.20818
1.729893e-007 2.19748
1.731893e-007 2.18678
1.733893e-007 2.29761
1.735893e-007 2.39428
1.737893e-007 2.31038
1.739893e-007 2.21716
1.741893e-007 2.20749
1.743893e-007 2.1374
1.745893e-007 2.04832
1.747893e-007 2.03175
1.749893e-007 2.01276
1.751893e-007 2.03106
1.753893e-007 2.21854
1.755893e-007 2.41742
1.757893e-007 2.386
1.759893e-007 2.25376
1.761893e-007 2.26964
1.763893e-007 2.37702
1.765893e-007 2.36045
1.767893e-007 2.1961
1.769893e-007 2.09425
1.771893e-007 2.16226
1.773893e-007 2.23926
1.775893e-007 2.21613
1.777893e-007 2.17124
1.779893e-007 2.17746
1.781893e-007 2.24996
1.783893e-007 2.36908
1.785893e-007 2.43882
1.787893e-007 2.38911
1.789893e-007 2.28483
1.791893e-007 2.2037
1.793893e-007 2.19023
1.795893e-007 2.24478
1.797893e-007 2.2983
1.799893e-007 2.32937
1.801893e-007 2.33317
1.803893e-007 2.31384
1.805893e-007 2.33973
1.807893e-007 2.35561
1.809893e-007 2.25307
1.811893e-007 2.16917
1.813893e-007 2.27586
1.815893e-007 2.44953
1.817893e-007 2.47853
1.819893e-007 2.37426
1.821893e-007 2.30037
1.823893e-007 2.32489
1.825893e-007 2.3677
1.827893e-007 2.3494
1.829893e-007 2.29554
1.831893e-007 2.33939
1.833893e-007 2.50477
1.835893e-007 2.60939
1.837893e-007 2.5759
1.839893e-007 2.50961
1.841893e-007 2.4806
1.843893e-007 2.49338
1.845893e-007 2.52825
1.847893e-007 2.51271
1.849893e-007 2.44055
1.851893e-007 2.44435
1.853893e-007 2.51513
1.855893e-007 2.47024
1.857893e-007 2.3311
1.859893e-007 2.2907
1.861893e-007 2.35872
1.863893e-007 2.37081
1.865893e-007 2.31591
1.867893e-007 2.3494
1.869893e-007 2.49027
1.871893e-007 2.5797
1.873893e-007 2.53826
1.875893e-007 2.48509
1.877893e-007 2.5065
1.879893e-007 2.5538
1.881893e-007 2.58246
1.883893e-007 2.5866
1.885893e-007 2.5576
1.887893e-007 2.51409
1.889893e-007 2.52065
1.891893e-007 2.54897
1.893893e-007 2.54379
1.895893e-007 2.5538
1.897893e-007 2.57106
1.899893e-007 2.56209
1.901893e-007 2.54241
1.903893e-007 2.49545
1.905893e-007 2.45367
1.907893e-007 2.4775
1.909893e-007 2.53205
1.911893e-007 2.57383
1.913893e-007 2.60145
1.915893e-007 2.55415
1.917893e-007 2.47439
1.919893e-007 2.51962
1.921893e-007 2.57383
1.923893e-007 2.49718
1.925893e-007 2.48475
1.927893e-007 2.59765
1.929893e-007 2.63874
1.931893e-007 2.63321
1.933893e-007 2.68535
1.935893e-007 2.6522
1.937893e-007 2.50166
1.939893e-007 2.44124
1.941893e-007 2.51824
1.943893e-007 2.58349
1.945893e-007 2.55449
1.947893e-007 2.50097
1.949893e-007 2.5172
1.951893e-007 2.54137
1.953893e-007 2.45471
1.955893e-007 2.35113
1.957893e-007 2.38047
1.959893e-007 2.44746
1.961893e-007 2.45643
1.963893e-007 2.49062
1.965893e-007 2.57762
1.967893e-007 2.66083
1.969893e-007 2.72471
1.971893e-007 2.76269
1.973893e-007 2.75509
1.975893e-007 2.67533
1.977893e-007 2.58626
1.979893e-007 2.62803
1.981893e-007 2.69432
1.983893e-007 2.60076
1.985893e-007 2.49131
1.987893e-007 2.51133
1.989893e-007 2.55518
1.991893e-007 2.55967
1.993893e-007 2.54586
1.995893e-007 2.54068
1.997893e-007 2.60973
1.999893e-007 2.72195
2.001893e-007 2.79031
2.003893e-007 2.78582
2.005893e-007 2.71953
2.007893e-007 2.67844
2.009893e-007 2.69916
2.011893e-007 2.67568
2.013893e-007 2.63666
2.015893e-007 2.70883
2.017893e-007 2.791
2.019893e-007 2.73714
2.021893e-007 2.61457
2.023893e-007 2.57279
2.025893e-007 2.6339
2.027893e-007 2.73196
2.029893e-007 2.87283
2.031893e-007 2.98608
2.033893e-007 2.955
2.035893e-007 2.85315
2.037893e-007 2.78927
2.039893e-007 2.82518
2.041893e-007 2.93394
2.043893e-007 2.95639
2.045893e-007 2.88181
2.047893e-007 2.81897
2.049893e-007 2.74853
2.051893e-007 2.70123
2.053893e-007 2.78479
2.055893e-007 2.94879
2.057893e-007 3.02786
2.059893e-007 2.95466
2.061893e-007 2.84003
2.063893e-007 2.80792
2.065893e-007 2.83623
2.067893e-007 2.82138
2.069893e-007 2.76131
2.071893e-007 2.79066
2.073893e-007 2.90943
2.075893e-007 3.00334
2.077893e-007 3.06963
2.079893e-007 3.10589
2.081893e-007 3.08621
2.083893e-007 3.03545
2.085893e-007 2.93912
2.087893e-007 2.84728
2.089893e-007 2.8711
2.091893e-007 2.89872
2.093893e-007 2.78755
2.095893e-007 2.6636
2.097893e-007 2.71642
2.099893e-007 2.94016
2.101893e-007 3.10312
2.103893e-007 3.01405
2.105893e-007 2.81137
2.107893e-007 2.71331
2.109893e-007 2.7178
2.111893e-007 2.77063
2.113893e-007 2.86005
2.115893e-007 2.94844
2.117893e-007 2.98055
2.119893e-007 2.9298
2.121893e-007 2.84866
2.123893e-007 2.81862
2.125893e-007 2.81413
2.127893e-007 2.78858
2.129893e-007 2.80205
2.131893e-007 2.85936
2.133893e-007 2.86282
2.135893e-007 2.83243
2.137893e-007 2.87697
2.139893e-007 2.98021
2.141893e-007 3.04201
2.143893e-007 3.01646
2.145893e-007 2.94465
2.147893e-007 2.93118
2.149893e-007 2.9954
2.151893e-007 3.05306
2.153893e-007 3.07067
2.155893e-007 3.07999
2.157893e-007 3.12211
2.159893e-007 3.18841
2.161893e-007 3.2181
2.163893e-007 3.20532
2.165893e-007 3.1922
2.167893e-007 3.19324
2.169893e-007 3.17632
2.171893e-007 3.11521
2.173893e-007 3.05651
2.175893e-007 3.02544
2.177893e-007 2.97952
2.179893e-007 2.92945
2.181893e-007 2.94982
2.183893e-007 3.06066
2.185893e-007 3.15561
2.187893e-007 3.1594
2.189893e-007 3.15146
2.191893e-007 3.13938
2.193893e-007 3.02924
2.195893e-007 2.9191
2.197893e-007 2.98608
2.199893e-007 3.14421
2.201893e-007 3.19255
2.203893e-007 3.16458
2.205893e-007 3.19704
2.207893e-007 3.25263
2.209893e-007 3.24814
2.211893e-007 3.17287
2.213893e-007 3.07412
2.215893e-007 3.03442
2.217893e-007 3.07619
2.219893e-007 3.16735
2.221893e-007 3.22604
2.223893e-007 3.19255
2.225893e-007 3.16251
2.227893e-007 3.19876
2.229893e-007 3.23226
2.231893e-007 3.25125
2.233893e-007 3.23605
2.235893e-007 3.13765
2.237893e-007 3.07723
2.239893e-007 3.14628
2.241893e-007 3.18875
2.243893e-007 3.11107
2.245893e-007 3.05997
2.247893e-007 3.13731
2.249893e-007 3.23502
2.251893e-007 3.19497
2.253893e-007 3.08275
2.255893e-007 3.1052
2.257893e-007 3.19635
2.259893e-007 3.16148
2.261893e-007 3.07343
2.263893e-007 3.09104
2.265893e-007 3.17218
2.267893e-007 3.15802
2.269893e-007 3.08068
2.271893e-007 3.12695
2.273893e-007 3.25815
2.275893e-007 3.3058
2.277893e-007 3.31961
2.279893e-007 3.38728
2.281893e-007 3.41836
2.283893e-007 3.32824
2.285893e-007 3.20084
2.287893e-007 3.15802
2.289893e-007 3.16493
2.291893e-007 3.15699
2.293893e-007 3.18323
2.295893e-007 3.23882
2.297893e-007 3.29199
2.299893e-007 3.39971
2.301893e-007 3.49604
2.303893e-007 3.41525
2.305893e-007 3.27921
2.307893e-007 3.28681
2.309893e-007 3.35793
2.311893e-007 3.3973
2.313893e-007 3.37451
2.315893e-007 3.27783
2.317893e-007 3.2326
2.319893e-007 3.29475
2.321893e-007 3.35172
2.323893e-007 3.35793
2.325893e-007 3.37416
2.327893e-007 3.35759
2.329893e-007 3.24779
2.331893e-007 3.21672
2.333893e-007 3.32168
2.335893e-007 3.34412
2.337893e-007 3.2471
2.339893e-007 3.14318
2.341893e-007 3.11072
2.343893e-007 3.22155
2.345893e-007 3.37727
2.347893e-007 3.44425
2.349893e-007 3.49052
2.351893e-007 3.56337
2.353893e-007 3.56302
2.355893e-007 3.48327
2.357893e-007 3.44736
2.359893e-007 3.47464
2.361893e-007 3.47291
2.363893e-007 3.42837
2.365893e-007 3.41456
2.367893e-007 3.48051
2.369893e-007 3.57235
2.371893e-007 3.55785
2.373893e-007 3.45599
2.375893e-007 3.42906
2.377893e-007 3.47809
2.379893e-007 3.49086
2.381893e-007 3.46566
2.383893e-007 3.45357
2.385893e-007 3.43735
2.387893e-007 3.39177
2.389893e-007 3.39246
2.391893e-007 3.51779
2.393893e-007 3.69043
2.395893e-007 3.75879
2.397893e-007 3.72358
2.399893e-007 3.69181
2.401893e-007 3.6635
2.403893e-007 3.58754
2.405893e-007 3.49432
2.407893e-007 3.43458
2.409893e-007 3.41249
2.411893e-007 3.44563
2.413893e-007 3.51779
2.415893e-007 3.50813
2.417893e-007 3.42492
2.419893e-007 3.42388
2.421893e-007 3.48603
2.423893e-007 3.50536
2.425893e-007 3.50019
2.427893e-007 3.49328
2.429893e-007 3.46082
2.431893e-007 3.3973
2.433893e-007 3.34343
2.435893e-007 3.34689
2.437893e-007 3.35483
2.439893e-007 3.33273
2.441893e-007 3.36588
2.443893e-007 3.45116
2.445893e-007 3.50053
2.447893e-007 3.53126
2.449893e-007 3.58098
2.451893e-007 3.58857
2.453893e-007 3.53057
2.455893e-007 3.47671
2.457893e-007 3.44667
2.459893e-007 3.47602
2.461893e-007 3.58236
2.463893e-007 3.59686
2.465893e-007 3.48741
2.467893e-007 3.49155
2.469893e-007 3.64209
2.471893e-007 3.71115
2.473893e-007 3.62552
2.475893e-007 3.53195
2.477893e-007 3.53333
2.479893e-007 3.59755
2.481893e-007 3.69285
2.483893e-007 3.78952
2.485893e-007 3.77951
2.487893e-007 3.64554
2.489893e-007 3.52988
2.491893e-007 3.54921
2.493893e-007 3.61551
2.495893e-007 3.56233
2.497893e-007 3.47671
2.499893e-007 3.51227
2.501893e-007 3.61965
2.503893e-007 3.69526
2.505893e-007 3.67282
2.507893e-007 3.57511
2.509893e-007 3.56302
2.511893e-007 3.65936
2.513893e-007 3.67179
2.515893e-007 3.60826
2.517893e-007 3.63898
2.519893e-007 3.71702
2.521893e-007 3.71978
