-2.28674e-008 10.0137
-2.26674e-008 10.0192
-2.24674e-008 9.97987
-2.22674e-008 10.0334
-2.20674e-008 10.1535
-2.18674e-008 10.2509
-2.16674e-008 10.2751
-2.14674e-008 10.2298
-2.12674e-008 10.1649
-2.10674e-008 10.0835
-2.08674e-008 9.96848
-2.06674e-008 9.92359
-2.04674e-008 9.99127
-2.02674e-008 10.0489
-2.00674e-008 10.0538
-1.98674e-008 10.0365
-1.96674e-008 10.0306
-1.94674e-008 10.0351
-1.92674e-008 9.96192
-1.90674e-008 9.84729
-1.88674e-008 9.84556
-1.86674e-008 9.93913
-1.84674e-008 9.95743
-1.82674e-008 9.88596
-1.80674e-008 9.8901
-1.78674e-008 9.96192
-1.76674e-008 9.96123
-1.74674e-008 9.91289
-1.72674e-008 9.92083
-1.70674e-008 9.99541
-1.68674e-008 10.0607
-1.66674e-008 10.0669
-1.64674e-008 10.0261
-1.62674e-008 9.95709
-1.60674e-008 9.90495
-1.58674e-008 9.88872
-1.56674e-008 9.87836
-1.54674e-008 9.90046
-1.52674e-008 9.97711
-1.50674e-008 10.0058
-1.48674e-008 9.96675
-1.46674e-008 9.97815
-1.44674e-008 10.0078
-1.42674e-008 9.96952
-1.40674e-008 9.96744
-1.38674e-008 10.069
-1.36674e-008 10.147
-1.34674e-008 10.1152
-1.32674e-008 10.0134
-1.30674e-008 9.89425
-1.28674e-008 9.84556
-1.26674e-008 9.91255
-1.24674e-008 9.99334
-1.22674e-008 10.0061
-1.20674e-008 9.97228
-1.18674e-008 9.95847
-1.16674e-008 9.96641
-1.14674e-008 9.91876
-1.12674e-008 9.84418
-1.10674e-008 9.87974
-1.08674e-008 10.0379
-1.06674e-008 10.186
-1.04674e-008 10.2354
-1.02674e-008 10.1487
-1.00674e-008 9.96399
-9.86736e-009 9.84591
-9.66736e-009 9.85903
-9.46736e-009 9.93326
-9.26736e-009 10.0703
-9.06736e-009 10.2109
-8.86736e-009 10.2012
-8.66736e-009 10.0527
-8.46736e-009 9.94397
-8.26736e-009 9.93844
-8.06736e-009 9.92774
-7.86736e-009 9.8901
-7.66736e-009 9.90253
-7.46736e-009 9.95294
-7.26736e-009 9.98643
-7.06736e-009 10.0237
-6.86736e-009 10.0693
-6.66736e-009 10.062
-6.46736e-009 10.0109
-6.26736e-009 9.98678
-6.06736e-009 10.0185
-5.86736e-009 10.1021
-5.66736e-009 10.1732
-5.46736e-009 10.1356
-5.26736e-009 9.99023
-5.06736e-009 9.8687
-4.86736e-009 9.91151
-4.66736e-009 10.0748
-4.46736e-009 10.1446
-4.26736e-009 10.023
-4.06736e-009 9.87388
-3.86736e-009 9.89045
-3.66736e-009 10.023
-3.46736e-009 10.08
-3.26736e-009 10.0082
-3.06736e-009 9.9122
-2.86736e-009 9.90702
-2.66736e-009 9.9816
-2.46736e-009 10.05
-2.26736e-009 10.1225
-2.06736e-009 10.1687
-1.86736e-009 10.0185
-1.66736e-009 9.62494
-1.46736e-009 9.0328
-1.26736e-009 8.15961
-1.06736e-009 6.97084
-8.67358e-010 5.65985
-6.67358e-010 4.44554
-4.67358e-010 3.3752
-2.67358e-010 2.51202
-6.73576e-011 1.97616
1.32642e-010 1.72239
3.32642e-010 1.58428
5.32642e-010 1.43754
7.32642e-010 1.29805
9.32642e-010 1.28804
1.13264e-009 1.40716
1.33264e-009 1.48001
1.53264e-009 1.41786
1.73264e-009 1.29736
1.93264e-009 1.18239
2.13264e-009 1.1085
2.33264e-009 1.08813
2.53264e-009 1.09365
2.73264e-009 1.15511
2.93264e-009 1.26076
3.13264e-009 1.26422
3.33264e-009 1.18515
3.53264e-009 1.18204
3.73264e-009 1.19896
3.93264e-009 1.1924
4.13264e-009 1.26042
4.33264e-009 1.35191
4.53264e-009 1.39162
4.73264e-009 1.39576
4.93264e-009 1.39645
5.13264e-009 1.45101
5.33264e-009 1.4807
5.53264e-009 1.42753
5.73264e-009 1.44376
5.93264e-009 1.5242
6.13264e-009 1.54423
6.33264e-009 1.52248
6.53264e-009 1.4555
6.73264e-009 1.39749
6.93264e-009 1.44479
7.13264e-009 1.46931
7.33264e-009 1.36055
7.53264e-009 1.22831
7.73264e-009 1.19033
7.93264e-009 1.2435
8.13264e-009 1.30427
8.33264e-009 1.29391
8.53264e-009 1.22589
8.73264e-009 1.18653
8.93264e-009 1.18653
9.13264e-009 1.19861
9.33264e-009 1.22347
9.53264e-009 1.21657
9.73264e-009 1.21657
9.93264e-009 1.31808
1.01326e-008 1.42925
1.03326e-008 1.40888
1.05326e-008 1.30979
1.07326e-008 1.2542
1.09326e-008 1.23728
1.11326e-008 1.20517
1.13326e-008 1.15476
1.15326e-008 1.1375
1.17326e-008 1.1817
1.19326e-008 1.23452
1.21326e-008 1.25766
1.23326e-008 1.23728
1.25326e-008 1.15787
1.27326e-008 1.08398
1.29326e-008 1.11955
1.31326e-008 1.2107
1.33326e-008 1.17237
1.35326e-008 1.01804
1.37326e-008 0.992488
1.39326e-008 1.19136
1.41326e-008 1.38437
1.43326e-008 1.34501
1.45326e-008 1.16927
1.47326e-008 1.07466
1.49326e-008 1.11575
1.51326e-008 1.20241
1.53326e-008 1.2252
1.55326e-008 1.16996
1.57326e-008 1.11264
1.59326e-008 1.10297
1.61326e-008 1.09676
1.63326e-008 1.05291
1.65326e-008 1.02874
1.67326e-008 1.07984
1.69326e-008 1.18101
1.71326e-008 1.25144
1.73326e-008 1.21829
1.75326e-008 1.14095
1.77326e-008 1.11748
1.79326e-008 1.11506
1.81326e-008 1.08744
1.83326e-008 1.07811
1.85326e-008 1.11748
1.87326e-008 1.1337
1.89326e-008 1.06983
1.91326e-008 1.02149
1.93326e-008 1.0612
1.95326e-008 1.12335
1.97326e-008 1.11782
1.99326e-008 1.08364
2.01326e-008 1.0978
2.03326e-008 1.07121
2.05326e-008 0.979367
2.07326e-008 0.914111
2.09326e-008 0.891669
2.11326e-008 0.948293
2.13326e-008 1.05049
2.15326e-008 1.08606
2.17326e-008 1.08467
2.19326e-008 1.11817
2.21326e-008 1.18584
2.23326e-008 1.25144
2.25326e-008 1.2725
2.27326e-008 1.2252
2.29326e-008 1.13785
2.31326e-008 1.11471
2.33326e-008 1.16996
2.35326e-008 1.18342
2.37326e-008 1.12404
2.39326e-008 1.07811
2.41326e-008 1.10643
2.43326e-008 1.15269
2.45326e-008 1.12438
2.47326e-008 1.05464
2.49326e-008 1.0643
2.51326e-008 1.12507
2.53326e-008 1.12921
2.55326e-008 1.1306
2.57326e-008 1.15338
2.59326e-008 1.10643
2.61326e-008 1.04911
2.63326e-008 1.09089
2.65326e-008 1.16823
2.67326e-008 1.16719
2.69326e-008 1.08537
2.71326e-008 1.03806
2.73326e-008 1.09503
