-2.28367e-008 5.61271
-2.26367e-008 5.61271
-2.24367e-008 5.61271
-2.22367e-008 5.61254
-2.20367e-008 5.61271
-2.18367e-008 5.61271
-2.16367e-008 5.61271
-2.14367e-008 5.61271
-2.12367e-008 5.61271
-2.10367e-008 5.61271
-2.08367e-008 5.61271
-2.06367e-008 5.61271
-2.04367e-008 5.61271
-2.02367e-008 5.61271
-2.00367e-008 5.61271
-1.98367e-008 5.61271
-1.96367e-008 5.61271
-1.94367e-008 5.61271
-1.92367e-008 5.61271
-1.90367e-008 5.61271
-1.88367e-008 5.61271
-1.86367e-008 5.61271
-1.84367e-008 5.61271
-1.82367e-008 5.61271
-1.80367e-008 5.61271
-1.78367e-008 5.61271
-1.76367e-008 5.61271
-1.74367e-008 5.61271
-1.72367e-008 5.61271
-1.70367e-008 5.61271
-1.68367e-008 5.61271
-1.66367e-008 5.61271
-1.64367e-008 5.61271
-1.62367e-008 5.61271
-1.60367e-008 5.61271
-1.58367e-008 5.61271
-1.56367e-008 5.61271
-1.54367e-008 5.61271
-1.52367e-008 5.61271
-1.50367e-008 5.61271
-1.48367e-008 5.61271
-1.46367e-008 5.61271
-1.44367e-008 5.61271
-1.42367e-008 5.61271
-1.40367e-008 5.61271
-1.38367e-008 5.61271
-1.36367e-008 5.61271
-1.34367e-008 5.61271
-1.32367e-008 5.61271
-1.30367e-008 5.61271
-1.28367e-008 5.61271
-1.26367e-008 5.61271
-1.24367e-008 5.61271
-1.22367e-008 5.61271
-1.20367e-008 5.61271
-1.18367e-008 5.61271
-1.16367e-008 5.61271
-1.14367e-008 5.61271
-1.12367e-008 5.61271
-1.10367e-008 5.61271
-1.08367e-008 5.61271
-1.06367e-008 5.61271
-1.04367e-008 5.61271
-1.02367e-008 5.61271
-1.00367e-008 5.61271
-9.83668e-009 5.61271
-9.63668e-009 5.61271
-9.43668e-009 5.61271
-9.23668e-009 5.61271
-9.03668e-009 5.61271
-8.83668e-009 5.61271
-8.63668e-009 5.61271
-8.43668e-009 5.61271
-8.23668e-009 5.61271
-8.03668e-009 5.61271
-7.83668e-009 5.61271
-7.63668e-009 5.61271
-7.43668e-009 5.61271
-7.23668e-009 5.61271
-7.03668e-009 5.61271
-6.83668e-009 5.61271
-6.63668e-009 5.61271
-6.43668e-009 5.61271
-6.23668e-009 5.61271
-6.03668e-009 5.61271
-5.83668e-009 5.61271
-5.63668e-009 5.61271
-5.43668e-009 5.61271
-5.23668e-009 5.61271
-5.03668e-009 5.61271
-4.83668e-009 5.61271
-4.63668e-009 5.61271
-4.43668e-009 5.61271
-4.23668e-009 5.61271
-4.03668e-009 5.61271
-3.83668e-009 5.61271
-3.63668e-009 5.61271
-3.43668e-009 5.61271
-3.23668e-009 5.61271
-3.03668e-009 5.61271
-2.83668e-009 5.61271
-2.63668e-009 5.61271
-2.43668e-009 5.61271
-2.23668e-009 5.61271
-2.03668e-009 5.61271
-1.83668e-009 5.61271
-1.63668e-009 5.61271
-1.43668e-009 5.61271
-1.23668e-009 5.61271
-1.03668e-009 5.59096
-8.36679e-010 5.39796
-6.36679e-010 4.80495
-4.36679e-010 3.86806
-2.36679e-010 2.95292
-3.66791e-011 2.30502
1.63321e-010 1.92126
3.63321e-010 1.71755
5.63321e-010 1.6081
7.63321e-010 1.52316
9.63321e-010 1.45635
1.16332e-009 1.43339
1.36332e-009 1.44168
1.56332e-009 1.46723
1.76332e-009 1.51038
1.96332e-009 1.55441
2.16332e-009 1.5765
2.36332e-009 1.58047
2.56332e-009 1.5696
2.76332e-009 1.53248
2.96332e-009 1.52368
3.16332e-009 1.57754
3.36332e-009 1.59808
3.56332e-009 1.56891
3.76332e-009 1.58583
3.96332e-009 1.62467
4.16332e-009 1.60378
4.36332e-009 1.55579
4.56332e-009 1.56425
4.76332e-009 1.6169
4.96332e-009 1.63589
5.16332e-009 1.62899
5.36332e-009 1.65954
5.56332e-009 1.72773
5.76332e-009 1.78902
5.96332e-009 1.82441
6.16332e-009 1.81647
6.36332e-009 1.75915
6.56332e-009 1.73792
6.76332e-009 1.80576
6.96332e-009 1.85704
7.16332e-009 1.80559
7.36332e-009 1.71686
7.56332e-009 1.69562
7.76332e-009 1.75173
7.96332e-009 1.78142
8.16332e-009 1.72152
8.36332e-009 1.66455
8.56332e-009 1.67853
8.76332e-009 1.69131
8.96332e-009 1.67249
9.16332e-009 1.65626
9.36332e-009 1.64711
9.56332e-009 1.64366
9.76332e-009 1.65091
9.96332e-009 1.69787
1.01633e-008 1.77141
1.03633e-008 1.77987
1.05633e-008 1.7084
1.07633e-008 1.64487
1.09633e-008 1.64366
1.11633e-008 1.6642
1.13633e-008 1.64798
1.15633e-008 1.60741
1.17633e-008 1.58375
1.19633e-008 1.61155
1.21633e-008 1.68302
1.23633e-008 1.70771
1.25633e-008 1.65851
1.27633e-008 1.60188
1.29633e-008 1.57391
1.31633e-008 1.58876
1.33633e-008 1.61863
1.35633e-008 1.60085
1.37633e-008 1.5406
1.39633e-008 1.50003
1.41633e-008 1.51833
1.43633e-008 1.57012
1.45633e-008 1.60188
1.47633e-008 1.60551
1.49633e-008 1.61863
1.51633e-008 1.65005
1.53633e-008 1.66179
1.55633e-008 1.64383
1.57633e-008 1.61811
1.59633e-008 1.58876
1.61633e-008 1.57668
1.63633e-008 1.59308
1.65633e-008 1.59152
1.67633e-008 1.56269
1.69633e-008 1.54836
1.71633e-008 1.53214
1.73633e-008 1.4926
1.75633e-008 1.47344
1.77633e-008 1.49709
1.79633e-008 1.53283
1.81633e-008 1.54681
1.83633e-008 1.52299
1.85633e-008 1.4781
1.87633e-008 1.47724
1.89633e-008 1.54698
1.91633e-008 1.61915
1.93633e-008 1.65678
1.95633e-008 1.62933
1.97633e-008 1.52126
1.99633e-008 1.46239
2.01633e-008 1.5078
2.03633e-008 1.55251
2.05633e-008 1.5494
2.07633e-008 1.52799
2.09633e-008 1.51781
2.11633e-008 1.50555
2.13633e-008 1.48794
2.15633e-008 1.5242
2.17633e-008 1.59187
2.19633e-008 1.60689
2.21633e-008 1.59411
2.23633e-008 1.59722
2.25633e-008 1.59808
2.27633e-008 1.5967
2.29633e-008 1.60154
2.31633e-008 1.58186
2.33633e-008 1.53507
2.35633e-008 1.51539
2.37633e-008 1.54129
2.39633e-008 1.56684
2.41633e-008 1.54923
2.43633e-008 1.51297
2.45633e-008 1.52385
2.47633e-008 1.5677
2.49633e-008 1.55579
2.51633e-008 1.50883
2.53633e-008 1.50918
2.55633e-008 1.50987
2.57633e-008 1.47016
2.59633e-008 1.4617
2.61633e-008 1.48967
2.63633e-008 1.52299
2.65633e-008 1.58393
2.67633e-008 1.63192
2.69633e-008 1.61638
2.71633e-008 1.58462
2.73633e-008 1.5753
