-2.481446e-007 10.1484
-2.479446e-007 10.1912
-2.477446e-007 10.2174
-2.475446e-007 10.1553
-2.473446e-007 10.0821
-2.471446e-007 10.0582
-2.469446e-007 10.0531
-2.467446e-007 10.0248
-2.465446e-007 9.95087
-2.463446e-007 9.91358
-2.461446e-007 9.9923
-2.459446e-007 10.0634
-2.457446e-007 10.0362
-2.455446e-007 9.97055
-2.453446e-007 9.91669
-2.451446e-007 9.91013
-2.449446e-007 9.94707
-2.447446e-007 9.97159
-2.445446e-007 9.99886
-2.443446e-007 10.1097
-2.441446e-007 10.2589
-2.439446e-007 10.2709
-2.437446e-007 10.1152
-2.435446e-007 9.97435
-2.433446e-007 9.96123
-2.431446e-007 10.0137
-2.429446e-007 10.0541
-2.427446e-007 10.0703
-2.425446e-007 10.0738
-2.423446e-007 10.0486
-2.421446e-007 10.0282
-2.419446e-007 10.0524
-2.417446e-007 10.0672
-2.415446e-007 10.041
-2.413446e-007 9.99472
-2.411446e-007 9.95605
-2.409446e-007 9.93671
-2.407446e-007 9.89908
-2.405446e-007 9.82657
-2.403446e-007 9.81449
-2.401446e-007 9.94466
-2.399446e-007 10.1007
-2.397446e-007 10.1504
-2.395446e-007 10.1477
-2.393446e-007 10.1225
-2.391446e-007 10.0292
-2.389446e-007 9.94086
-2.387446e-007 9.92152
-2.385446e-007 9.94431
-2.383446e-007 9.97815
-2.381446e-007 9.94811
-2.379446e-007 9.86076
-2.377446e-007 9.83175
-2.375446e-007 9.84142
-2.373446e-007 9.85281
-2.371446e-007 9.92843
-2.369446e-007 10.0054
-2.367446e-007 10.0265
-2.365446e-007 10.0517
-2.363446e-007 10.0116
-2.361446e-007 9.88009
-2.359446e-007 9.8504
-2.357446e-007 9.96296
-2.355446e-007 10.0413
-2.353446e-007 10.0372
-2.351446e-007 10.0327
-2.349446e-007 10.0351
-2.347446e-007 10.0158
-2.345446e-007 9.96434
-2.343446e-007 9.89908
-2.341446e-007 9.91669
-2.339446e-007 10.021
-2.337446e-007 10.1031
-2.335446e-007 10.1049
-2.333446e-007 10.0134
-2.331446e-007 9.96226
-2.329446e-007 10.0759
-2.327446e-007 10.1746
-2.325446e-007 10.1328
-2.323446e-007 10.1297
-2.321446e-007 10.2233
-2.319446e-007 10.2447
-2.317446e-007 10.1522
-2.315446e-007 10.061
-2.313446e-007 10.0313
-2.311446e-007 10.0731
-2.309446e-007 10.1608
-2.307446e-007 10.1967
-2.305446e-007 10.1567
-2.303446e-007 10.0779
-2.301446e-007 9.99023
-2.299446e-007 10.0092
-2.297446e-007 10.1107
-2.295446e-007 10.1035
-2.293446e-007 10.0099
-2.291446e-007 9.93982
-2.289446e-007 9.88423
-2.287446e-007 9.88734
-2.285446e-007 9.98298
-2.283446e-007 10.0893
-2.281446e-007 10.1567
-2.279446e-007 10.1335
-2.277446e-007 10.0279
-2.275446e-007 10.0348
-2.273446e-007 10.1622
-2.271446e-007 10.1784
-2.269446e-007 10.0507
-2.267446e-007 9.91738
-2.265446e-007 9.88561
-2.263446e-007 9.97366
-2.261446e-007 10.0223
-2.259446e-007 9.94051
-2.257446e-007 9.89735
-2.255446e-007 9.97918
-2.253446e-007 10.0645
-2.251446e-007 10.0845
-2.249446e-007 10.0627
-2.247446e-007 9.9854
-2.245446e-007 9.90184
-2.243446e-007 9.91116
-2.241446e-007 9.95363
-2.239446e-007 9.96192
-2.237446e-007 9.98229
-2.235446e-007 9.99886
-2.233446e-007 9.99714
-2.231446e-007 10.0023
-2.229446e-007 9.98333
-2.227446e-007 9.97469
-2.225446e-007 10.0116
-2.223446e-007 10.0379
-2.221446e-007 10.0548
-2.219446e-007 10.0634
-2.217446e-007 10.0172
-2.215446e-007 9.95536
-2.213446e-007 9.92912
-2.211446e-007 9.93015
-2.209446e-007 9.96019
-2.207446e-007 10.0016
-2.205446e-007 10.0161
-2.203446e-007 9.9961
-2.201446e-007 9.97435
-2.199446e-007 10.0289
-2.197446e-007 10.1642
-2.195446e-007 10.2233
-2.193446e-007 10.1197
-2.191446e-007 9.97953
-2.189446e-007 9.89425
-2.187446e-007 9.84729
-2.185446e-007 9.8794
-2.183446e-007 9.98125
-2.181446e-007 10.0469
-2.179446e-007 10.0444
-2.177446e-007 10.0227
-2.175446e-007 10.0728
-2.173446e-007 10.1853
-2.171446e-007 10.205
-2.169446e-007 10.129
-2.167446e-007 10.099
-2.165446e-007 10.128
-2.163446e-007 10.1463
-2.161446e-007 10.1415
-2.159446e-007 10.1339
-2.157446e-007 10.1446
-2.155446e-007 10.1725
-2.153446e-007 10.1456
-2.151446e-007 10.0389
-2.149446e-007 9.99092
-2.147446e-007 10.0669
-2.145446e-007 10.1401
-2.143446e-007 10.0924
-2.141446e-007 9.95363
-2.139446e-007 9.84902
-2.137446e-007 9.84004
-2.135446e-007 9.88182
-2.133446e-007 9.95053
-2.131446e-007 10.0462
-2.129446e-007 10.0879
-2.127446e-007 10.0261
-2.125446e-007 9.95985
-2.123446e-007 9.97193
-2.121446e-007 10.0089
-2.119446e-007 10.0154
-2.117446e-007 10.0154
-2.115446e-007 10.0469
-2.113446e-007 10.1018
-2.111446e-007 10.1308
-2.109446e-007 10.1004
-2.107446e-007 10.0261
-2.105446e-007 9.92532
-2.103446e-007 9.85143
-2.101446e-007 9.87077
-2.099446e-007 9.92325
-2.097446e-007 9.98643
-2.095446e-007 10.0986
-2.093446e-007 10.1273
-2.091446e-007 9.9999
-2.089446e-007 9.88354
-2.087446e-007 9.88009
-2.085446e-007 9.92808
-2.083446e-007 9.96399
-2.081446e-007 9.99161
-2.079446e-007 10.0548
-2.077446e-007 10.1225
-2.075446e-007 10.1342
-2.073446e-007 10.1377
-2.071446e-007 10.1477
-2.069446e-007 10.0738
-2.067446e-007 9.94673
-2.065446e-007 9.92981
-2.063446e-007 10.0009
-2.061446e-007 10.0058
-2.059446e-007 9.96986
-2.057446e-007 9.97987
-2.055446e-007 9.98574
-2.053446e-007 9.92843
-2.051446e-007 9.89597
-2.049446e-007 9.98194
-2.047446e-007 10.0873
-2.045446e-007 10.0911
-2.043446e-007 10.0569
-2.041446e-007 10.0579
-2.039446e-007 10.06
-2.037446e-007 10.0482
-2.035446e-007 10.0437
-2.033446e-007 10.0462
-2.031446e-007 10.0486
-2.029446e-007 10.0482
-2.027446e-007 10.0472
-2.025446e-007 10.0365
-2.023446e-007 10.0002
-2.021446e-007 9.98056
-2.019446e-007 10.0306
-2.017446e-007 10.0427
-2.015446e-007 9.8756
-2.013446e-007 9.74923
-2.011446e-007 9.9526
-2.009446e-007 10.1725
-2.007446e-007 10.0831
-2.005446e-007 9.96744
-2.003446e-007 10.0327
-2.001446e-007 10.1601
-1.999446e-007 10.253
-1.997446e-007 10.2295
-1.995446e-007 10.1266
-1.993446e-007 10.0803
-1.991446e-007 10.0686
-1.989446e-007 10.0455
-1.987446e-007 10.062
-1.985446e-007 10.0759
-1.983446e-007 10.041
-1.981446e-007 10.0465
-1.979446e-007 10.1049
-1.977446e-007 10.1111
-1.975446e-007 10.0596
-1.973446e-007 9.98678
-1.971446e-007 9.89321
-1.969446e-007 9.86421
-1.967446e-007 9.94017
-1.965446e-007 10.0507
-1.963446e-007 10.1801
-1.961446e-007 10.3068
-1.959446e-007 10.3072
-1.957446e-007 10.1449
-1.955446e-007 9.99507
-1.953446e-007 9.99127
-1.951446e-007 10.0179
-1.949446e-007 9.99058
-1.947446e-007 10.0151
-1.945446e-007 10.0669
-1.943446e-007 10.0641
-1.941446e-007 10.0669
-1.939446e-007 10.0707
-1.937446e-007 10.0161
-1.935446e-007 9.96365
-1.933446e-007 9.97608
-1.931446e-007 9.99783
-1.929446e-007 9.97746
-1.927446e-007 9.94086
-1.925446e-007 9.92567
-1.923446e-007 9.96572
-1.921446e-007 10.0275
-1.919446e-007 10.023
-1.917446e-007 9.9892
-1.915446e-007 10.0137
-1.913446e-007 10.0672
-1.911446e-007 10.1194
-1.909446e-007 10.1839
-1.907446e-007 10.2002
-1.905446e-007 10.129
-1.903446e-007 10.09
-1.901446e-007 10.1138
-1.899446e-007 10.0904
-1.897446e-007 10.0179
-1.895446e-007 9.90391
-1.893446e-007 9.781
-1.891446e-007 9.81069
-1.889446e-007 9.98194
-1.887446e-007 10.1135
-1.885446e-007 10.1411
-1.883446e-007 10.1083
-1.881446e-007 10.0693
-1.879446e-007 10.0251
-1.877446e-007 9.97918
-1.875446e-007 10.0002
-1.873446e-007 10.0772
-1.871446e-007 10.0728
-1.869446e-007 9.94569
-1.867446e-007 9.81863
-1.865446e-007 9.74474
-1.863446e-007 9.71781
-1.861446e-007 9.76408
-1.859446e-007 9.87491
-1.857446e-007 10.0151
-1.855446e-007 10.0904
-1.853446e-007 10.0576
-1.851446e-007 10.0344
-1.849446e-007 10.0734
-1.847446e-007 10.1052
-1.845446e-007 10.1121
-1.843446e-007 10.1152
-1.841446e-007 10.1038
-1.839446e-007 10.099
-1.837446e-007 10.1232
-1.835446e-007 10.1549
-1.833446e-007 10.1895
-1.831446e-007 10.2015
-1.829446e-007 10.1615
-1.827446e-007 10.1442
-1.825446e-007 10.1535
-1.823446e-007 10.0852
-1.821446e-007 10.0141
-1.819446e-007 10.0258
-1.817446e-007 9.99886
-1.815446e-007 9.90668
-1.813446e-007 9.89597
-1.811446e-007 9.97953
-1.809446e-007 10.0531
-1.807446e-007 10.1349
-1.805446e-007 10.2043
-1.803446e-007 10.1245
-1.801446e-007 9.99783
-1.799446e-007 10.0071
-1.797446e-007 10.0434
-1.795446e-007 9.98298
-1.793446e-007 9.91634
-1.791446e-007 9.94949
-1.789446e-007 10.0375
-1.787446e-007 10.0538
-1.785446e-007 9.974
-1.783446e-007 9.88872
-1.781446e-007 9.84522
-1.779446e-007 9.83693
-1.777446e-007 9.89079
-1.775446e-007 9.95467
-1.773446e-007 9.91324
-1.771446e-007 9.86628
-1.769446e-007 9.95467
-1.767446e-007 10.0662
-1.765446e-007 10.0603
-1.763446e-007 9.98747
-1.761446e-007 10.0009
-1.759446e-007 10.119
-1.757446e-007 10.1636
-1.755446e-007 10.071
-1.753446e-007 10.0482
-1.751446e-007 10.1739
-1.749446e-007 10.2554
-1.747446e-007 10.1715
-1.745446e-007 10.0078
-1.743446e-007 9.92981
-1.741446e-007 9.9709
-1.739446e-007 10.0299
-1.737446e-007 10.0658
-1.735446e-007 10.0579
-1.733446e-007 10.0002
-1.731446e-007 9.99541
-1.729446e-007 10.0472
-1.727446e-007 10.0648
-1.725446e-007 10.0848
-1.723446e-007 10.1087
-1.721446e-007 10.0555
-1.719446e-007 9.99645
-1.717446e-007 10.0507
-1.715446e-007 10.1111
-1.713446e-007 10.0776
-1.711446e-007 10.0676
-1.709446e-007 10.0672
-1.707446e-007 9.94983
-1.705446e-007 9.83279
-1.703446e-007 9.84591
-1.701446e-007 9.93326
-1.699446e-007 10.0527
-1.697446e-007 10.1173
-1.695446e-007 10.0551
-1.693446e-007 9.9923
-1.691446e-007 10.0607
-1.689446e-007 10.2033
-1.687446e-007 10.2368
-1.685446e-007 10.1111
-1.683446e-007 9.97262
-1.681446e-007 9.95018
-1.679446e-007 10.0431
-1.677446e-007 10.1339
-1.675446e-007 10.0976
-1.673446e-007 9.94604
-1.671446e-007 9.83348
-1.669446e-007 9.90322
-1.667446e-007 10.0507
-1.665446e-007 10.0835
-1.663446e-007 10.0541
-1.661446e-007 10.0586
-1.659446e-007 10.0828
-1.657446e-007 10.1432
-1.655446e-007 10.1881
-1.653446e-007 10.1059
-1.651446e-007 9.97608
-1.649446e-007 9.95156
-1.647446e-007 10.0313
-1.645446e-007 10.1294
-1.643446e-007 10.166
-1.641446e-007 10.1891
-1.639446e-007 10.263
-1.637446e-007 10.2706
-1.635446e-007 10.1377
-1.633446e-007 9.98264
-1.631446e-007 9.9122
-1.629446e-007 9.90737
-1.627446e-007 9.94845
-1.625446e-007 10.0165
-1.623446e-007 10.0358
-1.621446e-007 10.0189
-1.619446e-007 10.0082
-1.617446e-007 9.98954
-1.615446e-007 9.99714
-1.613446e-007 10.0282
-1.611446e-007 10.003
-1.609446e-007 9.90668
-1.607446e-007 9.86179
-1.605446e-007 9.96779
-1.603446e-007 10.0724
-1.601446e-007 10.0355
-1.599446e-007 9.98816
-1.597446e-007 9.99955
-1.595446e-007 10.0085
-1.593446e-007 10.0496
-1.591446e-007 10.0938
-1.589446e-007 10.0179
-1.587446e-007 9.90046
-1.585446e-007 9.92187
-1.583446e-007 10.0241
-1.581446e-007 10.0807
-1.579446e-007 10.1508
-1.577446e-007 10.2229
-1.575446e-007 10.1152
-1.573446e-007 9.86835
-1.571446e-007 9.78134
-1.569446e-007 9.91393
-1.567446e-007 10.0493
-1.565446e-007 10.0665
-1.563446e-007 10.0382
-1.561446e-007 10.0482
-1.559446e-007 10.0517
-1.557446e-007 10.0375
-1.555446e-007 10.0645
-1.553446e-007 10.1007
-1.551446e-007 10.1031
-1.549446e-007 10.0807
-1.547446e-007 10.0403
-1.545446e-007 10.002
-1.543446e-007 9.99196
-1.541446e-007 9.99023
-1.539446e-007 9.98125
-1.537446e-007 10.022
-1.535446e-007 10.0938
-1.533446e-007 10.0817
-1.531446e-007 10.0306
-1.529446e-007 10.0634
-1.527446e-007 10.1149
-1.525446e-007 10.0755
-1.523446e-007 10.0223
-1.521446e-007 10.0745
-1.519446e-007 10.1653
-1.517446e-007 10.1756
-1.515446e-007 10.148
-1.513446e-007 10.1266
-1.511446e-007 10.0859
-1.509446e-007 10.0897
-1.507446e-007 10.1487
-1.505446e-007 10.1228
-1.503446e-007 9.99437
-1.501446e-007 9.95053
-1.499446e-007 10.0686
-1.497446e-007 10.1649
-1.495446e-007 10.0772
-1.493446e-007 9.92843
-1.491446e-007 9.9122
-1.489446e-007 10.0016
-1.487446e-007 10.0772
-1.485446e-007 10.081
-1.483446e-007 10.0141
-1.481446e-007 9.97021
-1.479446e-007 10.0123
-1.477446e-007 10.0734
-1.475446e-007 10.0669
-1.473446e-007 9.9892
-1.471446e-007 9.96675
-1.469446e-007 10.0524
-1.467446e-007 10.1314
-1.465446e-007 10.1377
-1.463446e-007 10.081
-1.461446e-007 9.9961
-1.459446e-007 9.91151
-1.457446e-007 9.83486
-1.455446e-007 9.81483
-1.453446e-007 9.84418
-1.451446e-007 9.83728
-1.449446e-007 9.81242
-1.447446e-007 9.86214
-1.445446e-007 9.93154
-1.443446e-007 9.93671
-1.441446e-007 9.95847
-1.439446e-007 10.0206
-1.437446e-007 10.0455
-1.435446e-007 10.0427
-1.433446e-007 10.0569
-1.431446e-007 10.0959
-1.429446e-007 10.1152
-1.427446e-007 10.0755
-1.425446e-007 10.0341
-1.423446e-007 10.013
-1.421446e-007 9.99783
-1.419446e-007 10.0206
-1.417446e-007 10.0227
-1.415446e-007 9.92705
-1.413446e-007 9.83969
-1.411446e-007 9.90978
-1.409446e-007 10.0717
-1.407446e-007 10.1321
-1.405446e-007 10.0634
-1.403446e-007 9.97918
-1.401446e-007 9.95536
-1.399446e-007 9.98643
-1.397446e-007 10.0144
-1.395446e-007 10.0334
-1.393446e-007 10.0527
-1.391446e-007 9.99886
-1.389446e-007 9.9084
-1.387446e-007 9.93015
-1.385446e-007 10.0344
-1.383446e-007 10.0703
-1.381446e-007 10.002
-1.379446e-007 9.89217
-1.377446e-007 9.82588
-1.375446e-007 9.88423
-1.373446e-007 10.0344
-1.371446e-007 10.139
-1.369446e-007 10.177
-1.367446e-007 10.2219
-1.365446e-007 10.2599
-1.363446e-007 10.214
-1.361446e-007 10.0986
-1.359446e-007 10.0441
-1.357446e-007 10.0983
-1.355446e-007 10.1225
-1.353446e-007 10.0437
-1.351446e-007 10.0096
-1.349446e-007 10.0928
-1.347446e-007 10.1422
-1.345446e-007 10.0845
-1.343446e-007 10.0054
-1.341446e-007 9.96813
-1.339446e-007 10.0147
-1.337446e-007 10.1076
-1.335446e-007 10.1214
-1.333446e-007 10.05
-1.331446e-007 9.94707
-1.329446e-007 9.85074
-1.327446e-007 9.87457
-1.325446e-007 10.0127
-1.323446e-007 10.1031
-1.321446e-007 10.1066
-1.319446e-007 10.09
-1.317446e-007 10.0862
-1.315446e-007 10.08
-1.313446e-007 10.0679
-1.311446e-007 10.0765
-1.309446e-007 10.0731
-1.307446e-007 10.0355
-1.305446e-007 10.0351
-1.303446e-007 10.081
-1.301446e-007 10.1069
-1.299446e-007 10.0883
-1.297446e-007 10.052
-1.295446e-007 10.0144
-1.293446e-007 9.94845
-1.291446e-007 9.89459
-1.289446e-007 9.90978
-1.287446e-007 9.91082
-1.285446e-007 9.87111
-1.283446e-007 9.8794
-1.281446e-007 9.90771
-1.279446e-007 9.91324
-1.277446e-007 9.9267
-1.275446e-007 9.9412
-1.273446e-007 9.97435
-1.271446e-007 10.0134
-1.269446e-007 10.0047
-1.267446e-007 9.99921
-1.265446e-007 10.0237
-1.263446e-007 10.0337
-1.261446e-007 10.0389
-1.259446e-007 10.0161
-1.257446e-007 9.9412
-1.255446e-007 9.91289
-1.253446e-007 9.92981
-1.251446e-007 9.87802
-1.249446e-007 9.86386
-1.247446e-007 9.99852
-1.245446e-007 10.1356
-1.243446e-007 10.1553
-1.241446e-007 10.0948
-1.239446e-007 10.0493
-1.237446e-007 10.0779
-1.235446e-007 10.1245
-1.233446e-007 10.1176
-1.231446e-007 10.0883
-1.229446e-007 10.0496
-1.227446e-007 10.003
-1.225446e-007 10.0109
-1.223446e-007 10.0296
-1.221446e-007 10.0206
-1.219446e-007 10.0437
-1.217446e-007 10.012
-1.215446e-007 9.8504
-1.213446e-007 9.77409
-1.211446e-007 9.94742
-1.209446e-007 10.1501
-1.207446e-007 10.176
-1.205446e-007 10.0948
-1.203446e-007 10.0203
-1.201446e-007 10.0469
-1.199446e-007 10.1349
-1.197446e-007 10.11
-1.195446e-007 9.99368
-1.193446e-007 9.98712
-1.191446e-007 10.0921
-1.189446e-007 10.0942
-1.187446e-007 9.96917
-1.185446e-007 9.95018
-1.183446e-007 10.0986
-1.181446e-007 10.2181
-1.179446e-007 10.2046
-1.177446e-007 10.0959
-1.175446e-007 9.93602
-1.173446e-007 9.82208
-1.171446e-007 9.84833
-1.169446e-007 9.95916
-1.167446e-007 10.0389
-1.165446e-007 10.0593
-1.163446e-007 9.99748
-1.161446e-007 9.87284
-1.159446e-007 9.88596
-1.157446e-007 10.0755
-1.155446e-007 10.187
-1.153446e-007 10.1239
-1.151446e-007 10.0241
-1.149446e-007 9.99437
-1.147446e-007 10.051
-1.145446e-007 10.1221
-1.143446e-007 10.1031
-1.141446e-007 9.9961
-1.139446e-007 9.90288
-1.137446e-007 9.90909
-1.135446e-007 9.99645
-1.133446e-007 10.0538
-1.131446e-007 10.0203
-1.129446e-007 9.96882
-1.127446e-007 9.96503
-1.125446e-007 9.9923
-1.123446e-007 10.0341
-1.121446e-007 10.0279
-1.119446e-007 9.96744
-1.117446e-007 9.99403
-1.115446e-007 10.1121
-1.113446e-007 10.1632
-1.111446e-007 10.1059
-1.109446e-007 10.0275
-1.107446e-007 10.0013
-1.105446e-007 10.0406
-1.103446e-007 10.0614
-1.101446e-007 9.98781
-1.099446e-007 9.9343
-1.097446e-007 10.0196
-1.095446e-007 10.1318
-1.093446e-007 10.1159
-1.091446e-007 10.0068
-1.089446e-007 9.92394
-1.087446e-007 9.90184
-1.085446e-007 9.91013
-1.083446e-007 9.92912
-1.081446e-007 9.99748
-1.079446e-007 10.1346
-1.077446e-007 10.2447
-1.075446e-007 10.2461
-1.073446e-007 10.167
-1.071446e-007 10.0772
-1.069446e-007 10.0206
-1.067446e-007 9.98747
-1.065446e-007 9.97228
-1.063446e-007 10.0099
-1.061446e-007 10.0382
-1.059446e-007 9.95743
-1.057446e-007 9.87698
-1.055446e-007 9.8901
-1.053446e-007 9.92152
-1.051446e-007 10.0013
-1.049446e-007 10.1159
-1.047446e-007 10.1059
-1.045446e-007 10.0303
-1.043446e-007 10.0227
-1.041446e-007 10.0362
-1.039446e-007 10.0413
-1.037446e-007 10.0486
-1.035446e-007 10.0389
-1.033446e-007 10.0002
-1.031446e-007 9.93637
-1.029446e-007 9.89528
-1.027446e-007 9.92498
-1.025446e-007 9.94811
-1.023446e-007 9.93292
-1.021446e-007 9.95294
-1.019446e-007 9.98816
-1.017446e-007 10.0358
-1.015446e-007 10.0948
-1.013446e-007 10.0334
-1.011446e-007 9.87249
-1.009446e-007 9.81898
-1.007446e-007 9.9122
-1.005446e-007 10.0348
-1.003446e-007 10.1069
-1.001446e-007 10.1339
-9.994464e-008 10.1642
-9.974464e-008 10.1784
-9.954464e-008 10.1401
-9.934464e-008 10.09
-9.914464e-008 10.0655
-9.894464e-008 10.0085
-9.874464e-008 9.887
-9.854464e-008 9.82139
-9.834464e-008 9.85212
-9.814464e-008 9.88285
-9.794464e-008 9.91289
-9.774464e-008 9.94569
-9.754464e-008 9.94707
-9.734464e-008 9.92567
-9.714464e-008 9.89701
-9.694464e-008 9.91669
-9.674464e-008 9.97711
-9.654464e-008 9.98954
-9.634464e-008 9.97262
-9.614464e-008 9.98609
-9.594464e-008 10.0189
-9.574464e-008 10.0358
-9.554464e-008 10.0192
-9.534464e-008 9.99748
-9.514464e-008 9.98574
-9.494464e-008 9.98885
-9.474464e-008 10.0375
-9.454464e-008 10.0852
-9.434464e-008 10.0624
-9.414464e-008 10.0058
-9.394464e-008 9.9854
-9.374464e-008 9.98712
-9.354464e-008 9.96088
-9.334464e-008 9.91772
-9.314464e-008 9.9015
-9.294464e-008 9.93257
-9.274464e-008 10.0134
-9.254464e-008 10.0731
-9.234464e-008 10.0324
-9.214464e-008 9.97746
-9.194464e-008 10.0296
-9.174464e-008 10.1211
-9.154464e-008 10.1318
-9.134464e-008 10.0928
-9.114464e-008 10.0458
-9.094464e-008 9.98954
-9.074464e-008 9.98609
-9.054464e-008 10.0254
-9.034464e-008 10.0168
-9.014464e-008 9.945
-8.994464e-008 9.85903
-8.974464e-008 9.83348
-8.954464e-008 9.90806
-8.934464e-008 10.0061
-8.914464e-008 10.0555
-8.894464e-008 10.0935
-8.874464e-008 10.0703
-8.854464e-008 9.92981
-8.834464e-008 9.89114
-8.814464e-008 10.0589
-8.794464e-008 10.1922
-8.774464e-008 10.1646
-8.754464e-008 10.0683
-8.734464e-008 10.0058
-8.714464e-008 10.0075
-8.694464e-008 10.0279
-8.674464e-008 10.0648
-8.654464e-008 10.0814
-8.634464e-008 10.0085
-8.614464e-008 9.97884
-8.594464e-008 10.0717
-8.574464e-008 10.1125
-8.554464e-008 10.0479
-8.534464e-008 10.0141
-8.514464e-008 10.0161
-8.494464e-008 9.98367
-8.474464e-008 9.9595
-8.454464e-008 9.974
-8.434464e-008 9.99783
-8.414464e-008 10.0434
-8.394464e-008 10.0728
-8.374464e-008 10.0344
-8.354464e-008 9.98989
-8.334464e-008 9.98954
-8.314464e-008 10.0261
-8.294464e-008 10.0814
-8.274464e-008 10.0652
-8.254464e-008 9.94258
-8.234464e-008 9.85316
-8.214464e-008 9.86662
-8.194464e-008 9.89977
-8.174464e-008 9.94707
-8.154464e-008 10.0172
-8.134464e-008 10.0472
-8.114464e-008 10.0334
-8.094464e-008 9.97642
-8.074464e-008 9.8756
-8.054464e-008 9.81725
-8.034464e-008 9.8649
-8.014464e-008 9.94293
-7.994464e-008 9.97262
-7.974464e-008 9.97746
-7.954464e-008 9.9709
-7.934464e-008 9.97884
-7.914464e-008 10.0275
-7.894464e-008 10.0741
-7.874464e-008 10.0835
-7.854464e-008 10.0279
-7.834464e-008 9.9412
-7.814464e-008 9.94293
-7.794464e-008 10.0275
-7.774464e-008 10.0645
-7.754464e-008 10.0248
-7.734464e-008 10.022
-7.714464e-008 10.0803
-7.694464e-008 10.0676
-7.674464e-008 9.98712
-7.654464e-008 9.97677
-7.634464e-008 10.0348
-7.614464e-008 10.0451
-7.594464e-008 9.97262
-7.574464e-008 9.90219
-7.554464e-008 9.89356
-7.534464e-008 9.93602
-7.514464e-008 9.98402
-7.494464e-008 9.98505
-7.474464e-008 9.99092
-7.454464e-008 10.0486
-7.434464e-008 10.0558
-7.414464e-008 9.98264
-7.394464e-008 9.93499
-7.374464e-008 9.94535
-7.354464e-008 9.99679
-7.334464e-008 10.0527
-7.314464e-008 10.032
-7.294464e-008 10.0386
-7.274464e-008 10.2029
-7.254464e-008 10.3003
-7.234464e-008 10.1653
-7.214464e-008 9.99023
-7.194464e-008 9.92739
-7.174464e-008 9.96537
-7.154464e-008 10.0175
-7.134464e-008 9.98678
-7.114464e-008 9.92601
-7.094464e-008 9.92843
-7.074464e-008 9.96157
-7.054464e-008 10.0137
-7.034464e-008 10.1287
-7.014464e-008 10.205
-6.994464e-008 10.1366
-6.974464e-008 10.0127
-6.954464e-008 9.92083
-6.934464e-008 9.87767
-6.914464e-008 9.91393
-6.894464e-008 10.0158
-6.874464e-008 10.1018
-6.854464e-008 10.1062
-6.834464e-008 10.0362
-6.814464e-008 9.98022
-6.794464e-008 10.052
-6.774464e-008 10.1933
-6.754464e-008 10.2033
-6.734464e-008 10.0593
-6.714464e-008 9.9015
-6.694464e-008 9.82312
-6.674464e-008 9.86006
-6.654464e-008 9.93982
-6.634464e-008 9.95156
-6.614464e-008 9.91669
-6.594464e-008 9.90288
-6.574464e-008 9.92221
-6.554464e-008 9.96537
-6.534464e-008 9.98402
-6.514464e-008 9.93154
-6.494464e-008 9.88631
-6.474464e-008 9.9229
-6.454464e-008 9.97228
-6.434464e-008 9.97469
-6.414464e-008 9.92567
-6.394464e-008 9.85523
-6.374464e-008 9.85972
-6.354464e-008 9.91807
-6.334464e-008 9.92325
-6.314464e-008 9.91496
-6.294464e-008 9.93395
-6.274464e-008 9.94362
-6.254464e-008 9.93982
-6.234464e-008 9.90288
-6.214464e-008 9.85903
-6.194464e-008 9.87905
-6.174464e-008 9.91151
-6.154464e-008 9.92498
-6.134464e-008 9.97297
-6.114464e-008 9.99679
-6.094464e-008 9.96606
-6.074464e-008 9.98091
-6.054464e-008 10.0089
-6.034464e-008 9.95778
-6.014464e-008 9.9084
-5.994464e-008 9.95467
-5.974464e-008 10.0634
-5.954464e-008 10.137
-5.934464e-008 10.157
-5.914464e-008 10.1732
-5.894464e-008 10.1194
-5.874464e-008 9.98643
-5.854464e-008 9.91703
-5.834464e-008 9.95053
-5.814464e-008 9.97262
-5.794464e-008 9.91082
-5.774464e-008 9.88285
-5.754464e-008 9.93982
-5.734464e-008 9.97884
-5.714464e-008 10.0034
-5.694464e-008 10.032
-5.674464e-008 10.0344
-5.654464e-008 10.0472
-5.634464e-008 10.0955
-5.614464e-008 10.1618
-5.594464e-008 10.2333
-5.574464e-008 10.2243
-5.554464e-008 10.0883
-5.534464e-008 9.98125
-5.514464e-008 9.98264
-5.494464e-008 9.97435
-5.474464e-008 9.93464
-5.454464e-008 9.94604
-5.434464e-008 9.99679
-5.414464e-008 10.0306
-5.394464e-008 10.0569
-5.374464e-008 10.0879
-5.354464e-008 10.1011
-5.334464e-008 10.0952
-5.314464e-008 10.1004
-5.294464e-008 10.1156
-5.274464e-008 10.0862
-5.254464e-008 10.0379
-5.234464e-008 10.0541
-5.214464e-008 10.0655
-5.194464e-008 9.99645
-5.174464e-008 9.95812
-5.154464e-008 10.0141
-5.134464e-008 10.0669
-5.114464e-008 10.0638
-5.094464e-008 10.023
-5.074464e-008 9.97918
-5.054464e-008 9.98989
-5.034464e-008 10.0299
-5.014464e-008 10.0275
-4.994464e-008 10.0127
-4.974464e-008 10.0313
-4.954464e-008 10.0541
-4.934464e-008 10.0545
-4.914464e-008 10.0254
-4.894464e-008 9.98298
-4.874464e-008 9.96813
-4.854464e-008 9.9229
-4.834464e-008 9.85696
-4.814464e-008 9.9046
-4.794464e-008 9.99817
-4.774464e-008 10.022
-4.754464e-008 10.0192
-4.734464e-008 10.0348
-4.714464e-008 10.0634
-4.694464e-008 10.0241
-4.674464e-008 9.93499
-4.654464e-008 9.974
-4.634464e-008 10.0952
-4.614464e-008 10.1201
-4.594464e-008 10.0966
-4.574464e-008 10.0724
-4.554464e-008 9.97504
-4.534464e-008 9.87318
-4.514464e-008 9.89459
-4.494464e-008 10.0013
-4.474464e-008 10.0817
-4.454464e-008 10.0931
-4.434464e-008 9.99472
-4.414464e-008 9.8283
-4.394464e-008 9.80724
-4.374464e-008 9.95536
-4.354464e-008 10.0638
-4.334464e-008 10.0679
-4.314464e-008 10.013
-4.294464e-008 9.9305
-4.274464e-008 9.91116
-4.254464e-008 9.93292
-4.234464e-008 9.8794
-4.214464e-008 9.85247
-4.194464e-008 9.93948
-4.174464e-008 10.0106
-4.154464e-008 10.0351
-4.134464e-008 10.0641
-4.114464e-008 10.0565
-4.094464e-008 10.0116
-4.074464e-008 9.98885
-4.054464e-008 10.0078
-4.034464e-008 10.0541
-4.014464e-008 10.0841
-3.994464e-008 10.0783
-3.974464e-008 10.1104
-3.954464e-008 10.2008
-3.934464e-008 10.253
-3.914464e-008 10.2174
-3.894464e-008 10.0907
-3.874464e-008 9.93084
-3.854464e-008 9.89873
-3.834464e-008 9.98574
-3.814464e-008 10.0113
-3.794464e-008 9.99817
-3.774464e-008 10.031
-3.754464e-008 10.0258
-3.734464e-008 9.96813
-3.714464e-008 9.91842
-3.694464e-008 9.90046
-3.674464e-008 9.93223
-3.654464e-008 9.94811
-3.634464e-008 9.9305
-3.614464e-008 9.9961
-3.594464e-008 10.1456
-3.574464e-008 10.2274
-3.554464e-008 10.1377
-3.534464e-008 9.95087
-3.514464e-008 9.84522
-3.494464e-008 9.88492
-3.474464e-008 9.96399
-3.454464e-008 10.0168
-3.434464e-008 10.0731
-3.414464e-008 10.0648
-3.394464e-008 9.96675
-3.374464e-008 9.93775
-3.354464e-008 9.9961
-3.334464e-008 10.0016
-3.314464e-008 9.9816
-3.294464e-008 10.0179
-3.274464e-008 10.06
-3.254464e-008 10.0279
-3.234464e-008 9.90426
-3.214464e-008 9.82036
-3.194464e-008 9.90046
-3.174464e-008 10.0096
-3.154464e-008 10.0261
-3.134464e-008 10.0275
-3.114464e-008 10.0254
-3.094464e-008 10.003
-3.074464e-008 10.0286
-3.054464e-008 10.0893
-3.034464e-008 10.1111
-3.014464e-008 10.0755
-2.994464e-008 10.0137
-2.974464e-008 9.99507
-2.954464e-008 10.0099
-2.934464e-008 9.97642
-2.914464e-008 9.95847
-2.894464e-008 10.0634
-2.874464e-008 10.1705
-2.854464e-008 10.1359
-2.834464e-008 10.0555
-2.814464e-008 10.033
-2.794464e-008 10.0317
-2.774464e-008 10.0586
-2.754464e-008 10.1111
-2.734464e-008 10.1197
-2.714464e-008 10.0824
-2.694464e-008 10.0679
-2.674464e-008 10.1207
-2.654464e-008 10.1318
-2.634464e-008 10.0071
-2.614464e-008 9.91807
-2.594464e-008 9.96572
-2.574464e-008 9.98885
-2.554464e-008 9.94397
-2.534464e-008 9.94327
-2.514464e-008 10.0037
-2.494464e-008 10.0779
-2.474464e-008 10.1363
-2.454464e-008 10.0876
-2.434464e-008 9.94293
-2.414464e-008 9.9343
-2.394464e-008 10.0914
-2.374464e-008 10.1988
-2.354464e-008 10.1674
-2.334464e-008 10.0244
-2.314464e-008 9.90253
-2.294464e-008 9.94431
-2.274464e-008 10.0424
-2.254464e-008 10.0786
-2.234464e-008 10.1114
-2.214464e-008 10.1235
-2.194464e-008 10.0734
-2.174464e-008 10.0417
-2.154464e-008 10.0386
-2.134464e-008 10.0037
-2.114464e-008 9.98091
-2.094464e-008 9.98574
-2.074464e-008 10.0165
-2.054464e-008 10.0679
-2.034464e-008 10.0313
-2.014464e-008 9.96813
-1.994464e-008 10.0486
-1.974464e-008 10.1746
-1.954464e-008 10.1539
-1.934464e-008 10.0054
-1.914464e-008 9.91082
-1.894464e-008 9.94293
-1.874464e-008 9.97262
-1.854464e-008 9.95743
-1.834464e-008 9.98574
-1.814464e-008 10.0458
-1.794464e-008 10.0558
-1.774464e-008 10.0272
-1.754464e-008 10.0265
-1.734464e-008 10.0261
-1.714464e-008 9.99265
-1.694464e-008 9.98125
-1.674464e-008 9.98954
-1.654464e-008 9.98436
-1.634464e-008 10.0013
-1.614464e-008 10.0417
-1.594464e-008 10.0496
-1.574464e-008 10.0161
-1.554464e-008 9.9923
-1.534464e-008 10.0071
-1.514464e-008 10.0199
-1.494464e-008 9.97469
-1.474464e-008 9.94397
-1.454464e-008 10.0047
-1.434464e-008 10.079
-1.414464e-008 10.0924
-1.394464e-008 10.0286
-1.374464e-008 9.90564
-1.354464e-008 9.82139
-1.334464e-008 9.87871
-1.314464e-008 10.0344
-1.294464e-008 10.1408
-1.274464e-008 10.1774
-1.254464e-008 10.1998
-1.234464e-008 10.1756
-1.214464e-008 10.0731
-1.194464e-008 9.9381
-1.174464e-008 9.88458
-1.154464e-008 9.97746
-1.134464e-008 10.09
-1.114464e-008 10.0828
-1.094464e-008 10.0092
-1.074464e-008 9.96848
-1.054464e-008 9.95881
-1.034464e-008 9.95743
-1.014464e-008 9.93706
-9.944644e-009 9.9305
-9.744644e-009 10.0227
-9.544644e-009 10.0783
-9.344644e-009 9.97608
-9.144644e-009 9.95639
-8.944644e-009 10.1083
-8.744644e-009 10.1867
-8.544644e-009 10.1031
-8.344644e-009 9.9526
-8.144644e-009 9.84625
-7.944644e-009 9.90529
-7.744644e-009 10.069
-7.544644e-009 10.1332
-7.344644e-009 10.0648
-7.144644e-009 9.99023
-6.944644e-009 9.98056
-6.744644e-009 10.013
-6.544644e-009 10.0693
-6.344644e-009 10.1418
-6.144644e-009 10.1801
-5.944644e-009 10.1252
-5.744644e-009 10.0071
-5.544644e-009 9.93326
-5.344644e-009 9.95985
-5.144644e-009 10.0576
-4.944644e-009 10.1339
-4.744644e-009 10.0817
-4.544644e-009 9.94086
-4.344644e-009 9.91358
-4.144644e-009 10.0413
-3.944644e-009 10.1453
-3.744644e-009 10.1339
-3.544644e-009 10.0634
-3.344644e-009 10.0355
-3.144644e-009 10.0403
-2.944644e-009 9.98471
-2.744644e-009 9.91876
-2.544644e-009 9.94949
-2.344644e-009 10.0368
-2.144644e-009 10.0538
-1.944644e-009 9.95225
-1.744644e-009 9.73957
-1.544644e-009 9.32179
-1.344644e-009 8.54286
-1.144644e-009 7.40519
-9.446437e-010 6.13736
-7.446437e-010 4.9334
-5.446437e-010 3.83095
-3.446437e-010 2.94292
-1.446437e-010 2.37806
5.535626e-011 2.01311
2.553563e-010 1.75933
4.553563e-010 1.65575
6.553563e-010 1.60258
8.553563e-010 1.49382
1.055356e-009 1.38506
1.255356e-009 1.29805
1.455356e-009 1.23901
1.655356e-009 1.24661
1.855356e-009 1.27906
2.055356e-009 1.29633
2.255356e-009 1.26905
2.455356e-009 1.16719
2.655356e-009 1.09883
2.855356e-009 1.19861
3.055356e-009 1.364
3.255356e-009 1.4479
3.455356e-009 1.47414
3.655356e-009 1.41441
3.855356e-009 1.32153
4.055356e-009 1.35537
4.255356e-009 1.38851
4.455356e-009 1.30806
4.655356e-009 1.3129
4.855356e-009 1.37781
5.055356e-009 1.34121
5.255356e-009 1.33776
5.455356e-009 1.37401
5.655356e-009 1.33189
5.855356e-009 1.29322
6.055356e-009 1.27457
6.255356e-009 1.22624
6.455356e-009 1.19343
6.655356e-009 1.17721
6.855356e-009 1.16029
7.055356e-009 1.22485
7.255356e-009 1.33983
7.455356e-009 1.34466
7.655356e-009 1.28459
7.855356e-009 1.2984
8.055356e-009 1.34708
8.255356e-009 1.35709
8.455356e-009 1.34328
8.655356e-009 1.32533
8.855356e-009 1.29184
9.055356e-009 1.25351
9.255356e-009 1.27388
9.455356e-009 1.32636
9.655356e-009 1.23797
9.855356e-009 1.07984
1.005536e-008 1.14613
1.025536e-008 1.34397
1.045536e-008 1.39404
1.065536e-008 1.30841
1.085536e-008 1.19067
1.105536e-008 1.15028
1.125536e-008 1.24177
1.145536e-008 1.29529
1.165536e-008 1.21381
1.185536e-008 1.16892
1.205536e-008 1.2504
1.225536e-008 1.33569
1.245536e-008 1.34501
1.265536e-008 1.2763
1.285536e-008 1.18618
1.305536e-008 1.18066
1.325536e-008 1.23107
1.345536e-008 1.22589
1.365536e-008 1.17272
1.385536e-008 1.13612
1.405536e-008 1.12093
1.425536e-008 1.1489
1.445536e-008 1.19585
1.465536e-008 1.14682
1.485536e-008 1.03737
1.505536e-008 0.986273
1.525536e-008 1.00699
1.545536e-008 1.04013
1.565536e-008 1.0315
1.585536e-008 1.03875
1.605536e-008 1.10021
1.625536e-008 1.14026
1.645536e-008 1.12093
1.665536e-008 1.09089
1.685536e-008 1.09952
1.705536e-008 1.12369
1.725536e-008 1.11713
1.745536e-008 1.07363
1.765536e-008 1.02909
1.785536e-008 1.00733
1.805536e-008 0.982129
1.825536e-008 0.979713
1.845536e-008 1.06396
1.865536e-008 1.15856
1.885536e-008 1.14959
1.905536e-008 1.08191
1.925536e-008 1.05395
1.945536e-008 1.10125
1.965536e-008 1.20207
1.985536e-008 1.24039
2.005536e-008 1.18584
2.025536e-008 1.15615
2.045536e-008 1.13439
2.065536e-008 1.05947
2.085536e-008 1.01907
2.105536e-008 1.05326
2.125536e-008 1.08847
2.145536e-008 1.0978
2.165536e-008 1.11092
2.185536e-008 1.12438
2.205536e-008 1.10263
2.225536e-008 1.02494
2.245536e-008 0.96314
2.265536e-008 1.00181
2.285536e-008 1.0574
2.305536e-008 1.04946
2.325536e-008 1.09296
2.345536e-008 1.2
2.365536e-008 1.21001
2.385536e-008 1.17583
2.405536e-008 1.24005
2.425536e-008 1.28597
2.445536e-008 1.22278
2.465536e-008 1.17548
2.485536e-008 1.18342
2.505536e-008 1.19067
2.525536e-008 1.19965
2.545536e-008 1.20034
2.565536e-008 1.16478
2.585536e-008 1.08709
2.605536e-008 1.00802
2.625536e-008 1.00768
2.645536e-008 1.05567
2.665536e-008 1.05912
2.685536e-008 1.0101
2.705536e-008 0.960723
2.725536e-008 0.994214
2.745536e-008 1.09883
2.765536e-008 1.15373
2.785536e-008 1.16823
2.805536e-008 1.23314
2.825536e-008 1.28459
2.845536e-008 1.25731
2.865536e-008 1.20932
2.885536e-008 1.13888
2.905536e-008 1.07673
2.925536e-008 1.1123
2.945536e-008 1.1665
2.965536e-008 1.1489
2.985536e-008 1.08019
3.005536e-008 0.988344
3.025536e-008 0.948293
3.045536e-008 0.998702
3.065536e-008 1.03841
3.085536e-008 1.01079
3.105536e-008 0.999393
3.125536e-008 1.05015
3.145536e-008 1.08226
3.165536e-008 1.06327
3.185536e-008 1.03599
3.205536e-008 1.01251
3.225536e-008 1.0246
3.245536e-008 1.06914
3.265536e-008 1.1123
3.285536e-008 1.15476
3.305536e-008 1.16616
3.325536e-008 1.12335
3.345536e-008 1.07294
3.365536e-008 1.0498
3.385536e-008 1.04773
3.405536e-008 1.0757
3.425536e-008 1.08537
3.445536e-008 0.991107
3.465536e-008 0.868881
3.485536e-008 0.883037
3.505536e-008 1.01666
3.525536e-008 1.13025
3.545536e-008 1.17548
3.565536e-008 1.16512
3.585536e-008 1.14855
3.605536e-008 1.16996
3.625536e-008 1.18308
3.645536e-008 1.15753
3.665536e-008 1.1009
3.685536e-008 1.02563
3.705536e-008 0.997667
3.725536e-008 1.0681
3.745536e-008 1.15476
3.765536e-008 1.16892
3.785536e-008 1.14475
3.805536e-008 1.11195
3.825536e-008 1.05567
3.845536e-008 0.992488
3.865536e-008 0.979367
3.885536e-008 1.03979
3.905536e-008 1.13957
3.925536e-008 1.21726
3.945536e-008 1.24212
3.965536e-008 1.25835
3.985536e-008 1.26836
4.005536e-008 1.21208
4.025536e-008 1.12438
4.045536e-008 1.10366
4.065536e-008 1.1596
4.085536e-008 1.19447
4.105536e-008 1.14199
4.125536e-008 1.06914
4.145536e-008 1.04255
4.165536e-008 1.02563
4.185536e-008 1.01597
4.205536e-008 1.07259
4.225536e-008 1.14959
4.245536e-008 1.16616
4.265536e-008 1.16754
4.285536e-008 1.19723
4.305536e-008 1.24005
4.325536e-008 1.27699
4.345536e-008 1.25317
4.365536e-008 1.18929
4.385536e-008 1.22071
4.405536e-008 1.33016
4.425536e-008 1.30012
4.445536e-008 1.10919
4.465536e-008 0.981094
4.485536e-008 0.994904
4.505536e-008 1.04013
4.525536e-008 1.0574
4.545536e-008 1.06914
4.565536e-008 1.0902
4.585536e-008 1.1154
4.605536e-008 1.12783
4.625536e-008 1.13439
4.645536e-008 1.12231
4.665536e-008 1.07225
4.685536e-008 1.04877
4.705536e-008 1.08053
4.725536e-008 1.15269
4.745536e-008 1.17652
4.765536e-008 1.0612
4.785536e-008 0.993178
4.805536e-008 1.08882
4.825536e-008 1.17583
4.845536e-008 1.17962
4.865536e-008 1.1413
4.885536e-008 1.11851
4.905536e-008 1.15753
4.925536e-008 1.13439
4.945536e-008 1.02425
4.965536e-008 1.01769
4.985536e-008 1.08744
5.005536e-008 1.09952
5.025536e-008 1.08916
5.045536e-008 1.06154
5.065536e-008 0.990761
5.085536e-008 0.965211
5.105536e-008 1.0574
5.125536e-008 1.16202
5.145536e-008 1.17445
5.165536e-008 1.13267
5.185536e-008 1.07328
5.205536e-008 1.05774
5.225536e-008 1.11609
5.245536e-008 1.14026
5.265536e-008 1.11575
5.285536e-008 1.10021
5.305536e-008 1.0612
5.325536e-008 1.05222
5.345536e-008 1.12852
5.365536e-008 1.18964
5.385536e-008 1.16063
5.405536e-008 1.06568
5.425536e-008 0.990761
5.445536e-008 1.00941
5.465536e-008 1.06189
5.485536e-008 1.07086
5.505536e-008 1.12093
5.525536e-008 1.24557
5.545536e-008 1.27078
5.565536e-008 1.20276
5.585536e-008 1.22865
5.605536e-008 1.27423
5.625536e-008 1.23452
5.645536e-008 1.23797
5.665536e-008 1.29874
5.685536e-008 1.27354
5.705536e-008 1.1665
5.725536e-008 1.12956
5.745536e-008 1.22071
5.765536e-008 1.2839
5.785536e-008 1.21691
5.805536e-008 1.12991
5.825536e-008 1.10436
5.845536e-008 1.12542
5.865536e-008 1.14993
5.885536e-008 1.12818
5.905536e-008 1.05774
5.925536e-008 0.976605
5.945536e-008 0.941042
5.965536e-008 0.98869
5.985536e-008 1.10297
6.005536e-008 1.2
6.025536e-008 1.17168
6.045536e-008 1.0864
6.065536e-008 1.14682
6.085536e-008 1.27423
6.105536e-008 1.19551
6.125536e-008 0.971081
6.145536e-008 0.904444
6.165536e-008 1.02632
6.185536e-008 1.11817
6.205536e-008 1.12507
6.225536e-008 1.1413
6.245536e-008 1.15856
6.265536e-008 1.12576
6.285536e-008 1.08709
6.305536e-008 1.0971
6.325536e-008 1.11368
6.345536e-008 1.09262
6.365536e-008 1.05774
6.385536e-008 1.02115
6.405536e-008 0.998702
6.425536e-008 1.03599
6.445536e-008 1.11057
6.465536e-008 1.13267
6.485536e-008 1.10366
6.505536e-008 1.08778
6.525536e-008 1.09365
6.545536e-008 1.12231
6.565536e-008 1.12956
6.585536e-008 1.06741
6.605536e-008 1.02218
6.625536e-008 1.02978
6.645536e-008 1.01389
6.665536e-008 0.982475
6.685536e-008 0.977641
6.705536e-008 1.00872
6.725536e-008 1.06396
6.745536e-008 1.08226
6.765536e-008 1.05878
6.785536e-008 1.08916
6.805536e-008 1.2069
6.825536e-008 1.3015
6.845536e-008 1.28113
6.865536e-008 1.2107
6.885536e-008 1.17514
6.905536e-008 1.15511
6.925536e-008 1.10436
6.945536e-008 1.04946
6.965536e-008 1.04808
6.985536e-008 1.07708
7.005536e-008 1.09676
7.025536e-008 1.09296
7.045536e-008 1.06361
7.065536e-008 1.07708
7.085536e-008 1.12507
7.105536e-008 1.11402
7.125536e-008 1.09296
7.145536e-008 1.13508
7.165536e-008 1.21139
7.185536e-008 1.29805
7.205536e-008 1.32326
7.225536e-008 1.24833
7.245536e-008 1.19413
7.265536e-008 1.2145
7.285536e-008 1.22796
7.305536e-008 1.20172
7.325536e-008 1.13405
7.345536e-008 1.06603
7.365536e-008 1.08813
7.385536e-008 1.12956
7.405536e-008 1.07881
7.425536e-008 1.01424
7.445536e-008 1.01182
7.465536e-008 1.05464
7.485536e-008 1.1009
7.505536e-008 1.10125
7.525536e-008 1.09676
7.545536e-008 1.12921
7.565536e-008 1.14233
7.585536e-008 1.14544
7.605536e-008 1.16478
7.625536e-008 1.12714
7.645536e-008 1.05256
7.665536e-008 1.06292
7.685536e-008 1.13612
7.705536e-008 1.1337
7.725536e-008 1.07363
7.745536e-008 1.06707
7.765536e-008 1.0757
7.785536e-008 1.0681
7.805536e-008 1.08398
7.825536e-008 1.10332
7.845536e-008 1.14786
7.865536e-008 1.2328
7.885536e-008 1.2687
7.905536e-008 1.20759
7.925536e-008 1.09987
7.945536e-008 1.00975
7.965536e-008 0.983165
7.985536e-008 1.04704
8.005536e-008 1.16305
8.025536e-008 1.22278
8.045536e-008 1.18135
8.065536e-008 1.11609
8.085536e-008 1.11092
8.105536e-008 1.13129
8.125536e-008 1.11644
8.145536e-008 1.12542
8.165536e-008 1.17824
8.185536e-008 1.20379
8.205536e-008 1.18273
8.225536e-008 1.11333
8.245536e-008 1.04324
8.265536e-008 1.05464
8.285536e-008 1.10366
8.305536e-008 1.10332
8.325536e-008 1.08571
8.345536e-008 1.12473
8.365536e-008 1.22106
8.385536e-008 1.27216
8.405536e-008 1.15787
8.425536e-008 0.972117
8.445536e-008 0.940006
8.465536e-008 1.05878
8.485536e-008 1.1817
8.505536e-008 1.24523
8.525536e-008 1.21553
8.545536e-008 1.15304
8.565536e-008 1.18826
8.585536e-008 1.24384
8.605536e-008 1.17203
8.625536e-008 1.07328
8.645536e-008 1.06741
8.665536e-008 1.09883
8.685536e-008 1.14164
8.705536e-008 1.19896
8.725536e-008 1.22624
8.745536e-008 1.22693
8.765536e-008 1.23003
8.785536e-008 1.21001
8.805536e-008 1.20172
8.825536e-008 1.28286
8.845536e-008 1.35675
8.865536e-008 1.2763
8.885536e-008 1.10401
8.905536e-008 0.989035
8.925536e-008 0.998702
8.945536e-008 1.11471
8.965536e-008 1.22382
8.985536e-008 1.23038
9.005536e-008 1.15304
9.025536e-008 1.08364
9.045536e-008 1.09918
9.065536e-008 1.11644
9.085536e-008 0.983511
9.105536e-008 0.833663
9.125536e-008 0.951055
9.145536e-008 1.23832
9.165536e-008 1.39887
9.185536e-008 1.4189
9.205536e-008 1.39818
9.225536e-008 1.3236
9.245536e-008 1.19689
9.265536e-008 1.12507
9.285536e-008 1.16581
9.305536e-008 1.20207
9.325536e-008 1.19758
9.345536e-008 1.22762
9.365536e-008 1.19723
9.385536e-008 1.08847
9.405536e-008 1.07363
9.425536e-008 1.15097
9.445536e-008 1.17962
9.465536e-008 1.12818
9.485536e-008 1.06948
9.505536e-008 1.07984
9.525536e-008 1.13612
9.545536e-008 1.12783
9.565536e-008 1.0612
9.585536e-008 1.06499
9.605536e-008 1.14475
9.625536e-008 1.15787
9.645536e-008 1.05705
9.665536e-008 0.987309
9.685536e-008 1.06568
9.705536e-008 1.18066
9.725536e-008 1.15684
9.745536e-008 1.06534
9.765536e-008 1.05705
9.785536e-008 1.07604
9.805536e-008 1.06085
9.825536e-008 1.04842
9.845536e-008 1.00664
9.865536e-008 0.963485
9.885536e-008 1.07259
9.905536e-008 1.24453
9.925536e-008 1.24108
9.945536e-008 1.15856
9.965536e-008 1.19171
9.985536e-008 1.2656
1.000554e-007 1.3091
1.002554e-007 1.3419
1.004554e-007 1.31808
1.006554e-007 1.25558
1.008554e-007 1.18929
1.010554e-007 1.0902
1.012554e-007 1.05636
1.014554e-007 1.14406
1.016554e-007 1.18342
1.018554e-007 1.12058
1.020554e-007 1.08709
1.022554e-007 1.11057
1.024554e-007 1.10712
1.026554e-007 1.07466
1.028554e-007 1.11989
1.030554e-007 1.24523
1.032554e-007 1.31497
1.034554e-007 1.27285
1.036554e-007 1.20414
1.038554e-007 1.17617
1.040554e-007 1.20103
1.042554e-007 1.28321
1.044554e-007 1.32326
1.046554e-007 1.25351
1.048554e-007 1.16305
1.050554e-007 1.09296
1.052554e-007 1.05602
1.054554e-007 1.09849
1.056554e-007 1.17893
1.058554e-007 1.22278
1.060554e-007 1.19896
1.062554e-007 1.1337
1.064554e-007 1.11022
1.066554e-007 1.12542
1.068554e-007 1.08226
1.070554e-007 1.00699
1.072554e-007 1.04048
1.074554e-007 1.19827
1.076554e-007 1.31428
1.078554e-007 1.28735
1.080554e-007 1.19689
1.082554e-007 1.14648
1.084554e-007 1.13957
1.086554e-007 1.1306
1.088554e-007 1.13957
1.090554e-007 1.2
1.092554e-007 1.26111
1.094554e-007 1.24937
1.096554e-007 1.17065
1.098554e-007 1.10608
1.100554e-007 1.123
1.102554e-007 1.19343
1.104554e-007 1.20966
1.106554e-007 1.15718
1.108554e-007 1.13543
1.110554e-007 1.16927
1.112554e-007 1.18722
1.114554e-007 1.14786
1.116554e-007 1.12852
1.118554e-007 1.14786
1.120554e-007 1.11678
1.122554e-007 1.07639
1.124554e-007 1.09641
1.126554e-007 1.14959
1.128554e-007 1.2359
1.130554e-007 1.33396
1.132554e-007 1.3602
1.134554e-007 1.31428
1.136554e-007 1.27008
1.138554e-007 1.229
1.140554e-007 1.15304
1.142554e-007 1.07501
1.144554e-007 1.05256
1.146554e-007 1.07086
1.148554e-007 1.09365
1.150554e-007 1.1268
1.152554e-007 1.21795
1.154554e-007 1.37954
1.156554e-007 1.44721
1.158554e-007 1.3053
1.160554e-007 1.13888
1.162554e-007 1.13508
1.164554e-007 1.23349
1.166554e-007 1.25282
1.168554e-007 1.14682
1.170554e-007 1.05222
1.172554e-007 1.08019
1.174554e-007 1.21933
1.176554e-007 1.31946
1.178554e-007 1.26076
1.180554e-007 1.14303
1.182554e-007 1.07225
1.184554e-007 1.06707
1.186554e-007 1.15269
1.188554e-007 1.2801
1.190554e-007 1.40198
1.192554e-007 1.47656
1.194554e-007 1.39645
1.196554e-007 1.26939
1.198554e-007 1.30047
1.200554e-007 1.35502
1.202554e-007 1.26042
1.204554e-007 1.15407
1.206554e-007 1.16478
1.208554e-007 1.18239
1.210554e-007 1.1047
1.212554e-007 1.0284
1.214554e-007 1.03081
1.216554e-007 1.03496
1.218554e-007 1.00043
1.220554e-007 1.00906
1.222554e-007 1.1009
1.224554e-007 1.15028
1.226554e-007 1.09054
1.228554e-007 1.04393
1.230554e-007 1.06189
1.232554e-007 1.11609
1.234554e-007 1.19205
1.236554e-007 1.21001
1.238554e-007 1.16858
1.240554e-007 1.21553
1.242554e-007 1.3564
1.244554e-007 1.39783
1.246554e-007 1.25282
1.248554e-007 1.03979
1.250554e-007 0.933101
1.252554e-007 1.02356
1.254554e-007 1.1962
1.256554e-007 1.25213
1.258554e-007 1.18964
1.260554e-007 1.12024
1.262554e-007 1.08847
1.264554e-007 1.12231
1.266554e-007 1.16547
1.268554e-007 1.123
1.270554e-007 1.07225
1.272554e-007 1.09296
1.274554e-007 1.18308
1.276554e-007 1.32464
1.278554e-007 1.37436
1.280554e-007 1.27734
1.282554e-007 1.20828
1.284554e-007 1.19965
1.286554e-007 1.14233
1.288554e-007 1.07984
1.290554e-007 1.11161
1.292554e-007 1.20897
1.294554e-007 1.25075
1.296554e-007 1.18722
1.298554e-007 1.14233
1.300554e-007 1.21657
1.302554e-007 1.27872
1.304554e-007 1.19516
1.306554e-007 1.11333
1.308554e-007 1.20483
1.310554e-007 1.32878
1.312554e-007 1.31393
1.314554e-007 1.25558
1.316554e-007 1.27768
1.318554e-007 1.32775
1.320554e-007 1.34604
1.322554e-007 1.38955
1.324554e-007 1.42097
1.326554e-007 1.31877
1.328554e-007 1.17514
1.330554e-007 1.14199
1.332554e-007 1.19033
1.334554e-007 1.25835
1.336554e-007 1.28493
1.338554e-007 1.23797
1.340554e-007 1.2145
1.342554e-007 1.28942
1.344554e-007 1.39887
1.346554e-007 1.44134
1.348554e-007 1.3968
1.350554e-007 1.34743
1.352554e-007 1.35916
1.354554e-007 1.39058
1.356554e-007 1.37367
1.358554e-007 1.29149
1.360554e-007 1.21553
1.362554e-007 1.24074
1.364554e-007 1.32878
1.366554e-007 1.39127
1.368554e-007 1.43616
1.370554e-007 1.45342
1.372554e-007 1.41234
1.374554e-007 1.3823
1.376554e-007 1.46378
1.378554e-007 1.62157
1.380554e-007 1.63469
1.382554e-007 1.46413
1.384554e-007 1.38368
1.386554e-007 1.4624
1.388554e-007 1.51316
1.390554e-007 1.48864
1.392554e-007 1.43133
1.394554e-007 1.3785
1.396554e-007 1.41303
1.398554e-007 1.47518
1.400554e-007 1.41717
1.402554e-007 1.29909
1.404554e-007 1.27043
1.406554e-007 1.3236
1.408554e-007 1.34881
1.410554e-007 1.33707
1.412554e-007 1.39093
1.414554e-007 1.50211
1.416554e-007 1.55286
1.418554e-007 1.55355
1.420554e-007 1.58255
1.422554e-007 1.5829
1.424554e-007 1.51799
1.426554e-007 1.44203
1.428554e-007 1.33016
1.430554e-007 1.27354
1.432554e-007 1.39058
1.434554e-007 1.46965
1.436554e-007 1.40923
1.438554e-007 1.43927
1.440554e-007 1.56184
1.442554e-007 1.61294
1.444554e-007 1.64125
1.446554e-007 1.65817
1.448554e-007 1.58981
1.450554e-007 1.52835
1.452554e-007 1.56529
1.454554e-007 1.64194
1.456554e-007 1.69649
1.458554e-007 1.68855
1.460554e-007 1.64677
1.462554e-007 1.65851
1.464554e-007 1.6668
1.466554e-007 1.58773
1.468554e-007 1.51419
1.470554e-007 1.52869
1.472554e-007 1.56909
1.474554e-007 1.56426
1.476554e-007 1.53767
1.478554e-007 1.57496
1.480554e-007 1.65195
1.482554e-007 1.66404
1.484554e-007 1.6851
1.486554e-007 1.74483
1.488554e-007 1.70374
1.490554e-007 1.62468
1.492554e-007 1.62537
1.494554e-007 1.60949
1.496554e-007 1.54665
1.498554e-007 1.54147
1.500554e-007 1.57323
1.502554e-007 1.58394
1.504554e-007 1.6523
1.506554e-007 1.73827
1.508554e-007 1.74345
1.510554e-007 1.80353
1.512554e-007 1.93404
1.514554e-007 1.92472
1.516554e-007 1.84323
1.518554e-007 1.88777
1.520554e-007 1.95476
1.522554e-007 1.87155
1.524554e-007 1.711
1.526554e-007 1.67681
1.528554e-007 1.76486
1.530554e-007 1.78039
1.532554e-007 1.71997
1.534554e-007 1.7072
1.536554e-007 1.6927
1.538554e-007 1.61397
1.540554e-007 1.59153
1.542554e-007 1.64505
1.544554e-007 1.65817
1.546554e-007 1.63158
1.548554e-007 1.5974
1.550554e-007 1.59567
1.552554e-007 1.67232
1.554554e-007 1.75277
1.556554e-007 1.79628
1.558554e-007 1.8605
1.560554e-007 1.90227
1.562554e-007 1.88363
1.564554e-007 1.88605
1.566554e-007 1.88398
1.568554e-007 1.8056
1.570554e-007 1.71376
1.572554e-007 1.67785
1.574554e-007 1.69649
1.576554e-007 1.72377
1.578554e-007 1.70374
1.580554e-007 1.69822
1.582554e-007 1.78074
1.584554e-007 1.81078
1.586554e-007 1.7255
1.588554e-007 1.72032
1.590554e-007 1.83805
1.592554e-007 1.92126
1.594554e-007 1.89606
1.596554e-007 1.79524
1.598554e-007 1.7614
1.600554e-007 1.84013
1.602554e-007 1.84392
1.604554e-007 1.75001
1.606554e-007 1.7621
1.608554e-007 1.88812
1.610554e-007 1.96788
1.612554e-007 1.98238
1.614554e-007 1.95165
1.616554e-007 1.87293
1.618554e-007 1.86809
1.620554e-007 1.94889
1.622554e-007 1.96511
1.624554e-007 1.89744
1.626554e-007 1.82701
1.628554e-007 1.83875
1.630554e-007 1.92092
1.632554e-007 1.96442
1.634554e-007 2.00447
1.636554e-007 2.09252
1.638554e-007 2.09873
1.640554e-007 2.01552
1.642554e-007 1.99826
1.644554e-007 2.01173
1.646554e-007 1.97651
1.648554e-007 2.0024
1.650554e-007 2.0794
1.652554e-007 2.05178
1.654554e-007 1.97133
1.656554e-007 1.92334
1.658554e-007 1.84807
1.660554e-007 1.81492
1.662554e-007 1.90573
1.664554e-007 2.01242
1.666554e-007 2.05868
1.668554e-007 2.03866
1.670554e-007 1.99653
1.672554e-007 2.00171
1.674554e-007 2.01794
1.676554e-007 2.03141
1.678554e-007 2.09563
1.680554e-007 2.17884
1.682554e-007 2.18471
1.684554e-007 2.11462
1.686554e-007 2.06939
1.688554e-007 2.05765
1.690554e-007 2.0352
1.692554e-007 2.03002
1.694554e-007 2.05799
1.696554e-007 2.1015
1.698554e-007 2.10633
1.700554e-007 2.03831
1.702554e-007 1.98169
1.704554e-007 1.99826
1.706554e-007 2.04384
1.708554e-007 2.06317
1.710554e-007 2.07526
1.712554e-007 2.13948
1.714554e-007 2.20128
1.716554e-007 2.12325
1.718554e-007 1.98859
1.720554e-007 2.07077
1.722554e-007 2.27655
1.724554e-007 2.24789
1.726554e-007 2.05661
1.728554e-007 2.01829
1.730554e-007 2.13948
1.732554e-007 2.25445
1.734554e-007 2.23822
1.736554e-007 2.07422
1.738554e-007 1.95096
1.740554e-007 1.96788
1.742554e-007 1.99135
1.744554e-007 1.97858
1.746554e-007 1.99895
1.748554e-007 2.06559
1.750554e-007 2.13568
1.752554e-007 2.15777
1.754554e-007 2.15294
1.756554e-007 2.16744
1.758554e-007 2.19645
1.760554e-007 2.23408
1.762554e-007 2.2693
1.764554e-007 2.30175
1.766554e-007 2.36666
1.768554e-007 2.42191
1.770554e-007 2.3639
1.772554e-007 2.26032
1.774554e-007 2.2693
1.776554e-007 2.33006
1.778554e-007 2.31177
1.780554e-007 2.2617
1.782554e-007 2.25307
1.784554e-007 2.26792
1.786554e-007 2.27448
1.788554e-007 2.27102
1.790554e-007 2.27896
1.792554e-007 2.30486
1.794554e-007 2.34353
1.796554e-007 2.36943
1.798554e-007 2.32178
1.800554e-007 2.28587
1.802554e-007 2.40085
1.804554e-007 2.50684
1.806554e-007 2.42398
1.808554e-007 2.3166
1.810554e-007 2.31315
1.812554e-007 2.31591
1.814554e-007 2.30348
1.816554e-007 2.2983
1.818554e-007 2.25756
1.820554e-007 2.21198
1.822554e-007 2.26584
1.824554e-007 2.36494
1.826554e-007 2.42191
1.828554e-007 2.51617
1.830554e-007 2.59661
1.832554e-007 2.55898
1.834554e-007 2.51962
1.836554e-007 2.53343
1.838554e-007 2.49648
1.840554e-007 2.42329
1.842554e-007 2.4226
1.844554e-007 2.46955
1.846554e-007 2.47301
1.848554e-007 2.45678
1.850554e-007 2.47335
1.852554e-007 2.49614
1.854554e-007 2.48647
1.856554e-007 2.45367
1.858554e-007 2.42467
1.860554e-007 2.38255
1.862554e-007 2.32316
1.864554e-007 2.3059
1.866554e-007 2.3532
1.868554e-007 2.40671
1.870554e-007 2.40741
1.872554e-007 2.4112
1.874554e-007 2.52342
1.876554e-007 2.63701
1.878554e-007 2.58073
1.880554e-007 2.47991
1.882554e-007 2.51306
1.884554e-007 2.53757
1.886554e-007 2.43261
1.888554e-007 2.35561
1.890554e-007 2.35734
1.892554e-007 2.36079
1.894554e-007 2.38047
1.896554e-007 2.41914
1.898554e-007 2.46886
1.900554e-007 2.51617
1.902554e-007 2.47197
1.904554e-007 2.34284
1.906554e-007 2.28311
1.908554e-007 2.33006
1.910554e-007 2.41845
1.912554e-007 2.4844
1.914554e-007 2.444
1.916554e-007 2.41949
1.918554e-007 2.55898
1.920554e-007 2.65842
1.922554e-007 2.5538
1.924554e-007 2.44228
1.926554e-007 2.47784
1.928554e-007 2.52721
1.930554e-007 2.4951
1.932554e-007 2.48889
1.934554e-007 2.52203
1.936554e-007 2.49096
1.938554e-007 2.47888
1.940554e-007 2.57452
1.942554e-007 2.61077
1.944554e-007 2.47922
1.946554e-007 2.37978
1.948554e-007 2.48198
1.950554e-007 2.64737
1.952554e-007 2.74025
1.954554e-007 2.78099
1.956554e-007 2.74439
1.958554e-007 2.65462
1.960554e-007 2.64909
1.962554e-007 2.68984
1.964554e-007 2.62665
1.966554e-007 2.57866
1.968554e-007 2.68466
1.970554e-007 2.7803
1.972554e-007 2.75129
1.974554e-007 2.69916
1.976554e-007 2.67292
1.978554e-007 2.60559
1.980554e-007 2.5248
1.982554e-007 2.56416
1.984554e-007 2.68155
1.986554e-007 2.69398
1.988554e-007 2.62423
1.990554e-007 2.66463
1.992554e-007 2.81344
1.994554e-007 2.88077
1.996554e-007 2.85108
1.998554e-007 2.82104
2.000554e-007 2.791
2.002554e-007 2.80136
2.004554e-007 2.84762
2.006554e-007 2.85902
2.008554e-007 2.85729
2.010554e-007 2.81034
2.012554e-007 2.69709
2.014554e-007 2.65289
2.016554e-007 2.72126
2.018554e-007 2.77926
2.020554e-007 2.7399
2.022554e-007 2.63149
2.024554e-007 2.58798
2.026554e-007 2.65496
2.028554e-007 2.69053
2.030554e-007 2.67706
2.032554e-007 2.73783
2.034554e-007 2.85211
2.036554e-007 2.89078
2.038554e-007 2.82104
2.040554e-007 2.75371
2.042554e-007 2.75716
2.044554e-007 2.78064
2.046554e-007 2.80723
2.048554e-007 2.82967
2.050554e-007 2.82829
2.052554e-007 2.84245
2.054554e-007 2.85936
2.056554e-007 2.8383
2.058554e-007 2.82518
2.060554e-007 2.84003
2.062554e-007 2.87076
2.064554e-007 2.89769
2.066554e-007 2.86351
2.068554e-007 2.78824
2.070554e-007 2.73196
2.072554e-007 2.72782
2.074554e-007 2.78824
2.076554e-007 2.87421
2.078554e-007 2.94706
2.080554e-007 2.97572
2.082554e-007 2.96156
2.084554e-007 2.92704
2.086554e-007 2.84486
2.088554e-007 2.76303
2.090554e-007 2.76372
2.092554e-007 2.81275
2.094554e-007 2.89251
2.096554e-007 3.00023
2.098554e-007 3.0427
2.100554e-007 2.99885
2.102554e-007 2.94982
2.104554e-007 2.93947
2.106554e-007 2.93049
2.108554e-007 2.8642
2.110554e-007 2.80067
2.112554e-007 2.80239
2.114554e-007 2.8459
2.116554e-007 2.95639
2.118554e-007 3.08793
2.120554e-007 3.1052
2.122554e-007 3.02337
2.124554e-007 2.94913
2.126554e-007 2.91046
2.128554e-007 2.89976
2.130554e-007 2.92945
2.132554e-007 2.98608
2.134554e-007 3.05997
2.136554e-007 3.12004
2.138554e-007 3.06135
2.140554e-007 2.91254
2.142554e-007 2.85142
2.144554e-007 2.90494
2.146554e-007 2.9733
2.148554e-007 3.05202
2.150554e-007 3.14318
2.152554e-007 3.17011
2.154554e-007 3.13765
2.156554e-007 3.1304
2.158554e-007 3.14076
2.160554e-007 3.14559
2.162554e-007 3.19807
2.164554e-007 3.2799
2.166554e-007 3.30027
2.168554e-007 3.23571
2.170554e-007 3.13213
2.172554e-007 3.04408
2.174554e-007 3.02786
2.176554e-007 3.1052
2.178554e-007 3.18979
2.180554e-007 3.19013
2.182554e-007 3.12937
2.184554e-007 3.02371
2.186554e-007 2.90011
2.188554e-007 2.88319
2.190554e-007 3.0282
2.192554e-007 3.23295
2.194554e-007 3.37036
2.196554e-007 3.36967
2.198554e-007 3.26022
2.200554e-007 3.19462
2.202554e-007 3.22259
2.204554e-007 3.23087
2.206554e-007 3.1998
2.208554e-007 3.16493
2.210554e-007 3.13178
2.212554e-007 3.14318
2.214554e-007 3.17977
2.216554e-007 3.16527
2.218554e-007 3.08206
2.220554e-007 2.98332
2.222554e-007 3.00092
2.224554e-007 3.13834
2.226554e-007 3.14352
2.228554e-007 2.97607
2.230554e-007 2.95328
2.232554e-007 3.1266
2.234554e-007 3.21119
2.236554e-007 3.14387
2.238554e-007 3.08414
2.240554e-007 3.10209
2.242554e-007 3.1929
2.244554e-007 3.29233
2.246554e-007 3.25056
2.248554e-007 3.12626
2.250554e-007 3.17839
2.252554e-007 3.37105
2.254554e-007 3.42561
2.256554e-007 3.31063
2.258554e-007 3.20222
2.260554e-007 3.23053
2.262554e-007 3.36346
2.264554e-007 3.38452
2.266554e-007 3.24607
2.268554e-007 3.17321
2.270554e-007 3.26437
2.272554e-007 3.38383
2.274554e-007 3.41111
2.276554e-007 3.36898
2.278554e-007 3.35932
2.280554e-007 3.42664
2.282554e-007 3.44114
2.284554e-007 3.35586
2.286554e-007 3.33411
2.288554e-007 3.39108
2.290554e-007 3.38314
2.292554e-007 3.29337
2.294554e-007 3.22362
2.296554e-007 3.22086
2.298554e-007 3.27541
2.300554e-007 3.31478
2.302554e-007 3.25401
2.304554e-007 3.22017
2.306554e-007 3.33031
2.308554e-007 3.4332
2.310554e-007 3.41663
2.312554e-007 3.38763
2.314554e-007 3.38694
2.316554e-007 3.33135
2.318554e-007 3.32237
2.320554e-007 3.49224
2.322554e-007 3.67248
2.324554e-007 3.61792
2.326554e-007 3.4187
2.328554e-007 3.34309
2.330554e-007 3.38763
2.332554e-007 3.38072
2.334554e-007 3.29406
2.336554e-007 3.23536
2.338554e-007 3.26851
2.340554e-007 3.35276
2.342554e-007 3.40109
2.344554e-007 3.33342
2.346554e-007 3.21879
2.348554e-007 3.20532
2.350554e-007 3.29475
2.352554e-007 3.43597
2.354554e-007 3.5499
2.356554e-007 3.49708
2.358554e-007 3.36553
2.360554e-007 3.35379
2.362554e-007 3.40696
2.364554e-007 3.40351
2.366554e-007 3.3935
2.368554e-007 3.40386
2.370554e-007 3.3455
2.372554e-007 3.27783
2.374554e-007 3.31961
2.376554e-007 3.41145
2.378554e-007 3.45841
2.380554e-007 3.40972
2.382554e-007 3.31339
2.384554e-007 3.27749
2.386554e-007 3.29855
2.388554e-007 3.32686
2.390554e-007 3.31685
2.392554e-007 3.28197
2.394554e-007 3.30718
2.396554e-007 3.37175
2.398554e-007 3.40593
2.400554e-007 3.40558
2.402554e-007 3.40627
2.404554e-007 3.46186
2.406554e-007 3.5247
2.408554e-007 3.49328
2.410554e-007 3.40696
2.412554e-007 3.35759
2.414554e-007 3.3714
2.416554e-007 3.42388
2.418554e-007 3.47912
2.420554e-007 3.51227
2.422554e-007 3.50502
2.424554e-007 3.48154
2.426554e-007 3.47705
2.428554e-007 3.47291
2.430554e-007 3.47222
2.432554e-007 3.5064
2.434554e-007 3.57269
2.436554e-007 3.6048
2.438554e-007 3.52746
2.440554e-007 3.44736
2.442554e-007 3.52539
2.444554e-007 3.64451
2.446554e-007 3.60031
2.448554e-007 3.47843
2.450554e-007 3.45634
2.452554e-007 3.5354
2.454554e-007 3.63208
2.456554e-007 3.66902
2.458554e-007 3.67075
2.460554e-007 3.68283
2.462554e-007 3.64382
2.464554e-007 3.5499
2.466554e-007 3.49915
2.468554e-007 3.52539
2.470554e-007 3.58271
2.472554e-007 3.65694
2.474554e-007 3.72772
2.476554e-007 3.75983
2.478554e-007 3.7802
2.480554e-007 3.83234
2.482554e-007 3.88758
2.484554e-007 3.85547
2.486554e-007 3.72772
2.488554e-007 3.63173
2.490554e-007 3.64416
2.492554e-007 3.66833
2.494554e-007 3.63657
2.496554e-007 3.62794
2.498554e-007 3.65901
2.500554e-007 3.68283
2.502554e-007 3.71218
2.504554e-007 3.72565
2.506554e-007 3.68767
2.508554e-007 3.61585
2.510554e-007 3.56199
2.512554e-007 3.58996
2.514554e-007 3.69319
2.516554e-007 3.76086
2.518554e-007 3.70355
2.520554e-007 3.63001
