-4.79629e-008 9.77893
-4.77629e-008 9.97331
-4.75629e-008 10.1187
-4.73629e-008 10.1995
-4.71629e-008 10.2026
-4.69629e-008 10.1024
-4.67629e-008 10.0147
-4.65629e-008 10.0648
-4.63629e-008 10.1435
-4.61629e-008 10.0841
-4.59629e-008 9.97124
-4.57629e-008 9.97815
-4.55629e-008 10.0852
-4.53629e-008 10.1491
-4.51629e-008 10.1428
-4.49629e-008 10.1539
-4.47629e-008 10.1725
-4.45629e-008 10.1642
-4.43629e-008 10.1763
-4.41629e-008 10.1846
-4.39629e-008 10.1062
-4.37629e-008 10.0002
-4.35629e-008 9.93775
-4.33629e-008 9.9198
-4.31629e-008 10.0092
-4.29629e-008 10.1535
-4.27629e-008 10.1705
-4.25629e-008 10.0828
-4.23629e-008 10.051
-4.21629e-008 10.0507
-4.19629e-008 9.96123
-4.17629e-008 9.84211
-4.15629e-008 9.83348
-4.13629e-008 9.91496
-4.11629e-008 9.99679
-4.09629e-008 10.0389
-4.07629e-008 10.0151
-4.05629e-008 9.98333
-4.03629e-008 9.99334
-4.01629e-008 9.95294
-3.99629e-008 9.84729
-3.97629e-008 9.77098
-3.95629e-008 9.78203
-3.93629e-008 9.8756
-3.91629e-008 9.95605
-3.89629e-008 9.99368
-3.87629e-008 10.013
-3.85629e-008 10.0089
-3.83629e-008 10.023
-3.81629e-008 10.0196
-3.79629e-008 9.96917
-3.77629e-008 9.98643
-3.75629e-008 10.0648
-3.73629e-008 10.0952
-3.71629e-008 10.0776
-3.69629e-008 10.0192
-3.67629e-008 9.89735
-3.65629e-008 9.79964
-3.63629e-008 9.86317
-3.61629e-008 10.0365
-3.59629e-008 10.1359
-3.57629e-008 10.1197
-3.55629e-008 10.0945
-3.53629e-008 10.1494
-3.51629e-008 10.2423
-3.49629e-008 10.243
-3.47629e-008 10.1346
-3.45629e-008 10.0127
-3.43629e-008 9.94466
-3.41629e-008 9.92946
-3.39629e-008 9.945
-3.37629e-008 10.0082
-3.35629e-008 10.0893
-3.33629e-008 10.1059
-3.31629e-008 10.0403
-3.29629e-008 9.92705
-3.27629e-008 9.81414
-3.25629e-008 9.78169
-3.23629e-008 9.85143
-3.21629e-008 9.92739
-3.19629e-008 9.9381
-3.17629e-008 9.92739
-3.15629e-008 9.96572
-3.13629e-008 10.0486
-3.11629e-008 10.1176
-3.09629e-008 10.1232
-3.07629e-008 10.0482
-3.05629e-008 10.0116
-3.03629e-008 10.1463
-3.01629e-008 10.2803
-2.99629e-008 10.1781
-2.97629e-008 9.97815
-2.95629e-008 9.95087
-2.93629e-008 10.0545
-2.91629e-008 10.0831
-2.89629e-008 10.0213
-2.87629e-008 9.99299
-2.85629e-008 10.0393
-2.83629e-008 10.0638
-2.81629e-008 10.0106
-2.79629e-008 9.98505
-2.77629e-008 9.96365
-2.75629e-008 9.85489
-2.73629e-008 9.85696
-2.71629e-008 10.0821
-2.69629e-008 10.2972
-2.67629e-008 10.3552
-2.65629e-008 10.2927
-2.63629e-008 10.2136
-2.61629e-008 10.2109
-2.59629e-008 10.1929
-2.57629e-008 10.0655
-2.55629e-008 9.96226
-2.53629e-008 10.0054
-2.51629e-008 10.0538
-2.49629e-008 9.96434
-2.47629e-008 9.86248
-2.45629e-008 9.89425
-2.43629e-008 10.0047
-2.41629e-008 10.061
-2.39629e-008 10.041
-2.37629e-008 10.0282
-2.35629e-008 10.0437
-2.33629e-008 10.0748
-2.31629e-008 10.0904
-2.29629e-008 10.0306
-2.27629e-008 9.98333
-2.25629e-008 10.0109
-2.23629e-008 10.0144
-2.21629e-008 10.0144
-2.19629e-008 10.0472
-2.17629e-008 10.0365
-2.15629e-008 10.021
-2.13629e-008 10.0313
-2.11629e-008 9.97504
-2.09629e-008 9.91842
-2.07629e-008 10.0071
-2.05629e-008 10.1439
-2.03629e-008 10.157
-2.01629e-008 10.0272
-1.99629e-008 9.84004
-1.97629e-008 9.73611
-1.95629e-008 9.80758
-1.93629e-008 9.96261
-1.91629e-008 10.0303
-1.89629e-008 9.97746
-1.87629e-008 9.89597
-1.85629e-008 9.88941
-1.83629e-008 10.0023
-1.81629e-008 10.1176
-1.79629e-008 10.1377
-1.77629e-008 10.139
-1.75629e-008 10.0921
-1.73629e-008 9.9671
-1.71629e-008 9.93015
-1.69629e-008 9.99403
-1.67629e-008 9.99299
-1.65629e-008 9.93533
-1.63629e-008 9.91772
-1.61629e-008 9.94362
-1.59629e-008 10.0009
-1.57629e-008 10.0434
-1.55629e-008 10.0489
-1.53629e-008 10.0807
-1.51629e-008 10.1239
-1.49629e-008 10.1491
-1.47629e-008 10.1977
-1.45629e-008 10.2067
-1.43629e-008 10.1166
-1.41629e-008 10.0071
-1.39629e-008 9.98091
-1.37629e-008 10.0741
-1.35629e-008 10.156
-1.33629e-008 10.0841
-1.31629e-008 9.96675
-1.29629e-008 9.95536
-1.27629e-008 9.99161
-1.25629e-008 9.98298
-1.23629e-008 9.96641
-1.21629e-008 9.98678
-1.19629e-008 9.99955
-1.17629e-008 9.9961
-1.15629e-008 10.0344
-1.13629e-008 10.1038
-1.11629e-008 10.1356
-1.09629e-008 10.079
-1.07629e-008 10.0061
-1.05629e-008 10.0683
-1.03629e-008 10.1363
-1.01629e-008 10.004
-9.96293e-009 9.88078
-9.76293e-009 9.93223
-9.56293e-009 10.0016
-9.36293e-009 10.0683
-9.16293e-009 10.1221
-8.96293e-009 10.0752
-8.76293e-009 10.0306
-8.56293e-009 10.0341
-8.36293e-009 9.99541
-8.16293e-009 9.94673
-7.96293e-009 9.91116
-7.76293e-009 9.85005
-7.56293e-009 9.85143
-7.36293e-009 9.94914
-7.16293e-009 9.99161
-6.96293e-009 9.9595
-6.76293e-009 9.99092
-6.56293e-009 10.1128
-6.36293e-009 10.2188
-6.16293e-009 10.2119
-5.96293e-009 10.1311
-5.76293e-009 10.0437
-5.56293e-009 9.9229
-5.36293e-009 9.80137
-5.16293e-009 9.81138
-4.96293e-009 9.93188
-4.76293e-009 9.99852
-4.56293e-009 9.9671
-4.36293e-009 9.90288
-4.16293e-009 9.87284
-3.96293e-009 9.90633
-3.76293e-009 9.9816
-3.56293e-009 10.0707
-3.36293e-009 10.1187
-3.16293e-009 10.0724
-2.96293e-009 10.0199
-2.76293e-009 10.0531
-2.56293e-009 10.071
-2.36293e-009 9.99817
-2.16293e-009 9.93499
-1.96293e-009 9.87457
-1.76293e-009 9.6239
-1.56293e-009 9.07734
-1.36293e-009 8.26906
-1.16293e-009 7.22151
-9.62933e-010 5.94781
-7.62933e-010 4.63164
-5.62933e-010 3.58271
-3.62933e-010 2.87387
-1.62933e-010 2.32592
3.70672e-011 1.91436
2.37067e-010 1.77452
4.37067e-010 1.78247
6.37067e-010 1.67025
8.37067e-010 1.44963
1.03707e-009 1.30565
1.23707e-009 1.31083
1.43707e-009 1.37988
1.63707e-009 1.38644
1.83707e-009 1.34156
2.03707e-009 1.36987
2.23707e-009 1.43961
2.43707e-009 1.40854
2.63707e-009 1.28597
2.83707e-009 1.19171
3.03707e-009 1.20276
3.23707e-009 1.28079
3.43707e-009 1.31152
3.63707e-009 1.29391
3.83707e-009 1.31186
4.03707e-009 1.32567
4.23707e-009 1.30116
4.43707e-009 1.33223
4.63707e-009 1.41752
4.83707e-009 1.46792
5.03707e-009 1.48761
5.23707e-009 1.51177
5.43707e-009 1.53629
5.63707e-009 1.54734
5.83707e-009 1.48864
6.03707e-009 1.36676
6.23707e-009 1.29218
6.43707e-009 1.27595
6.63707e-009 1.26111
6.83707e-009 1.24833
7.03707e-009 1.27078
7.23707e-009 1.33707
7.43707e-009 1.40612
7.63707e-009 1.44997
7.83707e-009 1.45308
8.03707e-009 1.37505
8.23707e-009 1.29356
8.43707e-009 1.31601
8.63707e-009 1.30737
8.83707e-009 1.18446
9.03707e-009 1.13508
9.23707e-009 1.21691
9.43707e-009 1.27043
9.63707e-009 1.22451
9.83707e-009 1.1482
1.00371e-008 1.11851
1.02371e-008 1.16719
1.04371e-008 1.23625
1.06371e-008 1.21933
1.08371e-008 1.13543
1.10371e-008 1.09296
1.12371e-008 1.152
1.14371e-008 1.3053
1.16371e-008 1.38989
1.18371e-008 1.24523
1.20371e-008 1.02736
1.22371e-008 0.953127
1.24371e-008 0.991452
1.26371e-008 1.07915
1.28371e-008 1.16961
1.30371e-008 1.18066
1.32371e-008 1.20897
1.34371e-008 1.32671
1.36371e-008 1.33569
1.38371e-008 1.17686
1.40371e-008 1.07881
1.42371e-008 1.11402
1.44371e-008 1.15684
1.46371e-008 1.1558
1.48371e-008 1.12991
1.50371e-008 1.12265
1.52371e-008 1.14061
1.54371e-008 1.1268
1.56371e-008 1.09331
1.58371e-008 1.09849
1.60371e-008 1.11195
1.62371e-008 1.10263
1.64371e-008 1.12749
1.66371e-008 1.17237
1.68371e-008 1.13508
1.70371e-008 1.07397
1.72371e-008 1.13301
1.74371e-008 1.2511
1.76371e-008 1.27941
1.78371e-008 1.18239
1.80371e-008 1.03323
1.82371e-008 0.963485
1.84371e-008 1.03427
1.86371e-008 1.16685
1.88371e-008 1.20621
1.90371e-008 1.1192
1.92371e-008 1.04635
1.94371e-008 1.06499
1.96371e-008 1.10643
1.98371e-008 1.10056
2.00371e-008 1.09503
2.02371e-008 1.12921
2.04371e-008 1.14268
2.06371e-008 1.14579
2.08371e-008 1.17548
2.10371e-008 1.17445
2.12371e-008 1.11955
2.14371e-008 1.04739
2.16371e-008 1.00975
2.18371e-008 1.06499
2.20371e-008 1.13923
2.22371e-008 1.13232
2.24371e-008 1.1268
2.26371e-008 1.15131
2.28371e-008 1.11817
2.30371e-008 1.0864
2.32371e-008 1.09952
2.34371e-008 1.03806
2.36371e-008 0.902027
2.38371e-008 0.845057
2.40371e-008 0.949329
2.42371e-008 1.09987
2.44371e-008 1.1123
2.46371e-008 1.01044
2.48371e-008 0.953817
2.50371e-008 0.982475
2.52371e-008 1.03185
2.54371e-008 1.04739
2.56371e-008 1.0467
2.58371e-008 1.07501
2.60371e-008 1.11817
2.62371e-008 1.11195
2.64371e-008 1.06223
2.66371e-008 1.05947
2.68371e-008 1.09849
2.70371e-008 1.10021
2.72371e-008 1.06499
2.74371e-008 1.02045
2.76371e-008 0.996286
2.78371e-008 1.00285
2.80371e-008 0.990761
2.82371e-008 0.983511
2.84371e-008 1.05084
2.86371e-008 1.12024
2.88371e-008 1.1192
2.90371e-008 1.07397
2.92371e-008 0.962794
2.94371e-008 0.864392
2.96371e-008 0.945876
2.98371e-008 1.1154
3.00371e-008 1.1848
3.02371e-008 1.13854
3.04371e-008 1.02667
3.06371e-008 0.941388
3.08371e-008 0.9514
3.10371e-008 0.993178
3.12371e-008 1.03392
3.14371e-008 1.09849
3.16371e-008 1.11817
3.18371e-008 1.08122
3.20371e-008 1.09572
3.22371e-008 1.14786
3.24371e-008 1.15925
3.26371e-008 1.1665
3.28371e-008 1.21001
3.30371e-008 1.26663
3.32371e-008 1.28113
3.34371e-008 1.24523
3.36371e-008 1.22934
3.38371e-008 1.20483
3.40371e-008 1.09193
3.42371e-008 0.99594
3.44371e-008 1.0467
3.46371e-008 1.16098
3.48371e-008 1.21173
3.50371e-008 1.22175
3.52371e-008 1.24315
3.54371e-008 1.22693
3.56371e-008 1.12645
3.58371e-008 1.02218
3.60371e-008 0.98938
3.62371e-008 0.991107
3.64371e-008 0.98938
3.66371e-008 1.00872
3.68371e-008 1.11437
3.70371e-008 1.26387
3.72371e-008 1.25558
3.74371e-008 1.10366
3.76371e-008 1.06983
3.78371e-008 1.16788
3.80371e-008 1.20897
3.82371e-008 1.14303
3.84371e-008 1.03185
3.86371e-008 1.00802
3.88371e-008 1.10366
3.90371e-008 1.14164
3.92371e-008 1.06465
3.94371e-008 0.994559
3.96371e-008 0.98869
3.98371e-008 1.00975
4.00371e-008 1.00595
4.02371e-008 0.985927
4.04371e-008 0.970045
4.06371e-008 0.961068
4.08371e-008 0.984892
4.10371e-008 1.01769
4.12371e-008 0.987309
4.14371e-008 0.932756
4.16371e-008 0.947948
4.18371e-008 0.993869
4.20371e-008 1.0353
4.22371e-008 1.08778
4.24371e-008 1.10332
4.26371e-008 1.07984
4.28371e-008 1.05705
4.30371e-008 1.03634
4.32371e-008 1.02563
4.34371e-008 1.06154
4.36371e-008 1.13163
4.38371e-008 1.13163
4.40371e-008 1.05256
4.42371e-008 0.994904
4.44371e-008 1.02563
4.46371e-008 1.15304
4.48371e-008 1.26007
4.50371e-008 1.28459
4.52371e-008 1.27975
4.54371e-008 1.20725
4.56371e-008 1.09745
4.58371e-008 1.08571
4.60371e-008 1.1741
4.62371e-008 1.27078
4.64371e-008 1.27147
4.66371e-008 1.13025
4.68371e-008 0.996976
4.70371e-008 1.02425
4.72371e-008 1.13232
4.74371e-008 1.18826
4.76371e-008 1.15787
4.78371e-008 1.07604
4.80371e-008 1.02805
4.82371e-008 1.06189
4.84371e-008 1.14337
4.86371e-008 1.21173
4.88371e-008 1.20725
4.90371e-008 1.11748
4.92371e-008 1.03599
4.94371e-008 1.04048
4.96371e-008 1.05774
4.98371e-008 1.04877
5.00371e-008 1.08295
5.02371e-008 1.10953
5.04371e-008 1.08433
5.06371e-008 1.08882
5.08371e-008 1.12196
5.10371e-008 1.13129
5.12371e-008 1.12231
5.14371e-008 1.11713
5.16371e-008 1.10781
5.18371e-008 1.08433
5.20371e-008 1.05774
5.22371e-008 1.02391
