-2.481854e-007 9.84384
-2.479854e-007 9.90115
-2.477854e-007 10.002
-2.475854e-007 10.0786
-2.473854e-007 10.1356
-2.471854e-007 10.1525
-2.469854e-007 10.1508
-2.467854e-007 10.1459
-2.465854e-007 10.1018
-2.463854e-007 10.0337
-2.461854e-007 10.0044
-2.459854e-007 10.0614
-2.457854e-007 10.1221
-2.455854e-007 10.0451
-2.453854e-007 9.96537
-2.451854e-007 10.0551
-2.449854e-007 10.1456
-2.447854e-007 10.1087
-2.445854e-007 10.0551
-2.443854e-007 10.042
-2.441854e-007 10.0776
-2.439854e-007 10.1473
-2.437854e-007 10.1473
-2.435854e-007 10.09
-2.433854e-007 10.0835
-2.431854e-007 10.0803
-2.429854e-007 10.0472
-2.427854e-007 10.0475
-2.425854e-007 10.0486
-2.423854e-007 10.0372
-2.421854e-007 10.0652
-2.419854e-007 10.0576
-2.417854e-007 9.95709
-2.415854e-007 9.91496
-2.413854e-007 9.99161
-2.411854e-007 10.0299
-2.409854e-007 9.9923
-2.407854e-007 9.98954
-2.405854e-007 10.0362
-2.403854e-007 10.052
-2.401854e-007 10.0078
-2.399854e-007 9.98816
-2.397854e-007 10.0634
-2.395854e-007 10.128
-2.393854e-007 10.0786
-2.391854e-007 9.98574
-2.389854e-007 9.95191
-2.387854e-007 10.0054
-2.385854e-007 10.0876
-2.383854e-007 10.0955
-2.381854e-007 10.0265
-2.379854e-007 9.98022
-2.377854e-007 9.95743
-2.375854e-007 9.92014
-2.373854e-007 9.93602
-2.371854e-007 9.98712
-2.369854e-007 9.99783
-2.367854e-007 9.98333
-2.365854e-007 9.97608
-2.363854e-007 10.0009
-2.361854e-007 10.0227
-2.359854e-007 9.98816
-2.357854e-007 9.98022
-2.355854e-007 10.0341
-2.353854e-007 10.0109
-2.351854e-007 9.91772
-2.349854e-007 9.93913
-2.347854e-007 10.0779
-2.345854e-007 10.1591
-2.343854e-007 10.1042
-2.341854e-007 9.99472
-2.339854e-007 9.94673
-2.337854e-007 9.99023
-2.335854e-007 10.0627
-2.333854e-007 10.0814
-2.331854e-007 10.0082
-2.329854e-007 9.93499
-2.327854e-007 9.98056
-2.325854e-007 10.0969
-2.323854e-007 10.1618
-2.321854e-007 10.1542
-2.319854e-007 10.1207
-2.317854e-007 10.0486
-2.315854e-007 9.94845
-2.313854e-007 9.93879
-2.311854e-007 10.0355
-2.309854e-007 10.1342
-2.307854e-007 10.1984
-2.305854e-007 10.2202
-2.303854e-007 10.1422
-2.301854e-007 10.0113
-2.299854e-007 10.0168
-2.297854e-007 10.1297
-2.295854e-007 10.1515
-2.293854e-007 10.1069
-2.291854e-007 10.1093
-2.289854e-007 10.1705
-2.287854e-007 10.244
-2.285854e-007 10.2143
-2.283854e-007 10.081
-2.281854e-007 9.99368
-2.279854e-007 10.0002
-2.277854e-007 10.0627
-2.275854e-007 10.1228
-2.273854e-007 10.0993
-2.271854e-007 10.0165
-2.269854e-007 9.99852
-2.267854e-007 10.0655
-2.265854e-007 10.1031
-2.263854e-007 10.0696
-2.261854e-007 10.0244
-2.259854e-007 10.0006
-2.257854e-007 10.0078
-2.255854e-007 10.061
-2.253854e-007 10.1308
-2.251854e-007 10.1463
-2.249854e-007 10.0955
-2.247854e-007 10.0417
-2.245854e-007 10.042
-2.243854e-007 10.0821
-2.241854e-007 10.1049
-2.239854e-007 10.0873
-2.237854e-007 10.0306
-2.235854e-007 9.96365
-2.233854e-007 9.90599
-2.231854e-007 9.86524
-2.229854e-007 9.92428
-2.227854e-007 10.0562
-2.225854e-007 10.1004
-2.223854e-007 10.0696
-2.221854e-007 10.1014
-2.219854e-007 10.2126
-2.217854e-007 10.2599
-2.215854e-007 10.128
-2.213854e-007 9.93775
-2.211854e-007 9.91082
-2.209854e-007 10.021
-2.207854e-007 10.0631
-2.205854e-007 9.98194
-2.203854e-007 9.90944
-2.201854e-007 9.92601
-2.199854e-007 9.97746
-2.197854e-007 10.0306
-2.195854e-007 10.0959
-2.193854e-007 10.1228
-2.191854e-007 10.0772
-2.189854e-007 10.021
-2.187854e-007 9.97538
-2.185854e-007 9.95709
-2.183854e-007 10.0089
-2.181854e-007 10.0324
-2.179854e-007 9.95536
-2.177854e-007 9.88907
-2.175854e-007 9.89494
-2.173854e-007 9.92981
-2.171854e-007 9.97021
-2.169854e-007 10.0044
-2.167854e-007 9.99161
-2.165854e-007 9.93257
-2.163854e-007 9.90668
-2.161854e-007 9.93015
-2.159854e-007 9.96744
-2.157854e-007 10.0365
-2.155854e-007 10.0693
-2.153854e-007 10.0348
-2.151854e-007 10.0676
-2.149854e-007 10.1252
-2.147854e-007 10.0558
-2.145854e-007 9.94638
-2.143854e-007 9.91393
-2.141854e-007 9.95122
-2.139854e-007 10.0379
-2.137854e-007 10.1076
-2.135854e-007 10.1232
-2.133854e-007 10.1169
-2.131854e-007 10.1004
-2.129854e-007 10.0648
-2.127854e-007 10.0037
-2.125854e-007 9.99507
-2.123854e-007 10.1114
-2.121854e-007 10.1857
-2.119854e-007 10.0703
-2.117854e-007 9.94155
-2.115854e-007 9.9526
-2.113854e-007 10.0541
-2.111854e-007 10.1573
-2.109854e-007 10.1456
-2.107854e-007 10.0306
-2.105854e-007 9.96572
-2.103854e-007 9.99576
-2.101854e-007 10.07
-2.099854e-007 10.137
-2.097854e-007 10.1449
-2.095854e-007 10.0931
-2.093854e-007 10.0413
-2.091854e-007 10.0103
-2.089854e-007 9.96192
-2.087854e-007 9.93326
-2.085854e-007 9.95087
-2.083854e-007 9.92221
-2.081854e-007 9.8832
-2.079854e-007 9.97884
-2.077854e-007 10.1125
-2.075854e-007 10.079
-2.073854e-007 9.92359
-2.071854e-007 9.8535
-2.069854e-007 9.92877
-2.067854e-007 10.0185
-2.065854e-007 10.0531
-2.063854e-007 10.1107
-2.061854e-007 10.1974
-2.059854e-007 10.2074
-2.057854e-007 10.1591
-2.055854e-007 10.1201
-2.053854e-007 10.0368
-2.051854e-007 9.93395
-2.049854e-007 9.91634
-2.047854e-007 9.9343
-2.045854e-007 9.91082
-2.043854e-007 9.91738
-2.041854e-007 9.97262
-2.039854e-007 9.99921
-2.037854e-007 10.0324
-2.035854e-007 10.1339
-2.033854e-007 10.234
-2.031854e-007 10.2219
-2.029854e-007 10.0969
-2.027854e-007 10.0071
-2.025854e-007 10.0538
-2.023854e-007 10.1532
-2.021854e-007 10.2005
-2.019854e-007 10.1494
-2.017854e-007 9.99748
-2.015854e-007 9.87802
-2.013854e-007 9.9122
-2.011854e-007 9.98471
-2.009854e-007 9.94983
-2.007854e-007 9.87974
-2.005854e-007 9.91427
-2.003854e-007 10.0486
-2.001854e-007 10.1456
-1.999854e-007 10.1422
-1.997854e-007 10.1318
-1.995854e-007 10.1435
-1.993854e-007 10.1183
-1.991854e-007 10.1052
-1.989854e-007 10.1539
-1.987854e-007 10.1636
-1.985854e-007 10.0617
-1.983854e-007 9.95881
-1.981854e-007 9.97193
-1.979854e-007 10.0541
-1.977854e-007 10.1073
-1.975854e-007 10.0852
-1.973854e-007 10.0282
-1.971854e-007 10.04
-1.969854e-007 10.1076
-1.967854e-007 10.1249
-1.965854e-007 10.1066
-1.963854e-007 10.1069
-1.961854e-007 10.1035
-1.959854e-007 10.0907
-1.957854e-007 10.0765
-1.955854e-007 10.0762
-1.953854e-007 10.1138
-1.951854e-007 10.1263
-1.949854e-007 10.0734
-1.947854e-007 10.0189
-1.945854e-007 9.98712
-1.943854e-007 9.97262
-1.941854e-007 9.99921
-1.939854e-007 10.0127
-1.937854e-007 9.96365
-1.935854e-007 9.95329
-1.933854e-007 10.0227
-1.931854e-007 10.0707
-1.929854e-007 10.0724
-1.927854e-007 10.0797
-1.925854e-007 10.0721
-1.923854e-007 10.0123
-1.921854e-007 9.95122
-1.919854e-007 9.92981
-1.917854e-007 9.89908
-1.915854e-007 9.83969
-1.913854e-007 9.86248
-1.911854e-007 10.022
-1.909854e-007 10.1432
-1.907854e-007 10.1276
-1.905854e-007 10.1049
-1.903854e-007 10.1176
-1.901854e-007 10.1187
-1.899854e-007 10.1249
-1.897854e-007 10.1377
-1.895854e-007 10.1511
-1.893854e-007 10.1511
-1.891854e-007 10.1138
-1.889854e-007 10.0797
-1.887854e-007 10.0486
-1.885854e-007 9.97297
-1.883854e-007 9.93499
-1.881854e-007 10.0141
-1.879854e-007 10.0966
-1.877854e-007 10.0948
-1.875854e-007 10.0451
-1.873854e-007 10.0092
-1.871854e-007 10.0803
-1.869854e-007 10.1929
-1.867854e-007 10.1608
-1.865854e-007 10.002
-1.863854e-007 9.91876
-1.861854e-007 9.99058
-1.859854e-007 10.0734
-1.857854e-007 10.0513
-1.855854e-007 9.93948
-1.853854e-007 9.83521
-1.851854e-007 9.8283
-1.849854e-007 9.84936
-1.847854e-007 9.84522
-1.845854e-007 9.91186
-1.843854e-007 10.0465
-1.841854e-007 10.1556
-1.839854e-007 10.2008
-1.837854e-007 10.1373
-1.835854e-007 10.0151
-1.833854e-007 9.99748
-1.831854e-007 10.1214
-1.829854e-007 10.2319
-1.827854e-007 10.2136
-1.825854e-007 10.1163
-1.823854e-007 10.0493
-1.821854e-007 10.061
-1.819854e-007 10.0755
-1.817854e-007 9.99783
-1.815854e-007 9.87871
-1.813854e-007 9.88838
-1.811854e-007 10.0524
-1.809854e-007 10.1784
-1.807854e-007 10.1732
-1.805854e-007 10.1087
-1.803854e-007 10.0272
-1.801854e-007 9.97849
-1.799854e-007 10.0223
-1.797854e-007 10.0741
-1.795854e-007 10.031
-1.793854e-007 9.95501
-1.791854e-007 9.94604
-1.789854e-007 10.002
-1.787854e-007 10.0769
-1.785854e-007 10.1256
-1.783854e-007 10.0841
-1.781854e-007 9.96744
-1.779854e-007 9.88907
-1.777854e-007 9.91427
-1.775854e-007 10.0023
-1.773854e-007 10.0538
-1.771854e-007 10.0292
-1.769854e-007 9.99403
-1.767854e-007 10.003
-1.765854e-007 10.0513
-1.763854e-007 10.0852
-1.761854e-007 10.0797
-1.759854e-007 10.0776
-1.757854e-007 10.0693
-1.755854e-007 10.0234
-1.753854e-007 9.96675
-1.751854e-007 9.89839
-1.749854e-007 9.88285
-1.747854e-007 10.0099
-1.745854e-007 10.1225
-1.743854e-007 10.0821
-1.741854e-007 10.0527
-1.739854e-007 10.1373
-1.737854e-007 10.187
-1.735854e-007 10.1394
-1.733854e-007 10.0969
-1.731854e-007 10.0683
-1.729854e-007 10.0179
-1.727854e-007 9.98781
-1.725854e-007 9.97297
-1.723854e-007 9.92256
-1.721854e-007 9.89873
-1.719854e-007 9.974
-1.717854e-007 10.0507
-1.715854e-007 10.0272
-1.713854e-007 9.98264
-1.711854e-007 10.0434
-1.709854e-007 10.1784
-1.707854e-007 10.2664
-1.705854e-007 10.2499
-1.703854e-007 10.1508
-1.701854e-007 10.071
-1.699854e-007 10.0355
-1.697854e-007 9.99437
-1.695854e-007 10.0016
-1.693854e-007 10.0179
-1.691854e-007 9.93223
-1.689854e-007 9.86455
-1.687854e-007 9.90529
-1.685854e-007 9.98505
-1.683854e-007 10.0721
-1.681854e-007 10.1069
-1.679854e-007 10.1007
-1.677854e-007 10.1321
-1.675854e-007 10.1466
-1.673854e-007 10.129
-1.671854e-007 10.1622
-1.669854e-007 10.235
-1.667854e-007 10.2696
-1.665854e-007 10.2229
-1.663854e-007 10.1314
-1.661854e-007 10.0524
-1.659854e-007 10.0134
-1.657854e-007 10.0475
-1.655854e-007 10.1149
-1.653854e-007 10.1024
-1.651854e-007 10.0092
-1.649854e-007 9.94017
-1.647854e-007 9.91703
-1.645854e-007 9.88769
-1.643854e-007 9.88389
-1.641854e-007 9.94673
-1.639854e-007 10.0237
-1.637854e-007 10.0489
-1.635854e-007 9.97711
-1.633854e-007 9.88009
-1.631854e-007 9.93913
-1.629854e-007 10.1014
-1.627854e-007 10.1549
-1.625854e-007 10.0942
-1.623854e-007 10.0372
-1.621854e-007 10.0196
-1.619854e-007 10.0106
-1.617854e-007 10.012
-1.615854e-007 10.0044
-1.613854e-007 9.95709
-1.611854e-007 9.93292
-1.609854e-007 9.95225
-1.607854e-007 9.99886
-1.605854e-007 10.0617
-1.603854e-007 10.0779
-1.601854e-007 10.062
-1.599854e-007 10.0748
-1.597854e-007 10.0852
-1.595854e-007 10.0403
-1.593854e-007 9.96675
-1.591854e-007 9.93637
-1.589854e-007 9.98367
-1.587854e-007 10.0852
-1.585854e-007 10.1349
-1.583854e-007 10.0945
-1.581854e-007 10.0658
-1.579854e-007 10.0724
-1.577854e-007 10.051
-1.575854e-007 10.0403
-1.573854e-007 10.1211
-1.571854e-007 10.1957
-1.569854e-007 10.1373
-1.567854e-007 10.0379
-1.565854e-007 10.0054
-1.563854e-007 9.99576
-1.561854e-007 9.96848
-1.559854e-007 9.98333
-1.557854e-007 10.0634
-1.555854e-007 10.0959
-1.553854e-007 10.0455
-1.551854e-007 10.0189
-1.549854e-007 10.051
-1.547854e-007 10.1028
-1.545854e-007 10.119
-1.543854e-007 10.0631
-1.541854e-007 9.99576
-1.539854e-007 9.97193
-1.537854e-007 9.94258
-1.535854e-007 9.88458
-1.533854e-007 9.88527
-1.531854e-007 9.97124
-1.529854e-007 10.0206
-1.527854e-007 9.99541
-1.525854e-007 9.97159
-1.523854e-007 9.974
-1.521854e-007 10.0265
-1.519854e-007 10.0973
-1.517854e-007 10.07
-1.515854e-007 9.98194
-1.513854e-007 9.9854
-1.511854e-007 10.0945
-1.509854e-007 10.1933
-1.507854e-007 10.1881
-1.505854e-007 10.1097
-1.503854e-007 10.0551
-1.501854e-007 10.032
-1.499854e-007 10.0085
-1.497854e-007 9.9854
-1.495854e-007 9.9961
-1.493854e-007 10.1056
-1.491854e-007 10.2261
-1.489854e-007 10.1629
-1.487854e-007 10.0023
-1.485854e-007 9.98471
-1.483854e-007 10.0462
-1.481854e-007 9.9923
-1.479854e-007 9.89597
-1.477854e-007 9.91703
-1.475854e-007 9.99058
-1.473854e-007 10.0051
-1.471854e-007 10.0275
-1.469854e-007 10.098
-1.467854e-007 10.1145
-1.465854e-007 10.0734
-1.463854e-007 10.0555
-1.461854e-007 10.0538
-1.459854e-007 10.0258
-1.457854e-007 9.95087
-1.455854e-007 9.91324
-1.453854e-007 10.003
-1.451854e-007 10.0779
-1.449854e-007 9.98264
-1.447854e-007 9.83797
-1.445854e-007 9.81449
-1.443854e-007 9.83417
-1.441854e-007 9.82312
-1.439854e-007 9.90944
-1.437854e-007 10.0096
-1.435854e-007 9.88113
-1.433854e-007 9.69433
-1.431854e-007 9.74509
-1.429854e-007 9.94638
-1.427854e-007 10.09
-1.425854e-007 10.1
-1.423854e-007 10.0034
-1.421854e-007 9.91634
-1.419854e-007 9.93257
-1.417854e-007 9.9999
-1.415854e-007 10.0469
-1.413854e-007 10.0828
-1.411854e-007 10.0693
-1.409854e-007 9.99852
-1.407854e-007 9.95847
-1.405854e-007 9.92636
-1.403854e-007 9.89494
-1.401854e-007 9.95985
-1.399854e-007 10.0582
-1.397854e-007 10.1111
-1.395854e-007 10.1501
-1.393854e-007 10.1366
-1.391854e-007 10.0866
-1.389854e-007 10.119
-1.387854e-007 10.1701
-1.385854e-007 10.0869
-1.383854e-007 10.0078
-1.381854e-007 10.0779
-1.379854e-007 10.1173
-1.377854e-007 10.0265
-1.375854e-007 9.88492
-1.373854e-007 9.76132
-1.371854e-007 9.73473
-1.369854e-007 9.7551
-1.367854e-007 9.74613
-1.365854e-007 9.77824
-1.363854e-007 9.88044
-1.361854e-007 10.002
-1.359854e-007 10.0948
-1.357854e-007 10.0862
-1.355854e-007 9.99852
-1.353854e-007 9.9854
-1.351854e-007 10.0886
-1.349854e-007 10.2029
-1.347854e-007 10.215
-1.345854e-007 10.0828
-1.343854e-007 9.92739
-1.341854e-007 9.95501
-1.339854e-007 10.137
-1.337854e-007 10.1957
-1.335854e-007 10.0848
-1.333854e-007 10.0531
-1.331854e-007 10.1276
-1.329854e-007 10.129
-1.327854e-007 10.0465
-1.325854e-007 10.0092
-1.323854e-007 10.0482
-1.321854e-007 10.051
-1.319854e-007 9.99265
-1.317854e-007 9.97297
-1.315854e-007 10.0092
-1.313854e-007 10.0707
-1.311854e-007 10.1218
-1.309854e-007 10.129
-1.307854e-007 10.1477
-1.305854e-007 10.1746
-1.303854e-007 10.1232
-1.301854e-007 10.0524
-1.299854e-007 10.0475
-1.297854e-007 10.0482
-1.295854e-007 10.0479
-1.293854e-007 10.1239
-1.291854e-007 10.2046
-1.289854e-007 10.1611
-1.287854e-007 10.0431
-1.285854e-007 9.97677
-1.283854e-007 10.0065
-1.281854e-007 10.081
-1.279854e-007 10.1152
-1.277854e-007 10.1011
-1.275854e-007 10.0534
-1.273854e-007 9.96675
-1.271854e-007 9.91013
-1.269854e-007 9.95329
-1.267854e-007 10.0406
-1.265854e-007 10.0859
-1.263854e-007 10.0714
-1.261854e-007 10.0089
-1.259854e-007 9.96123
-1.257854e-007 9.9671
-1.255854e-007 9.99541
-1.253854e-007 10.0344
-1.251854e-007 10.0268
-1.249854e-007 9.94535
-1.247854e-007 9.91047
-1.245854e-007 9.98229
-1.243854e-007 10.0935
-1.241854e-007 10.1812
-1.239854e-007 10.1729
-1.237854e-007 10.0765
-1.235854e-007 10.0268
-1.233854e-007 10.0558
-1.231854e-007 10.0696
-1.229854e-007 10.0406
-1.227854e-007 10.0154
-1.225854e-007 10.0179
-1.223854e-007 9.99437
-1.221854e-007 9.94086
-1.219854e-007 9.89839
-1.217854e-007 9.85868
-1.215854e-007 9.85868
-1.213854e-007 9.8718
-1.211854e-007 9.8535
-1.209854e-007 9.89666
-1.207854e-007 9.96261
-1.205854e-007 9.94707
-1.203854e-007 9.94086
-1.201854e-007 9.99023
-1.199854e-007 10.0417
-1.197854e-007 10.052
-1.195854e-007 9.97297
-1.193854e-007 9.90012
-1.191854e-007 9.98022
-1.189854e-007 10.1411
-1.187854e-007 10.2305
-1.185854e-007 10.2271
-1.183854e-007 10.1767
-1.181854e-007 10.1197
-1.179854e-007 10.0855
-1.177854e-007 10.0931
-1.175854e-007 10.139
-1.173854e-007 10.1946
-1.171854e-007 10.1974
-1.169854e-007 10.1142
-1.167854e-007 10.0424
-1.165854e-007 10.0372
-1.163854e-007 9.99334
-1.161854e-007 9.91255
-1.159854e-007 9.93292
-1.157854e-007 10.0227
-1.155854e-007 10.0545
-1.153854e-007 10.0334
-1.151854e-007 10.0065
-1.149854e-007 10.0168
-1.147854e-007 10.0731
-1.145854e-007 10.11
-1.143854e-007 10.1024
-1.141854e-007 10.0772
-1.139854e-007 10.0617
-1.137854e-007 10.0869
-1.135854e-007 10.079
-1.133854e-007 9.97884
-1.131854e-007 9.94845
-1.129854e-007 9.99576
-1.127854e-007 9.95467
-1.125854e-007 9.91116
-1.123854e-007 9.95639
-1.121854e-007 9.99748
-1.119854e-007 10.0047
-1.117854e-007 9.99368
-1.115854e-007 9.94466
-1.113854e-007 9.87767
-1.111854e-007 9.88285
-1.109854e-007 9.97297
-1.107854e-007 10.0437
-1.105854e-007 10.079
-1.103854e-007 10.1121
-1.101854e-007 10.1018
-1.099854e-007 10.0437
-1.097854e-007 10.0175
-1.095854e-007 10.0513
-1.093854e-007 10.0379
-1.091854e-007 9.98747
-1.089854e-007 10.0524
-1.087854e-007 10.147
-1.085854e-007 10.1111
-1.083854e-007 10.0441
-1.081854e-007 10.0265
-1.079854e-007 9.9999
-1.077854e-007 9.98402
-1.075854e-007 9.95501
-1.073854e-007 9.90633
-1.071854e-007 9.98678
-1.069854e-007 10.1515
-1.067854e-007 10.1884
-1.065854e-007 10.1328
-1.063854e-007 10.1491
-1.061854e-007 10.2195
-1.059854e-007 10.2147
-1.057854e-007 10.0565
-1.055854e-007 9.8535
-1.053854e-007 9.84073
-1.051854e-007 9.99265
-1.049854e-007 10.0541
-1.047854e-007 9.99783
-1.045854e-007 9.96088
-1.043854e-007 9.97055
-1.041854e-007 10.0075
-1.039854e-007 10.07
-1.037854e-007 10.1439
-1.035854e-007 10.137
-1.033854e-007 9.97849
-1.031854e-007 9.85247
-1.029854e-007 9.95363
-1.027854e-007 10.1387
-1.025854e-007 10.1943
-1.023854e-007 10.1166
-1.021854e-007 9.98816
-1.019854e-007 9.91945
-1.017854e-007 9.99437
-1.015854e-007 10.0741
-1.013854e-007 9.974
-1.011854e-007 9.86904
-1.009854e-007 9.99161
-1.007854e-007 10.2219
-1.005854e-007 10.3186
-1.003854e-007 10.185
-1.001854e-007 9.95812
-9.998535e-008 9.86628
-9.978535e-008 9.95639
-9.958535e-008 10.1121
-9.938535e-008 10.1953
-9.918535e-008 10.1705
-9.898535e-008 10.1363
-9.878535e-008 10.1363
-9.858535e-008 10.0935
-9.838535e-008 10.0337
-9.818535e-008 10.0289
-9.798535e-008 9.99299
-9.778535e-008 9.93706
-9.758535e-008 9.99576
-9.738535e-008 10.1011
-9.718535e-008 10.1577
-9.698535e-008 10.1625
-9.678535e-008 10.0161
-9.658535e-008 9.80206
-9.638535e-008 9.82519
-9.618535e-008 10.07
-9.598535e-008 10.205
-9.578535e-008 10.0538
-9.558535e-008 9.81863
-9.538535e-008 9.78583
-9.518535e-008 9.87733
-9.498535e-008 9.89148
-9.478535e-008 9.88389
-9.458535e-008 9.93326
-9.438535e-008 9.97573
-9.418535e-008 9.98264
-9.398535e-008 9.99334
-9.378535e-008 10.0065
-9.358535e-008 10.0185
-9.338535e-008 10.0507
-9.318535e-008 10.0579
-9.298535e-008 9.99437
-9.278535e-008 9.96019
-9.258535e-008 10.0261
-9.238535e-008 10.1031
-9.218535e-008 10.1045
-9.198535e-008 10.079
-9.178535e-008 10.1266
-9.158535e-008 10.1853
-9.138535e-008 10.1218
-9.118535e-008 10.0254
-9.098535e-008 10.0282
-9.078535e-008 10.0513
-9.058535e-008 10.0223
-9.038535e-008 9.99334
-9.018535e-008 9.98367
-8.998535e-008 9.96813
-8.978535e-008 10.0089
-8.958535e-008 10.1373
-8.938535e-008 10.1556
-8.918535e-008 9.97435
-8.898535e-008 9.84384
-8.878535e-008 9.92014
-8.858535e-008 10.0427
-8.838535e-008 10.0424
-8.818535e-008 10.0106
-8.798535e-008 10.0803
-8.778535e-008 10.1266
-8.758535e-008 10.04
-8.738535e-008 9.95156
-8.718535e-008 10.0089
-8.698535e-008 10.1888
-8.678535e-008 10.3037
-8.658535e-008 10.2143
-8.638535e-008 10.06
-8.618535e-008 9.99921
-8.598535e-008 9.98816
-8.578535e-008 10.0123
-8.558535e-008 10.0555
-8.538535e-008 10.0068
-8.518535e-008 9.88769
-8.498535e-008 9.87664
-8.478535e-008 10.002
-8.458535e-008 10.089
-8.438535e-008 10.0731
-8.418535e-008 10.0071
-8.398535e-008 9.92739
-8.378535e-008 9.92359
-8.358535e-008 10.0144
-8.338535e-008 10.0993
-8.318535e-008 10.1715
-8.298535e-008 10.234
-8.278535e-008 10.2212
-8.258535e-008 10.1636
-8.238535e-008 10.0738
-8.218535e-008 9.94362
-8.198535e-008 9.89666
-8.178535e-008 9.95778
-8.158535e-008 10.0027
-8.138535e-008 10.0382
-8.118535e-008 10.1014
-8.098535e-008 10.1228
-8.078535e-008 10.0755
-8.058535e-008 9.97711
-8.038535e-008 9.90633
-8.018535e-008 9.9816
-7.998535e-008 10.1069
-7.978535e-008 10.0983
-7.958535e-008 10.0085
-7.938535e-008 9.96296
-7.918535e-008 9.97953
-7.898535e-008 10.0645
-7.878535e-008 10.1408
-7.858535e-008 10.0714
-7.838535e-008 9.93499
-7.818535e-008 9.9267
-7.798535e-008 10.0475
-7.778535e-008 10.1425
-7.758535e-008 10.1093
-7.738535e-008 10.0123
-7.718535e-008 9.98333
-7.698535e-008 10.0292
-7.678535e-008 10.0634
-7.658535e-008 10.0469
-7.638535e-008 9.99714
-7.618535e-008 9.97642
-7.598535e-008 10.0196
-7.578535e-008 10.062
-7.558535e-008 10.0714
-7.538535e-008 10.0603
-7.518535e-008 10.0327
-7.498535e-008 10.0275
-7.478535e-008 10.0248
-7.458535e-008 10.0027
-7.438535e-008 10.04
-7.418535e-008 10.0931
-7.398535e-008 10.032
-7.378535e-008 9.95985
-7.358535e-008 10.0462
-7.338535e-008 10.1549
-7.318535e-008 10.137
-7.298535e-008 10.1156
-7.278535e-008 10.129
-7.258535e-008 10.0866
-7.238535e-008 10.0444
-7.218535e-008 10.0458
-7.198535e-008 10.0386
-7.178535e-008 10.0448
-7.158535e-008 10.0828
-7.138535e-008 10.1366
-7.118535e-008 10.2292
-7.098535e-008 10.2751
-7.078535e-008 10.1718
-7.058535e-008 10.0462
-7.038535e-008 10.0306
-7.018535e-008 10.0683
-6.998535e-008 10.0935
-6.978535e-008 10.0879
-6.958535e-008 10.0565
-6.938535e-008 10.0372
-6.918535e-008 10.0313
-6.898535e-008 10.0351
-6.878535e-008 10.0924
-6.858535e-008 10.1653
-6.838535e-008 10.1477
-6.818535e-008 10.0299
-6.798535e-008 9.89943
-6.778535e-008 9.90806
-6.758535e-008 10.0855
-6.738535e-008 10.1722
-6.718535e-008 10.0614
-6.698535e-008 10.0189
-6.678535e-008 10.1021
-6.658535e-008 10.11
-6.638535e-008 10.0593
-6.618535e-008 10.0196
-6.598535e-008 9.95916
-6.578535e-008 9.94051
-6.558535e-008 9.97642
-6.538535e-008 10.0047
-6.518535e-008 10.0334
-6.498535e-008 10.0562
-6.478535e-008 10.0652
-6.458535e-008 10.0828
-6.438535e-008 10.0973
-6.418535e-008 10.0959
-6.398535e-008 10.0693
-6.378535e-008 10.0172
-6.358535e-008 10.0089
-6.338535e-008 10.0679
-6.318535e-008 10.1004
-6.298535e-008 10.0572
-6.278535e-008 10.0106
-6.258535e-008 10.0437
-6.238535e-008 10.1363
-6.218535e-008 10.1874
-6.198535e-008 10.1397
-6.178535e-008 10.0531
-6.158535e-008 10.0203
-6.138535e-008 10.05
-6.118535e-008 10.1131
-6.098535e-008 10.1556
-6.078535e-008 10.1049
-6.058535e-008 9.99714
-6.038535e-008 9.92567
-6.018535e-008 9.91634
-5.998535e-008 9.94707
-5.978535e-008 9.96952
-5.958535e-008 9.98747
-5.938535e-008 10.0192
-5.918535e-008 10.0137
-5.898535e-008 9.97884
-5.878535e-008 9.99161
-5.858535e-008 10.0524
-5.838535e-008 10.0672
-5.818535e-008 9.99645
-5.798535e-008 9.95743
-5.778535e-008 9.99196
-5.758535e-008 10.0051
-5.738535e-008 10.0175
-5.718535e-008 10.051
-5.698535e-008 10.0147
-5.678535e-008 9.93602
-5.658535e-008 9.9229
-5.638535e-008 9.95674
-5.618535e-008 9.9816
-5.598535e-008 10.0103
-5.578535e-008 10.0558
-5.558535e-008 10.0728
-5.538535e-008 10.0413
-5.518535e-008 10.069
-5.498535e-008 10.1563
-5.478535e-008 10.1097
-5.458535e-008 9.96468
-5.438535e-008 9.9343
-5.418535e-008 9.96434
-5.398535e-008 9.90495
-5.378535e-008 9.83969
-5.358535e-008 9.8832
-5.338535e-008 9.97469
-5.318535e-008 10.021
-5.298535e-008 10.0161
-5.278535e-008 10.022
-5.258535e-008 10.0603
-5.238535e-008 10.071
-5.218535e-008 10.0503
-5.198535e-008 10.0403
-5.178535e-008 10.0558
-5.158535e-008 10.1076
-5.138535e-008 10.196
-5.118535e-008 10.2844
-5.098535e-008 10.3497
-5.078535e-008 10.3648
-5.058535e-008 10.2616
-5.038535e-008 10.1138
-5.018535e-008 10.0569
-4.998535e-008 10.0337
-4.978535e-008 10.0085
-4.958535e-008 10.0831
-4.938535e-008 10.2043
-4.918535e-008 10.2185
-4.898535e-008 10.1487
-4.878535e-008 10.0797
-4.858535e-008 9.99472
-4.838535e-008 9.91186
-4.818535e-008 9.90115
-4.798535e-008 9.96848
-4.778535e-008 10.0365
-4.758535e-008 10.0351
-4.738535e-008 9.99023
-4.718535e-008 9.9557
-4.698535e-008 9.95985
-4.678535e-008 10.0054
-4.658535e-008 10.062
-4.638535e-008 10.098
-4.618535e-008 10.1018
-4.598535e-008 10.0486
-4.578535e-008 9.90978
-4.558535e-008 9.80517
-4.538535e-008 9.8832
-4.518535e-008 10.0092
-4.498535e-008 9.99921
-4.478535e-008 9.974
-4.458535e-008 10.0275
-4.438535e-008 10.0441
-4.418535e-008 10.0185
-4.398535e-008 10.0382
-4.378535e-008 10.0983
-4.358535e-008 10.1221
-4.338535e-008 10.0873
-4.318535e-008 10.0904
-4.298535e-008 10.1373
-4.278535e-008 10.119
-4.258535e-008 10.0734
-4.238535e-008 10.0986
-4.218535e-008 10.1018
-4.198535e-008 10.0158
-4.178535e-008 10.0075
-4.158535e-008 10.1018
-4.138535e-008 10.0907
-4.118535e-008 9.97608
-4.098535e-008 9.89977
-4.078535e-008 9.89321
-4.058535e-008 9.95847
-4.038535e-008 10.0465
-4.018535e-008 10.0855
-3.998535e-008 10.0911
-3.978535e-008 10.0814
-3.958535e-008 10.0555
-3.938535e-008 10.0503
-3.918535e-008 10.1011
-3.898535e-008 10.1743
-3.878535e-008 10.1919
-3.858535e-008 10.1294
-3.838535e-008 10.0382
-3.818535e-008 10.0192
-3.798535e-008 10.1201
-3.778535e-008 10.2243
-3.758535e-008 10.2122
-3.738535e-008 10.1076
-3.718535e-008 9.98125
-3.698535e-008 9.93154
-3.678535e-008 9.98989
-3.658535e-008 10.0134
-3.638535e-008 9.95467
-3.618535e-008 9.94983
-3.598535e-008 10.0355
-3.578535e-008 10.1087
-3.558535e-008 10.1245
-3.538535e-008 10.1494
-3.518535e-008 10.1877
-3.498535e-008 10.1594
-3.478535e-008 10.071
-3.458535e-008 9.95398
-3.438535e-008 9.85765
-3.418535e-008 9.87491
-3.398535e-008 9.95605
-3.378535e-008 10.0075
-3.358535e-008 10.0289
-3.338535e-008 10.0092
-3.318535e-008 9.96365
-3.298535e-008 9.94466
-3.278535e-008 9.97608
-3.258535e-008 10.0248
-3.238535e-008 10.0189
-3.218535e-008 9.97815
-3.198535e-008 9.98954
-3.178535e-008 10.0627
-3.158535e-008 10.1263
-3.138535e-008 10.0672
-3.118535e-008 9.90633
-3.098535e-008 9.85212
-3.078535e-008 9.96675
-3.058535e-008 10.0862
-3.038535e-008 10.0841
-3.018535e-008 9.9999
-2.998535e-008 10.0082
-2.978535e-008 10.1287
-2.958535e-008 10.1756
-2.938535e-008 10.0938
-2.918535e-008 9.99748
-2.898535e-008 9.974
-2.878535e-008 9.97642
-2.858535e-008 9.92843
-2.838535e-008 9.87733
-2.818535e-008 9.92083
-2.798535e-008 10.051
-2.778535e-008 10.1549
-2.758535e-008 10.1446
-2.738535e-008 9.99852
-2.718535e-008 9.81311
-2.698535e-008 9.82416
-2.678535e-008 10.0324
-2.658535e-008 10.1491
-2.638535e-008 10.07
-2.618535e-008 9.9633
-2.598535e-008 9.99161
-2.578535e-008 10.1252
-2.558535e-008 10.1573
-2.538535e-008 9.98989
-2.518535e-008 9.83728
-2.498535e-008 9.89045
-2.478535e-008 9.99161
-2.458535e-008 9.98056
-2.438535e-008 9.97435
-2.418535e-008 10.0558
-2.398535e-008 10.1404
-2.378535e-008 10.1832
-2.358535e-008 10.1373
-2.338535e-008 9.99921
-2.318535e-008 9.93706
-2.298535e-008 10.0082
-2.278535e-008 10.0835
-2.258535e-008 10.0928
-2.238535e-008 10.0486
-2.218535e-008 10.0109
-2.198535e-008 10.0141
-2.178535e-008 9.99472
-2.158535e-008 9.95329
-2.138535e-008 9.96744
-2.118535e-008 9.99817
-2.098535e-008 10.013
-2.078535e-008 10.0838
-2.058535e-008 10.1473
-2.038535e-008 10.0786
-2.018535e-008 9.97953
-1.998535e-008 9.99403
-1.978535e-008 10.0548
-1.958535e-008 10.0676
-1.938535e-008 10.061
-1.918535e-008 10.0997
-1.898535e-008 10.1487
-1.878535e-008 10.1294
-1.858535e-008 10.0952
-1.838535e-008 10.1138
-1.818535e-008 10.1428
-1.798535e-008 10.1014
-1.778535e-008 9.98989
-1.758535e-008 9.95639
-1.738535e-008 10.0389
-1.718535e-008 10.0652
-1.698535e-008 9.98851
-1.678535e-008 9.95501
-1.658535e-008 10.0051
-1.638535e-008 10.0103
-1.618535e-008 9.9381
-1.598535e-008 9.90219
-1.578535e-008 9.9488
-1.558535e-008 10.0085
-1.538535e-008 10.0109
-1.518535e-008 9.99127
-1.498535e-008 10.0292
-1.478535e-008 10.0714
-1.458535e-008 10.0389
-1.438535e-008 9.98056
-1.418535e-008 9.95191
-1.398535e-008 9.97331
-1.378535e-008 10.022
-1.358535e-008 10.0192
-1.338535e-008 9.97918
-1.318535e-008 10.0009
-1.298535e-008 10.0772
-1.278535e-008 10.1052
-1.258535e-008 10.0662
-1.238535e-008 10.0013
-1.218535e-008 9.91738
-1.198535e-008 9.88941
-1.178535e-008 9.99507
-1.158535e-008 10.1594
-1.138535e-008 10.253
-1.118535e-008 10.2178
-1.098535e-008 10.1114
-1.078535e-008 10.0797
-1.058535e-008 10.1608
-1.038535e-008 10.2406
-1.018535e-008 10.205
-9.985352e-009 10.0462
-9.785352e-009 9.91945
-9.585352e-009 9.94362
-9.385352e-009 9.99265
-9.185352e-009 9.95329
-8.985352e-009 9.93361
-8.785352e-009 10.0078
-8.585352e-009 10.0507
-8.385352e-009 10.0158
-8.185352e-009 10.0341
-7.985352e-009 10.1201
-7.785352e-009 10.1201
-7.585352e-009 9.99127
-7.385352e-009 9.89494
-7.185352e-009 9.9305
-6.985352e-009 10.0393
-6.785352e-009 10.137
-6.585352e-009 10.1321
-6.385352e-009 10.0113
-6.185352e-009 9.9305
-5.985352e-009 10.0123
-5.785352e-009 10.1204
-5.585352e-009 10.0928
-5.385352e-009 10.0027
-5.185352e-009 9.98505
-4.985352e-009 10.0548
-4.785352e-009 10.1477
-4.585352e-009 10.1867
-4.385352e-009 10.1028
-4.185352e-009 9.92118
-3.985352e-009 9.83555
-3.785352e-009 9.94569
-3.585352e-009 10.0748
-3.385352e-009 10.109
-3.185352e-009 10.0772
-2.985352e-009 9.99265
-2.785352e-009 9.96503
-2.585352e-009 10.0292
-2.385352e-009 10.0368
-2.185352e-009 9.94983
-1.985352e-009 9.81
-1.785352e-009 9.57556
-1.585352e-009 9.16089
-1.385352e-009 8.44446
-1.185352e-009 7.38068
-9.853517e-010 6.127
-7.853517e-010 4.87022
-5.853517e-010 3.76846
-3.853517e-010 2.93325
-1.853517e-010 2.29726
1.464829e-011 1.85601
2.146483e-010 1.71238
4.146483e-010 1.71583
6.146483e-010 1.62468
8.146483e-010 1.45619
1.014648e-009 1.35502
1.214648e-009 1.3678
1.414648e-009 1.41441
1.614648e-009 1.38989
1.814648e-009 1.32118
2.014648e-009 1.30806
2.214648e-009 1.30599
2.414648e-009 1.27492
2.614648e-009 1.35191
2.814648e-009 1.48795
3.014648e-009 1.4403
3.214648e-009 1.27872
3.414648e-009 1.21173
3.614648e-009 1.20241
3.814648e-009 1.18584
4.014648e-009 1.22485
4.214648e-009 1.3533
4.414648e-009 1.47
4.614648e-009 1.44307
4.814648e-009 1.31877
5.014648e-009 1.26767
5.214648e-009 1.3053
5.414648e-009 1.32222
5.614648e-009 1.3236
5.814648e-009 1.34087
6.014648e-009 1.30323
6.214648e-009 1.25144
6.414648e-009 1.3129
6.614648e-009 1.41752
6.814648e-009 1.40785
7.014648e-009 1.31359
7.214648e-009 1.27699
7.414648e-009 1.32049
7.614648e-009 1.33465
7.814648e-009 1.29011
8.014648e-009 1.27078
8.214648e-009 1.26974
8.414648e-009 1.25351
8.614648e-009 1.30185
8.814648e-009 1.40094
9.014648e-009 1.38437
9.214648e-009 1.25662
9.414648e-009 1.2
9.614648e-009 1.21553
9.814648e-009 1.17203
1.001465e-008 1.08398
1.021465e-008 1.07017
1.041465e-008 1.16132
1.061465e-008 1.28251
1.081465e-008 1.32326
1.101465e-008 1.25248
1.121465e-008 1.19516
1.141465e-008 1.21346
1.161465e-008 1.22762
1.181465e-008 1.16927
1.201465e-008 1.0574
1.221465e-008 1.05118
1.241465e-008 1.19723
1.261465e-008 1.30081
1.281465e-008 1.29425
1.301465e-008 1.29149
1.321465e-008 1.32913
1.341465e-008 1.33189
1.361465e-008 1.26456
1.381465e-008 1.17583
1.401465e-008 1.1047
1.421465e-008 1.06638
1.441465e-008 1.07639
1.461465e-008 1.12438
1.481465e-008 1.14682
1.501465e-008 1.08295
1.521465e-008 1.01044
1.541465e-008 1.0315
1.561465e-008 1.05187
1.581465e-008 0.983856
1.601465e-008 0.931375
1.621465e-008 0.971771
1.641465e-008 1.046
1.661465e-008 1.07742
1.681465e-008 1.07328
1.701465e-008 1.11713
1.721465e-008 1.17859
1.741465e-008 1.15097
1.761465e-008 1.07673
1.781465e-008 1.05222
1.801465e-008 1.09193
1.821465e-008 1.18826
1.841465e-008 1.27181
1.861465e-008 1.23418
1.881465e-008 1.17203
1.901465e-008 1.2214
1.921465e-008 1.21622
1.941465e-008 1.03116
1.961465e-008 0.883037
1.981465e-008 0.943114
2.001465e-008 1.09918
2.021465e-008 1.20276
2.041465e-008 1.23797
2.061465e-008 1.27181
2.081465e-008 1.29598
2.101465e-008 1.23832
2.121465e-008 1.15649
2.141465e-008 1.10608
2.161465e-008 1.05153
2.181465e-008 1.02632
2.201465e-008 1.05809
2.221465e-008 1.08709
2.241465e-008 1.05222
2.261465e-008 0.954163
2.281465e-008 0.91204
2.301465e-008 1.00872
2.321465e-008 1.11955
2.341465e-008 1.13232
2.361465e-008 1.11022
2.381465e-008 1.06879
2.401465e-008 1.00837
2.421465e-008 1.02356
2.441465e-008 1.07155
2.461465e-008 1.11333
2.481465e-008 1.19792
2.501465e-008 1.23521
2.521465e-008 1.19689
2.541465e-008 1.16167
2.561465e-008 1.12127
2.581465e-008 1.08606
2.601465e-008 1.09849
2.621465e-008 1.12507
2.641465e-008 1.13957
2.661465e-008 1.15718
2.681465e-008 1.15891
2.701465e-008 1.14268
2.721465e-008 1.14786
2.741465e-008 1.14475
2.761465e-008 1.1192
2.781465e-008 1.12265
2.801465e-008 1.11126
2.821465e-008 1.07259
2.841465e-008 1.08537
2.861465e-008 1.12542
2.881465e-008 1.15511
2.901465e-008 1.20552
2.921465e-008 1.23521
2.941465e-008 1.17375
2.961465e-008 1.07777
2.981465e-008 1.0353
3.001465e-008 1.04255
3.021465e-008 1.06845
3.041465e-008 1.07328
3.061465e-008 1.05498
3.081465e-008 1.04773
3.101465e-008 1.03012
3.121465e-008 1.01528
3.141465e-008 1.05982
3.161465e-008 1.11299
3.181465e-008 1.09262
3.201465e-008 1.03496
3.221465e-008 1.0025
3.241465e-008 0.989725
3.261465e-008 1.01735
3.281465e-008 1.10677
3.301465e-008 1.15994
3.321465e-008 1.10297
3.341465e-008 1.03392
3.361465e-008 1.03254
3.381465e-008 1.04462
3.401465e-008 1.03599
3.421465e-008 1.01769
3.441465e-008 1.02598
3.461465e-008 1.08951
3.481465e-008 1.14061
3.501465e-008 1.16823
3.521465e-008 1.19378
3.541465e-008 1.13957
3.561465e-008 1.04704
3.581465e-008 1.02494
3.601465e-008 1.06016
3.621465e-008 1.14268
3.641465e-008 1.22313
3.661465e-008 1.20034
3.681465e-008 1.11092
3.701465e-008 1.04773
3.721465e-008 1.0574
3.741465e-008 1.12473
3.761465e-008 1.13163
3.781465e-008 1.07673
3.801465e-008 1.06845
3.821465e-008 1.05326
3.841465e-008 0.972807
3.861465e-008 0.939316
3.881465e-008 1.00043
3.901465e-008 1.08537
3.921465e-008 1.16788
3.941465e-008 1.17824
3.961465e-008 1.08916
3.981465e-008 1.0681
4.001465e-008 1.18101
4.021465e-008 1.27906
4.041465e-008 1.26042
4.061465e-008 1.16719
4.081465e-008 1.1451
4.101465e-008 1.24695
4.121465e-008 1.2984
4.141465e-008 1.21277
4.161465e-008 1.12404
4.181465e-008 1.0826
4.201465e-008 1.05429
4.221465e-008 1.06776
4.241465e-008 1.10297
4.261465e-008 1.10953
4.281465e-008 1.11022
4.301465e-008 1.09814
4.321465e-008 1.07225
4.341465e-008 1.10056
4.361465e-008 1.13025
4.381465e-008 1.08571
4.401465e-008 1.04946
4.421465e-008 1.05429
4.441465e-008 1.06741
4.461465e-008 1.11299
4.481465e-008 1.16754
4.501465e-008 1.19205
4.521465e-008 1.19309
4.541465e-008 1.17514
4.561465e-008 1.16961
4.581465e-008 1.16305
4.601465e-008 1.07535
4.621465e-008 0.948984
4.641465e-008 0.904444
4.661465e-008 0.954163
4.681465e-008 1.04877
4.701465e-008 1.10574
4.721465e-008 1.07052
4.741465e-008 1.01873
4.761465e-008 1.01562
4.781465e-008 1.04324
4.801465e-008 1.09572
4.821465e-008 1.15822
4.841465e-008 1.16167
4.861465e-008 1.07639
4.881465e-008 0.960377
4.901465e-008 0.907896
4.921465e-008 0.972807
4.941465e-008 1.08709
4.961465e-008 1.13405
4.981465e-008 1.11057
5.001465e-008 1.11092
5.021465e-008 1.14268
5.041465e-008 1.15304
5.061465e-008 1.13405
5.081465e-008 1.05912
5.101465e-008 0.953472
5.121465e-008 0.943459
5.141465e-008 1.04186
5.161465e-008 1.07604
5.181465e-008 1.02978
5.201465e-008 1.06983
5.221465e-008 1.14544
5.241465e-008 1.14441
5.261465e-008 1.15062
5.281465e-008 1.18826
5.301465e-008 1.16616
5.321465e-008 1.10125
5.341465e-008 1.13198
5.361465e-008 1.27423
5.381465e-008 1.34328
5.401465e-008 1.27216
5.421465e-008 1.21622
5.441465e-008 1.21415
5.461465e-008 1.16616
5.481465e-008 1.0612
5.501465e-008 0.966247
5.521465e-008 0.948293
5.541465e-008 1.02771
5.561465e-008 1.09158
5.581465e-008 1.05118
5.601465e-008 1.04946
5.621465e-008 1.15269
5.641465e-008 1.19861
5.661465e-008 1.17686
5.681465e-008 1.1993
5.701465e-008 1.20586
5.721465e-008 1.15546
5.741465e-008 1.12542
5.761465e-008 1.123
5.781465e-008 1.09849
5.801465e-008 1.04635
5.821465e-008 1.05912
5.841465e-008 1.14717
5.861465e-008 1.13854
5.881465e-008 1.06016
5.901465e-008 1.09365
5.921465e-008 1.14441
5.941465e-008 1.10366
5.961465e-008 1.07225
5.981465e-008 1.07777
6.001465e-008 1.0681
6.021465e-008 1.02909
6.041465e-008 1.03012
6.061465e-008 1.13163
6.081465e-008 1.24143
6.101465e-008 1.28597
6.121465e-008 1.27561
6.141465e-008 1.22624
6.161465e-008 1.17099
6.181465e-008 1.12576
6.201465e-008 1.09607
6.221465e-008 1.05705
6.241465e-008 1.04186
6.261465e-008 1.12645
6.281465e-008 1.20345
6.301465e-008 1.16616
6.321465e-008 1.09503
6.341465e-008 1.03219
6.361465e-008 0.958651
6.381465e-008 0.943114
6.401465e-008 1.03875
6.421465e-008 1.18411
6.441465e-008 1.25351
6.461465e-008 1.17306
6.481465e-008 1.04842
6.501465e-008 1.02598
6.521465e-008 1.08295
6.541465e-008 1.15028
6.561465e-008 1.19585
6.581465e-008 1.19965
6.601465e-008 1.20828
6.621465e-008 1.22244
6.641465e-008 1.16961
6.661465e-008 1.09193
6.681465e-008 1.11748
6.701465e-008 1.22934
6.721465e-008 1.25627
6.741465e-008 1.15994
6.761465e-008 1.09883
6.781465e-008 1.12438
6.801465e-008 1.13094
6.821465e-008 1.09987
6.841465e-008 1.12024
6.861465e-008 1.18273
6.881465e-008 1.16305
6.901465e-008 1.02494
6.921465e-008 0.921017
6.941465e-008 1.00043
6.961465e-008 1.12645
6.981465e-008 1.11609
7.001465e-008 1.05809
7.021465e-008 1.06776
7.041465e-008 1.12473
7.061465e-008 1.16063
7.081465e-008 1.14199
7.101465e-008 1.13474
7.121465e-008 1.17341
7.141465e-008 1.1665
7.161465e-008 1.10643
7.181465e-008 1.12196
7.201465e-008 1.2473
7.221465e-008 1.32671
7.241465e-008 1.26525
7.261465e-008 1.18653
7.281465e-008 1.17306
7.301465e-008 1.18446
7.321465e-008 1.22347
7.341465e-008 1.28666
7.361465e-008 1.29494
7.381465e-008 1.23211
7.401465e-008 1.18791
7.421465e-008 1.17375
7.441465e-008 1.15028
7.461465e-008 1.12438
7.481465e-008 1.06879
7.501465e-008 1.00388
7.521465e-008 1.01182
7.541465e-008 1.06914
7.561465e-008 1.09469
7.581465e-008 1.094
7.601465e-008 1.08606
7.621465e-008 1.08433
7.641465e-008 1.13025
7.661465e-008 1.15753
7.681465e-008 1.17203
7.701465e-008 1.32118
7.721465e-008 1.47725
7.741465e-008 1.37919
7.761465e-008 1.14061
7.781465e-008 1.04428
7.801465e-008 1.10574
7.821465e-008 1.20897
7.841465e-008 1.27388
7.861465e-008 1.20586
7.881465e-008 1.06396
7.901465e-008 1.03081
7.921465e-008 1.12369
7.941465e-008 1.2176
7.961465e-008 1.19343
7.981465e-008 1.04462
8.001465e-008 0.939661
8.021465e-008 0.989725
8.041465e-008 1.07294
8.061465e-008 1.09123
8.081465e-008 1.10125
8.101465e-008 1.14475
8.121465e-008 1.22175
8.141465e-008 1.27665
8.161465e-008 1.2252
8.181465e-008 1.11368
8.201465e-008 1.03012
8.221465e-008 1.00768
8.241465e-008 1.07052
8.261465e-008 1.1413
8.281465e-008 1.13129
8.301465e-008 1.11471
8.321465e-008 1.13681
8.341465e-008 1.12818
8.361465e-008 1.07328
8.381465e-008 1.03599
8.401465e-008 1.08675
8.421465e-008 1.2031
8.441465e-008 1.25662
8.461465e-008 1.22313
8.481465e-008 1.21795
8.501465e-008 1.20794
8.521465e-008 1.16202
8.541465e-008 1.22555
8.561465e-008 1.36227
8.581465e-008 1.38506
8.601465e-008 1.2687
8.621465e-008 1.09365
8.641465e-008 0.989035
8.661465e-008 1.02391
8.681465e-008 1.06845
8.701465e-008 1.046
8.721465e-008 1.07777
8.741465e-008 1.16374
8.761465e-008 1.14855
8.781465e-008 1.05809
8.801465e-008 1.0246
8.821465e-008 1.04531
8.841465e-008 1.09469
8.861465e-008 1.15753
8.881465e-008 1.19447
8.901465e-008 1.17514
8.921465e-008 1.08053
8.941465e-008 1.02356
8.961465e-008 1.12473
8.981465e-008 1.25386
9.001465e-008 1.29253
9.021465e-008 1.31635
9.041465e-008 1.29322
9.061465e-008 1.16858
9.081465e-008 1.10194
9.101465e-008 1.17824
9.121465e-008 1.25766
9.141465e-008 1.23314
9.161465e-008 1.15476
9.181465e-008 1.09538
9.201465e-008 1.08088
9.221465e-008 1.14959
9.241465e-008 1.29667
9.261465e-008 1.38748
9.281465e-008 1.34535
9.301465e-008 1.26974
9.321465e-008 1.22934
9.341465e-008 1.20863
9.361465e-008 1.18135
9.381465e-008 1.15615
9.401465e-008 1.24419
9.421465e-008 1.40267
9.441465e-008 1.38092
9.461465e-008 1.19861
9.481465e-008 1.094
9.501465e-008 1.12369
9.521465e-008 1.18791
9.541465e-008 1.21795
9.561465e-008 1.24937
9.581465e-008 1.26214
9.601465e-008 1.17997
9.621465e-008 1.06051
9.641465e-008 1.02771
9.661465e-008 1.11195
9.681465e-008 1.23625
9.701465e-008 1.29115
9.721465e-008 1.22382
9.741465e-008 1.14095
9.761465e-008 1.19309
9.781465e-008 1.32671
9.801465e-008 1.35088
9.821465e-008 1.2252
9.841465e-008 1.08985
9.861465e-008 1.0681
9.881465e-008 1.17099
9.901465e-008 1.30876
9.921465e-008 1.36124
9.941465e-008 1.27837
9.961465e-008 1.12576
9.981465e-008 1.0612
1.000146e-007 1.12473
1.002146e-007 1.19792
1.004146e-007 1.20897
1.006146e-007 1.16616
1.008146e-007 1.13888
1.010146e-007 1.16719
1.012146e-007 1.17479
1.014146e-007 1.13336
1.016146e-007 1.08467
1.018146e-007 1.03944
1.020146e-007 1.00768
1.022146e-007 0.989725
1.024146e-007 0.993523
1.026146e-007 1.02218
1.028146e-007 1.04117
1.030146e-007 1.07017
1.032146e-007 1.17203
1.034146e-007 1.28493
1.036146e-007 1.2984
1.038146e-007 1.26525
1.040146e-007 1.27423
1.042146e-007 1.26801
1.044146e-007 1.1962
1.046146e-007 1.16305
1.048146e-007 1.1993
1.050146e-007 1.2107
1.052146e-007 1.21139
1.054146e-007 1.23038
1.056146e-007 1.21519
1.058146e-007 1.1703
1.060146e-007 1.17203
1.062146e-007 1.24281
1.064146e-007 1.3091
1.066146e-007 1.29494
1.068146e-007 1.22485
1.070146e-007 1.20759
1.072146e-007 1.27078
1.074146e-007 1.27457
1.076146e-007 1.14337
1.078146e-007 1.02218
1.080146e-007 1.05015
1.082146e-007 1.17617
1.084146e-007 1.26007
1.086146e-007 1.28769
1.088146e-007 1.35778
1.090146e-007 1.39645
1.092146e-007 1.33085
1.094146e-007 1.29598
1.096146e-007 1.27665
1.098146e-007 1.14959
1.100146e-007 1.0246
1.102146e-007 1.04877
1.104146e-007 1.19689
1.106146e-007 1.33327
1.108146e-007 1.3053
1.110146e-007 1.15269
1.112146e-007 1.05982
1.114146e-007 1.0498
1.116146e-007 1.06465
1.118146e-007 1.08122
1.120146e-007 1.04842
1.122146e-007 1.0208
1.124146e-007 1.07811
1.126146e-007 1.09607
1.128146e-007 0.993178
1.130146e-007 0.96383
1.132146e-007 1.11161
1.134146e-007 1.24661
1.136146e-007 1.26007
1.138146e-007 1.23141
1.140146e-007 1.18791
1.142146e-007 1.12956
1.144146e-007 1.13508
1.146146e-007 1.22244
1.148146e-007 1.25938
1.150146e-007 1.19689
1.152146e-007 1.12093
1.154146e-007 1.07501
1.156146e-007 1.09607
1.158146e-007 1.19378
1.160146e-007 1.27285
1.162146e-007 1.28735
1.164146e-007 1.27734
1.166146e-007 1.26042
1.168146e-007 1.28044
1.170146e-007 1.35847
1.172146e-007 1.37781
1.174146e-007 1.25835
1.176146e-007 1.14717
1.178146e-007 1.22934
1.180146e-007 1.38161
1.182146e-007 1.36814
1.184146e-007 1.23383
1.186146e-007 1.09952
1.188146e-007 1.01424
1.190146e-007 1.06223
1.192146e-007 1.1817
1.194146e-007 1.23556
1.196146e-007 1.27768
1.198146e-007 1.34156
1.200146e-007 1.33948
1.202146e-007 1.2946
1.204146e-007 1.26042
1.206146e-007 1.21035
1.208146e-007 1.14959
1.210146e-007 1.11299
1.212146e-007 1.15373
1.214146e-007 1.24453
1.216146e-007 1.22727
1.218146e-007 1.12369
1.220146e-007 1.09745
1.222146e-007 1.11437
1.224146e-007 1.08295
1.226146e-007 1.05429
1.228146e-007 1.11092
1.230146e-007 1.20517
1.232146e-007 1.22727
1.234146e-007 1.14786
1.236146e-007 1.02805
1.238146e-007 0.972807
1.240146e-007 1.02736
1.242146e-007 1.12818
1.244146e-007 1.19585
1.246146e-007 1.20586
1.248146e-007 1.16616
1.250146e-007 1.11817
1.252146e-007 1.09469
1.254146e-007 1.10263
1.256146e-007 1.1779
1.258146e-007 1.28769
1.260146e-007 1.32015
1.262146e-007 1.26111
1.264146e-007 1.21035
1.266146e-007 1.22658
1.268146e-007 1.23763
1.270146e-007 1.17962
1.272146e-007 1.1123
1.274146e-007 1.12127
1.276146e-007 1.20172
1.278146e-007 1.25696
1.280146e-007 1.22485
1.282146e-007 1.15269
1.284146e-007 1.11955
1.286146e-007 1.14406
1.288146e-007 1.15166
1.290146e-007 1.13336
1.292146e-007 1.19033
1.294146e-007 1.28251
1.296146e-007 1.32567
1.298146e-007 1.36331
1.300146e-007 1.3419
1.302146e-007 1.23452
1.304146e-007 1.19585
1.306146e-007 1.21001
1.308146e-007 1.1817
1.310146e-007 1.19861
1.312146e-007 1.25869
1.314146e-007 1.2504
1.316146e-007 1.23728
1.318146e-007 1.29218
1.320146e-007 1.33741
1.322146e-007 1.36538
1.324146e-007 1.393
1.326146e-007 1.37194
1.328146e-007 1.31186
1.330146e-007 1.23418
1.332146e-007 1.2069
1.334146e-007 1.28907
1.336146e-007 1.35778
1.338146e-007 1.32878
1.340146e-007 1.29633
1.342146e-007 1.33085
1.344146e-007 1.3861
1.346146e-007 1.39197
1.348146e-007 1.3312
1.350146e-007 1.27699
1.352146e-007 1.31359
1.354146e-007 1.35468
1.356146e-007 1.31048
1.358146e-007 1.29184
1.360146e-007 1.34673
1.362146e-007 1.4037
1.364146e-007 1.46827
1.366146e-007 1.48243
1.368146e-007 1.40025
1.370146e-007 1.36883
1.372146e-007 1.45377
1.374146e-007 1.5463
1.376146e-007 1.54665
1.378146e-007 1.47172
1.380146e-007 1.41613
1.382146e-007 1.34777
1.384146e-007 1.25489
1.386146e-007 1.31152
1.388146e-007 1.53698
1.390146e-007 1.67888
1.392146e-007 1.63642
1.394146e-007 1.54457
1.396146e-007 1.45653
1.398146e-007 1.41441
1.400146e-007 1.46206
1.402146e-007 1.50176
1.404146e-007 1.50763
1.406146e-007 1.55113
1.408146e-007 1.60914
1.410146e-007 1.65679
1.412146e-007 1.75208
1.414146e-007 1.78005
1.416146e-007 1.58221
1.418146e-007 1.38679
1.420146e-007 1.43581
1.422146e-007 1.58325
1.424146e-007 1.60983
1.426146e-007 1.45791
1.428146e-007 1.29115
1.430146e-007 1.33361
1.432146e-007 1.50245
1.434146e-007 1.57254
1.436146e-007 1.52558
1.438146e-007 1.45653
1.440146e-007 1.41924
1.442146e-007 1.44099
1.444146e-007 1.51454
1.446146e-007 1.58532
1.448146e-007 1.61639
1.450146e-007 1.60362
1.452146e-007 1.55735
1.454146e-007 1.51454
1.456146e-007 1.50521
1.458146e-007 1.50521
1.460146e-007 1.48553
1.462146e-007 1.50003
1.464146e-007 1.61052
1.466146e-007 1.70823
1.468146e-007 1.61466
1.470146e-007 1.43064
1.472146e-007 1.41475
1.474146e-007 1.53905
1.476146e-007 1.62571
1.478146e-007 1.64229
1.480146e-007 1.62053
1.482146e-007 1.63158
1.484146e-007 1.67647
1.486146e-007 1.65472
1.488146e-007 1.63089
1.490146e-007 1.69753
1.492146e-007 1.75036
1.494146e-007 1.7217
1.496146e-007 1.68372
1.498146e-007 1.67198
1.500146e-007 1.66991
1.502146e-007 1.68337
1.504146e-007 1.69926
1.506146e-007 1.6996
1.508146e-007 1.69442
1.510146e-007 1.71479
1.512146e-007 1.74552
1.514146e-007 1.69408
1.516146e-007 1.60016
1.518146e-007 1.65299
1.520146e-007 1.84565
1.522146e-007 1.92265
1.524146e-007 1.79351
1.526146e-007 1.67232
1.528146e-007 1.70202
1.530146e-007 1.79593
1.532146e-007 1.86809
1.534146e-007 1.89261
1.536146e-007 1.83391
1.538146e-007 1.75277
1.540146e-007 1.72481
1.542146e-007 1.6996
1.544146e-007 1.67647
1.546146e-007 1.69857
1.548146e-007 1.72481
1.550146e-007 1.7469
1.552146e-007 1.73447
1.554146e-007 1.65782
1.556146e-007 1.61466
1.558146e-007 1.62744
1.560146e-007 1.634
1.562146e-007 1.63055
1.564146e-007 1.6599
1.566146e-007 1.78039
1.568146e-007 1.92057
1.570146e-007 1.94751
1.572146e-007 1.89882
1.574146e-007 1.90918
1.576146e-007 1.95337
1.578146e-007 1.90883
1.580146e-007 1.83391
1.582146e-007 1.81492
1.584146e-007 1.79041
1.586146e-007 1.76486
1.588146e-007 1.79697
1.590146e-007 1.84945
1.592146e-007 1.89848
1.594146e-007 1.91919
1.596146e-007 1.84461
1.598146e-007 1.73655
1.600146e-007 1.72722
1.602146e-007 1.81561
1.604146e-007 1.86775
1.606146e-007 1.84254
1.608146e-007 1.86119
1.610146e-007 1.9658
1.612146e-007 2.03797
1.614146e-007 1.97064
1.616146e-007 1.83736
1.618146e-007 1.80698
1.620146e-007 1.90849
1.622146e-007 1.99412
1.624146e-007 1.97478
1.626146e-007 1.98376
1.628146e-007 2.07284
1.630146e-007 2.07802
1.632146e-007 2.00378
1.634146e-007 1.95752
1.636146e-007 1.90331
1.638146e-007 1.89917
1.640146e-007 1.99205
1.642146e-007 2.05696
1.644146e-007 2.06697
1.646146e-007 2.06075
1.648146e-007 2.0024
1.650146e-007 1.94129
1.652146e-007 1.99584
1.654146e-007 2.10046
1.656146e-007 2.10391
1.658146e-007 2.03589
1.660146e-007 1.95993
1.662146e-007 1.904
1.664146e-007 1.93231
1.666146e-007 1.98169
1.668146e-007 1.96477
1.670146e-007 1.96373
1.672146e-007 1.99274
1.674146e-007 1.93749
1.676146e-007 1.8529
1.678146e-007 1.91056
1.680146e-007 2.13361
1.682146e-007 2.35078
1.684146e-007 2.34629
1.686146e-007 2.17469
1.688146e-007 2.10184
1.690146e-007 2.20473
1.692146e-007 2.31591
1.694146e-007 2.29278
1.696146e-007 2.1709
1.698146e-007 2.0649
1.700146e-007 2.04971
1.702146e-007 2.12325
1.704146e-007 2.18332
1.706146e-007 2.15501
1.708146e-007 2.11462
1.710146e-007 2.16744
1.712146e-007 2.25411
1.714146e-007 2.21992
1.716146e-007 2.08009
1.718146e-007 2.02519
1.720146e-007 2.05592
1.722146e-007 2.06041
1.724146e-007 2.12532
1.726146e-007 2.25618
1.728146e-007 2.36494
1.730146e-007 2.4661
1.732146e-007 2.48751
1.734146e-007 2.36321
1.736146e-007 2.2068
1.738146e-007 2.17676
1.740146e-007 2.28483
1.742146e-007 2.35009
1.744146e-007 2.27758
1.746146e-007 2.1885
1.748146e-007 2.12118
1.750146e-007 2.01863
1.752146e-007 1.97236
1.754146e-007 2.068
1.756146e-007 2.21267
1.758146e-007 2.29174
1.760146e-007 2.24755
1.762146e-007 2.12083
1.764146e-007 2.08492
1.766146e-007 2.18263
1.768146e-007 2.2365
1.770146e-007 2.19645
1.772146e-007 2.19886
1.774146e-007 2.23788
1.776146e-007 2.22717
1.778146e-007 2.19852
1.780146e-007 2.19368
1.782146e-007 2.23477
1.784146e-007 2.30451
1.786146e-007 2.357
1.788146e-007 2.37288
1.790146e-007 2.31798
1.792146e-007 2.19645
1.794146e-007 2.09908
1.796146e-007 2.12946
1.798146e-007 2.24789
1.800146e-007 2.34008
1.802146e-007 2.41707
1.804146e-007 2.48992
1.806146e-007 2.50132
1.808146e-007 2.4371
1.810146e-007 2.34802
1.812146e-007 2.29726
1.814146e-007 2.32109
1.816146e-007 2.38876
1.818146e-007 2.43434
1.820146e-007 2.4371
1.822146e-007 2.36908
1.824146e-007 2.26964
1.826146e-007 2.26032
1.828146e-007 2.3128
1.830146e-007 2.3639
1.832146e-007 2.42778
1.834146e-007 2.43261
1.836146e-007 2.34733
1.838146e-007 2.29623
1.840146e-007 2.32074
1.842146e-007 2.35596
1.844146e-007 2.39049
1.846146e-007 2.42294
1.848146e-007 2.4882
1.850146e-007 2.57624
1.852146e-007 2.54033
1.854146e-007 2.39981
1.856146e-007 2.36701
1.858146e-007 2.46058
1.860146e-007 2.54379
1.862146e-007 2.54828
1.864146e-007 2.46817
1.866146e-007 2.41949
1.868146e-007 2.46472
1.870146e-007 2.46299
1.872146e-007 2.37875
1.874146e-007 2.34077
1.876146e-007 2.39118
1.878146e-007 2.45229
1.880146e-007 2.45402
1.882146e-007 2.44469
1.884146e-007 2.53032
1.886146e-007 2.61767
1.888146e-007 2.51824
1.890146e-007 2.36735
1.892146e-007 2.38703
1.894146e-007 2.45678
1.896146e-007 2.46886
1.898146e-007 2.5027
1.900146e-007 2.56692
1.902146e-007 2.62044
1.904146e-007 2.61698
1.906146e-007 2.52169
1.908146e-007 2.39359
1.910146e-007 2.35147
1.912146e-007 2.44573
1.914146e-007 2.59868
1.916146e-007 2.64875
1.918146e-007 2.50408
1.920146e-007 2.35354
1.922146e-007 2.39946
1.924146e-007 2.47646
1.926146e-007 2.42709
1.928146e-007 2.39428
1.930146e-007 2.47957
1.932146e-007 2.56312
1.934146e-007 2.56001
1.936146e-007 2.57452
1.938146e-007 2.59454
1.940146e-007 2.49787
1.942146e-007 2.41397
1.944146e-007 2.51893
1.946146e-007 2.71366
1.948146e-007 2.81621
1.950146e-007 2.80585
1.952146e-007 2.72747
1.954146e-007 2.63114
1.956146e-007 2.58246
1.958146e-007 2.58729
1.960146e-007 2.62562
1.962146e-007 2.66808
1.964146e-007 2.72367
1.966146e-007 2.81586
1.968146e-007 2.83968
1.970146e-007 2.77236
1.972146e-007 2.74335
1.974146e-007 2.73679
1.976146e-007 2.67775
1.978146e-007 2.60421
1.980146e-007 2.58902
1.982146e-007 2.65255
1.984146e-007 2.6995
1.986146e-007 2.6484
1.988146e-007 2.59385
1.990146e-007 2.64944
1.992146e-007 2.70883
1.994146e-007 2.59834
1.996146e-007 2.44193
1.998146e-007 2.51755
2.000146e-007 2.79342
2.002146e-007 2.92151
2.004146e-007 2.73679
2.006146e-007 2.58039
2.008146e-007 2.7399
2.010146e-007 2.94396
2.012146e-007 2.897
2.014146e-007 2.71331
2.016146e-007 2.64081
2.018146e-007 2.74646
2.020146e-007 2.89113
2.022146e-007 2.91081
2.024146e-007 2.80309
2.026146e-007 2.68673
2.028146e-007 2.68673
2.030146e-007 2.84555
2.032146e-007 3.00576
2.034146e-007 2.97054
2.036146e-007 2.82864
2.038146e-007 2.77581
2.040146e-007 2.78617
2.042146e-007 2.77201
2.044146e-007 2.77236
2.046146e-007 2.85453
2.048146e-007 2.98021
2.050146e-007 3.05928
2.052146e-007 3.04339
2.054146e-007 2.94775
2.056146e-007 2.90114
2.058146e-007 2.96295
2.060146e-007 2.98746
2.062146e-007 2.92807
2.064146e-007 2.92255
2.066146e-007 2.97572
2.068146e-007 2.92876
2.070146e-007 2.7841
2.072146e-007 2.75268
2.074146e-007 2.88043
2.076146e-007 2.95328
2.078146e-007 2.86523
2.080146e-007 2.7689
2.082146e-007 2.80274
2.084146e-007 2.90114
2.086146e-007 2.96364
2.088146e-007 2.92842
2.090146e-007 2.82035
2.092146e-007 2.81966
2.094146e-007 2.93394
2.096146e-007 2.98124
2.098146e-007 2.93394
2.100146e-007 2.88215
2.102146e-007 2.87214
2.104146e-007 2.8863
2.106146e-007 2.89286
2.108146e-007 2.88975
2.110146e-007 2.87594
2.112146e-007 2.87248
2.114146e-007 2.95259
2.116146e-007 3.0793
2.118146e-007 3.07171
2.120146e-007 2.92738
2.122146e-007 2.87352
2.124146e-007 2.99436
2.126146e-007 3.16044
2.128146e-007 3.25919
2.130146e-007 3.23674
2.132146e-007 3.08897
2.134146e-007 2.92945
2.136146e-007 2.93843
2.138146e-007 3.09311
2.140146e-007 3.138
2.142146e-007 3.01025
2.144146e-007 2.91115
2.146146e-007 2.94672
2.148146e-007 3.00196
2.150146e-007 2.99402
2.152146e-007 3.00507
2.154146e-007 3.01335
2.156146e-007 2.91392
2.158146e-007 2.85488
2.160146e-007 3.02371
2.162146e-007 3.20947
2.164146e-007 3.15561
2.166146e-007 3.05306
2.168146e-007 3.1304
2.170146e-007 3.25815
2.172146e-007 3.27093
2.174146e-007 3.19842
2.176146e-007 3.15112
2.178146e-007 3.16148
2.180146e-007 3.15837
2.182146e-007 3.1083
2.184146e-007 3.04892
2.186146e-007 3.0572
2.188146e-007 3.15664
2.190146e-007 3.19704
2.192146e-007 3.12039
2.194146e-007 3.07136
2.196146e-007 3.09484
2.198146e-007 3.10727
2.200146e-007 3.07965
2.202146e-007 3.07723
2.204146e-007 3.15215
2.206146e-007 3.21085
2.208146e-007 3.13834
2.210146e-007 3.0396
2.212146e-007 3.08862
2.214146e-007 3.20463
2.216146e-007 3.19082
2.218146e-007 3.07999
2.220146e-007 3.0396
2.222146e-007 3.13075
2.224146e-007 3.25021
2.226146e-007 3.25642
2.228146e-007 3.1746
2.230146e-007 3.07136
2.232146e-007 2.98953
2.234146e-007 3.02889
2.236146e-007 3.20015
2.238146e-007 3.34033
2.240146e-007 3.3386
2.242146e-007 3.27058
2.244146e-007 3.20843
2.246146e-007 3.15733
2.248146e-007 3.16009
2.250146e-007 3.24296
2.252146e-007 3.36726
2.254146e-007 3.44529
2.256146e-007 3.36449
2.258146e-007 3.19186
2.260146e-007 3.12073
2.262146e-007 3.16735
2.264146e-007 3.2585
2.266146e-007 3.29233
2.268146e-007 3.21775
2.270146e-007 3.21534
2.272146e-007 3.35172
2.274146e-007 3.38659
2.276146e-007 3.2288
2.278146e-007 3.06791
2.280146e-007 3.05997
2.282146e-007 3.17632
2.284146e-007 3.25781
2.286146e-007 3.2433
2.288146e-007 3.23398
2.290146e-007 3.26057
2.292146e-007 3.26195
2.294146e-007 3.25228
2.296146e-007 3.28197
2.298146e-007 3.31788
2.300146e-007 3.26437
2.302146e-007 3.14663
2.304146e-007 3.13731
2.306146e-007 3.21914
2.308146e-007 3.2143
2.310146e-007 3.19324
2.312146e-007 3.29958
2.314146e-007 3.39833
2.316146e-007 3.3493
2.318146e-007 3.29993
2.320146e-007 3.35828
2.322146e-007 3.41663
2.324146e-007 3.44667
2.326146e-007 3.50329
2.328146e-007 3.55716
2.330146e-007 3.56717
2.332146e-007 3.53091
2.334146e-007 3.46186
2.336146e-007 3.41905
2.338146e-007 3.41732
2.340146e-007 3.37554
2.342146e-007 3.3058
2.344146e-007 3.31857
2.346146e-007 3.40178
2.348146e-007 3.43458
2.350146e-007 3.39419
2.352146e-007 3.37071
2.354146e-007 3.38935
2.356146e-007 3.37036
2.358146e-007 3.30166
2.360146e-007 3.27472
2.362146e-007 3.34412
2.364146e-007 3.45219
2.366146e-007 3.50709
2.368146e-007 3.52159
2.370146e-007 3.50985
2.372146e-007 3.45875
2.374146e-007 3.47843
2.376146e-007 3.6017
2.378146e-007 3.64658
2.380146e-007 3.51952
2.382146e-007 3.36519
2.384146e-007 3.35932
2.386146e-007 3.48603
2.388146e-007 3.54887
2.390146e-007 3.437
2.392146e-007 3.29199
2.394146e-007 3.27403
2.396146e-007 3.3279
2.398146e-007 3.37036
2.400146e-007 3.41905
2.402146e-007 3.47705
2.404146e-007 3.50226
2.406146e-007 3.45875
2.408146e-007 3.40351
2.410146e-007 3.44494
2.412146e-007 3.55405
2.414146e-007 3.62966
2.416146e-007 3.65003
2.418146e-007 3.61102
2.420146e-007 3.53817
2.422146e-007 3.57131
2.424146e-007 3.70631
2.426146e-007 3.69492
2.428146e-007 3.49017
2.430146e-007 3.32962
2.432146e-007 3.34861
2.434146e-007 3.45081
2.436146e-007 3.47395
2.438146e-007 3.43458
2.440146e-007 3.4919
2.442146e-007 3.61412
2.444146e-007 3.6559
2.446146e-007 3.66039
2.448146e-007 3.69423
2.450146e-007 3.69492
2.452146e-007 3.65003
2.454146e-007 3.64624
2.456146e-007 3.70493
2.458146e-007 3.73601
2.460146e-007 3.70355
2.462146e-007 3.66108
2.464146e-007 3.6048
2.466146e-007 3.52332
2.468146e-007 3.51434
2.470146e-007 3.6048
2.472146e-007 3.63657
2.474146e-007 3.53782
2.476146e-007 3.47325
2.478146e-007 3.55336
2.480146e-007 3.6559
2.482146e-007 3.64934
2.484146e-007 3.56855
2.486146e-007 3.54645
2.488146e-007 3.61136
2.490146e-007 3.66143
2.492146e-007 3.66488
2.494146e-007 3.70459
2.496146e-007 3.784
2.498146e-007 3.77537
2.500146e-007 3.66833
2.502146e-007 3.61516
2.504146e-007 3.69008
2.506146e-007 3.79746
2.508146e-007 3.78365
2.510146e-007 3.67696
2.512146e-007 3.64831
2.514146e-007 3.72081
2.516146e-007 3.77433
2.518146e-007 3.70044
2.520146e-007 3.52643
