-2.481789e-007 10.0161
-2.479789e-007 9.96641
-2.477789e-007 9.99852
-2.475789e-007 10.0265
-2.473789e-007 10.012
-2.471789e-007 9.96503
-2.469789e-007 9.87871
-2.467789e-007 9.84349
-2.465789e-007 9.89425
-2.463789e-007 9.92187
-2.461789e-007 9.92256
-2.459789e-007 9.92532
-2.457789e-007 9.93775
-2.455789e-007 10.0065
-2.453789e-007 10.0586
-2.451789e-007 10.0627
-2.449789e-007 10.0911
-2.447789e-007 10.09
-2.445789e-007 10.0358
-2.443789e-007 10.0185
-2.441789e-007 10.0431
-2.439789e-007 10.0344
-2.437789e-007 9.95639
-2.435789e-007 9.90081
-2.433789e-007 9.98609
-2.431789e-007 10.1204
-2.429789e-007 10.1449
-2.427789e-007 10.0962
-2.425789e-007 10.042
-2.423789e-007 9.97642
-2.421789e-007 9.95018
-2.419789e-007 9.9961
-2.417789e-007 10.0631
-2.415789e-007 10.0904
-2.413789e-007 10.0441
-2.411789e-007 9.95501
-2.409789e-007 9.90909
-2.407789e-007 9.91358
-2.405789e-007 9.89597
-2.403789e-007 9.90875
-2.401789e-007 10.0179
-2.399789e-007 10.1049
-2.397789e-007 10.0738
-2.395789e-007 9.99127
-2.393789e-007 9.94397
-2.391789e-007 9.97849
-2.389789e-007 10.0707
-2.387789e-007 10.11
-2.385789e-007 10.0914
-2.383789e-007 10.1169
-2.381789e-007 10.1667
-2.379789e-007 10.1522
-2.377789e-007 10.0969
-2.375789e-007 10.0738
-2.373789e-007 10.0855
-2.371789e-007 10.0962
-2.369789e-007 10.0731
-2.367789e-007 9.9961
-2.365789e-007 9.91289
-2.363789e-007 9.88976
-2.361789e-007 9.90944
-2.359789e-007 9.92221
-2.357789e-007 9.90771
-2.355789e-007 9.87698
-2.353789e-007 9.88285
-2.351789e-007 9.93948
-2.349789e-007 9.97746
-2.347789e-007 10.003
-2.345789e-007 10.0869
-2.343789e-007 10.1843
-2.341789e-007 10.177
-2.339789e-007 10.0655
-2.337789e-007 10.0217
-2.335789e-007 10.1125
-2.333789e-007 10.1346
-2.331789e-007 10.0313
-2.329789e-007 10.0123
-2.327789e-007 10.0876
-2.325789e-007 10.0848
-2.323789e-007 10.012
-2.321789e-007 9.93568
-2.319789e-007 9.84867
-2.317789e-007 9.83313
-2.315789e-007 9.90046
-2.313789e-007 9.9267
-2.311789e-007 9.92152
-2.309789e-007 9.91255
-2.307789e-007 9.8901
-2.305789e-007 9.95122
-2.303789e-007 10.089
-2.301789e-007 10.1684
-2.299789e-007 10.1256
-2.297789e-007 10.021
-2.295789e-007 9.97021
-2.293789e-007 9.97849
-2.291789e-007 9.97469
-2.289789e-007 9.93602
-2.287789e-007 9.88078
-2.285789e-007 9.88631
-2.283789e-007 9.97297
-2.281789e-007 10.0206
-2.279789e-007 9.97297
-2.277789e-007 9.95294
-2.275789e-007 10.052
-2.273789e-007 10.1249
-2.271789e-007 10.0803
-2.269789e-007 10.0634
-2.267789e-007 10.098
-2.265789e-007 10.071
-2.263789e-007 10.0161
-2.261789e-007 10.0078
-2.259789e-007 10.0244
-2.257789e-007 10.0638
-2.255789e-007 10.1259
-2.253789e-007 10.1553
-2.251789e-007 10.1439
-2.249789e-007 10.0986
-2.247789e-007 10.0227
-2.245789e-007 10.0016
-2.243789e-007 10.0534
-2.241789e-007 10.0655
-2.239789e-007 10.0065
-2.237789e-007 9.98333
-2.235789e-007 10.0627
-2.233789e-007 10.1511
-2.231789e-007 10.1522
-2.229789e-007 10.09
-2.227789e-007 10.0493
-2.225789e-007 10.0797
-2.223789e-007 10.1138
-2.221789e-007 10.0696
-2.219789e-007 10.021
-2.217789e-007 10.0652
-2.215789e-007 10.1622
-2.213789e-007 10.2216
-2.211789e-007 10.1974
-2.209789e-007 10.1377
-2.207789e-007 10.0952
-2.205789e-007 10.0469
-2.203789e-007 9.97849
-2.201789e-007 9.90529
-2.199789e-007 9.88182
-2.197789e-007 9.93084
-2.195789e-007 9.97573
-2.193789e-007 9.98367
-2.191789e-007 9.99334
-2.189789e-007 9.99541
-2.187789e-007 10.0144
-2.185789e-007 10.1297
-2.183789e-007 10.2609
-2.181789e-007 10.2758
-2.179789e-007 10.1929
-2.177789e-007 10.0759
-2.175789e-007 10.0006
-2.173789e-007 10.0258
-2.171789e-007 10.0907
-2.169789e-007 10.0907
-2.167789e-007 10.0023
-2.165789e-007 9.91945
-2.163789e-007 9.94466
-2.161789e-007 10.0027
-2.159789e-007 9.96744
-2.157789e-007 9.94569
-2.155789e-007 10.0403
-2.153789e-007 10.1014
-2.151789e-007 10.0437
-2.149789e-007 10.0044
-2.147789e-007 10.0248
-2.145789e-007 10.0009
-2.143789e-007 9.97297
-2.141789e-007 9.99437
-2.139789e-007 9.97849
-2.137789e-007 9.93154
-2.135789e-007 9.94362
-2.133789e-007 10.0189
-2.131789e-007 10.0938
-2.129789e-007 10.0924
-2.127789e-007 10.0344
-2.125789e-007 10.0172
-2.123789e-007 10.0217
-2.121789e-007 9.97297
-2.119789e-007 9.91013
-2.117789e-007 9.90668
-2.115789e-007 9.95916
-2.113789e-007 10.0313
-2.111789e-007 10.0914
-2.109789e-007 10.0986
-2.107789e-007 10.0596
-2.105789e-007 10.0016
-2.103789e-007 9.93084
-2.101789e-007 9.92601
-2.099789e-007 10.0248
-2.097789e-007 10.1239
-2.095789e-007 10.1328
-2.093789e-007 10.0593
-2.091789e-007 10.0013
-2.089789e-007 10.0082
-2.087789e-007 9.98574
-2.085789e-007 9.88631
-2.083789e-007 9.83866
-2.081789e-007 9.90115
-2.079789e-007 9.93706
-2.077789e-007 9.92532
-2.075789e-007 10.0082
-2.073789e-007 10.1839
-2.071789e-007 10.2689
-2.069789e-007 10.1819
-2.067789e-007 10.0721
-2.065789e-007 10.0358
-2.063789e-007 9.99541
-2.061789e-007 9.95812
-2.059789e-007 10.0244
-2.057789e-007 10.1031
-2.055789e-007 10.0507
-2.053789e-007 9.95122
-2.051789e-007 9.93844
-2.049789e-007 10.0123
-2.047789e-007 10.1049
-2.045789e-007 10.1311
-2.043789e-007 10.0762
-2.041789e-007 10.0179
-2.039789e-007 9.97504
-2.037789e-007 9.94707
-2.035789e-007 9.97297
-2.033789e-007 10.0234
-2.031789e-007 10.0852
-2.029789e-007 10.1542
-2.027789e-007 10.168
-2.025789e-007 10.1169
-2.023789e-007 10.0199
-2.021789e-007 9.94017
-2.019789e-007 9.98989
-2.017789e-007 10.1204
-2.015789e-007 10.1449
-2.013789e-007 10.0417
-2.011789e-007 9.97987
-2.009789e-007 10.0075
-2.007789e-007 10.0037
-2.005789e-007 9.93568
-2.003789e-007 9.92532
-2.001789e-007 10.0009
-1.999789e-007 10.0289
-1.997789e-007 10.0106
-1.995789e-007 10.0617
-1.993789e-007 10.109
-1.991789e-007 10.0406
-1.989789e-007 9.96848
-1.987789e-007 10.0137
-1.985789e-007 10.0862
-1.983789e-007 10.0707
-1.981789e-007 10.0185
-1.979789e-007 10.0303
-1.977789e-007 10.0638
-1.975789e-007 10.004
-1.973789e-007 9.90599
-1.971789e-007 9.92774
-1.969789e-007 10.0237
-1.967789e-007 10.0458
-1.965789e-007 10.0299
-1.963789e-007 10.0741
-1.961789e-007 10.1176
-1.959789e-007 10.0614
-1.957789e-007 9.98402
-1.955789e-007 10.0227
-1.953789e-007 10.1062
-1.951789e-007 10.0859
-1.949789e-007 9.98402
-1.947789e-007 9.93706
-1.945789e-007 10.023
-1.943789e-007 10.11
-1.941789e-007 10.0855
-1.939789e-007 10.0696
-1.937789e-007 10.0869
-1.935789e-007 10.0434
-1.933789e-007 10.0217
-1.931789e-007 10.0959
-1.929789e-007 10.1608
-1.927789e-007 10.1335
-1.925789e-007 10.0375
-1.923789e-007 9.98367
-1.921789e-007 10.032
-1.919789e-007 10.0541
-1.917789e-007 9.99886
-1.915789e-007 9.97331
-1.913789e-007 10.0179
-1.911789e-007 10.1066
-1.909789e-007 10.1525
-1.907789e-007 10.0724
-1.905789e-007 9.98678
-1.903789e-007 10.0317
-1.901789e-007 10.0652
-1.899789e-007 9.99196
-1.897789e-007 9.98885
-1.895789e-007 10.0807
-1.893789e-007 10.1114
-1.891789e-007 10.0883
-1.889789e-007 10.0831
-1.887789e-007 10.1014
-1.885789e-007 10.1308
-1.883789e-007 10.1449
-1.881789e-007 10.118
-1.879789e-007 10.0389
-1.877789e-007 9.92394
-1.875789e-007 9.83555
-1.873789e-007 9.86662
-1.871789e-007 9.98194
-1.869789e-007 10.0513
-1.867789e-007 10.0669
-1.865789e-007 10.0835
-1.863789e-007 10.0966
-1.861789e-007 10.0848
-1.859789e-007 10.0545
-1.857789e-007 10.0379
-1.855789e-007 10.021
-1.853789e-007 9.94397
-1.851789e-007 9.86835
-1.849789e-007 9.95709
-1.847789e-007 10.1546
-1.845789e-007 10.2209
-1.843789e-007 10.1308
-1.841789e-007 10.0928
-1.839789e-007 10.1473
-1.837789e-007 10.1011
-1.835789e-007 9.96572
-1.833789e-007 9.94845
-1.831789e-007 10.023
-1.829789e-007 10.04
-1.827789e-007 10.0071
-1.825789e-007 10.0027
-1.823789e-007 10.0465
-1.821789e-007 10.0948
-1.819789e-007 10.0955
-1.817789e-007 10.0469
-1.815789e-007 10.0203
-1.813789e-007 10.0728
-1.811789e-007 10.1207
-1.809789e-007 10.0955
-1.807789e-007 10.0928
-1.805789e-007 10.1245
-1.803789e-007 10.0593
-1.801789e-007 9.9488
-1.799789e-007 9.93533
-1.797789e-007 9.94707
-1.795789e-007 9.90875
-1.793789e-007 9.90184
-1.791789e-007 9.96813
-1.789789e-007 10.069
-1.787789e-007 10.1118
-1.785789e-007 10.0268
-1.783789e-007 9.9412
-1.781789e-007 9.99852
-1.779789e-007 10.0907
-1.777789e-007 10.0769
-1.775789e-007 9.99679
-1.773789e-007 9.94431
-1.771789e-007 9.95501
-1.769789e-007 9.98609
-1.767789e-007 9.96952
-1.765789e-007 9.87629
-1.763789e-007 9.74233
-1.761789e-007 9.74026
-1.759789e-007 9.94914
-1.757789e-007 10.1266
-1.755789e-007 10.1335
-1.753789e-007 10.1107
-1.751789e-007 10.0948
-1.749789e-007 10.0327
-1.747789e-007 9.98367
-1.745789e-007 9.9778
-1.743789e-007 9.99196
-1.741789e-007 10.0517
-1.739789e-007 10.1107
-1.737789e-007 10.0769
-1.735789e-007 10.0241
-1.733789e-007 10.0417
-1.731789e-007 10.0658
-1.729789e-007 10.0662
-1.727789e-007 10.069
-1.725789e-007 10.0707
-1.723789e-007 10.081
-1.721789e-007 10.0952
-1.719789e-007 10.118
-1.717789e-007 10.1428
-1.715789e-007 10.1107
-1.713789e-007 10.0479
-1.711789e-007 10.0386
-1.709789e-007 10.1118
-1.707789e-007 10.204
-1.705789e-007 10.1977
-1.703789e-007 10.11
-1.701789e-007 10.0848
-1.699789e-007 10.1297
-1.697789e-007 10.108
-1.695789e-007 10.0396
-1.693789e-007 10.0582
-1.691789e-007 10.1542
-1.689789e-007 10.2219
-1.687789e-007 10.1567
-1.685789e-007 9.9488
-1.683789e-007 9.79377
-1.681789e-007 9.89045
-1.679789e-007 10.1045
-1.677789e-007 10.1491
-1.675789e-007 10.0458
-1.673789e-007 10.0009
-1.671789e-007 10.0351
-1.669789e-007 10.0493
-1.667789e-007 10.0075
-1.665789e-007 9.9892
-1.663789e-007 10.0748
-1.661789e-007 10.1753
-1.659789e-007 10.1888
-1.657789e-007 10.1708
-1.655789e-007 10.1297
-1.653789e-007 10.0355
-1.651789e-007 9.98471
-1.649789e-007 10.0437
-1.647789e-007 10.1232
-1.645789e-007 10.1059
-1.643789e-007 10.0289
-1.641789e-007 9.98954
-1.639789e-007 9.9381
-1.637789e-007 9.83382
-1.635789e-007 9.77202
-1.633789e-007 9.80862
-1.631789e-007 9.88423
-1.629789e-007 9.93844
-1.627789e-007 9.9854
-1.625789e-007 10.0389
-1.623789e-007 10.0527
-1.621789e-007 10.0614
-1.619789e-007 10.1701
-1.617789e-007 10.303
-1.615789e-007 10.2879
-1.613789e-007 10.1287
-1.611789e-007 9.9961
-1.609789e-007 10.0078
-1.607789e-007 10.0551
-1.605789e-007 9.98678
-1.603789e-007 9.85868
-1.601789e-007 9.78652
-1.599789e-007 9.7734
-1.597789e-007 9.79101
-1.595789e-007 9.87595
-1.593789e-007 10.0403
-1.591789e-007 10.1428
-1.589789e-007 10.1214
-1.587789e-007 10.1142
-1.585789e-007 10.156
-1.583789e-007 10.1722
-1.581789e-007 10.1622
-1.579789e-007 10.1107
-1.577789e-007 10.0317
-1.575789e-007 10.0334
-1.573789e-007 10.1159
-1.571789e-007 10.1522
-1.569789e-007 10.1128
-1.567789e-007 10.0669
-1.565789e-007 10.023
-1.563789e-007 9.97953
-1.561789e-007 9.97918
-1.559789e-007 10.0151
-1.557789e-007 10.0372
-1.555789e-007 9.98816
-1.553789e-007 9.89873
-1.551789e-007 9.89735
-1.549789e-007 9.96088
-1.547789e-007 9.98022
-1.545789e-007 10.0075
-1.543789e-007 10.0555
-1.541789e-007 10.0082
-1.539789e-007 9.88803
-1.537789e-007 9.887
-1.535789e-007 10.0161
-1.533789e-007 10.0576
-1.531789e-007 9.98091
-1.529789e-007 9.92187
-1.527789e-007 9.94155
-1.525789e-007 10.022
-1.523789e-007 10.0624
-1.521789e-007 10.0368
-1.519789e-007 10.0486
-1.517789e-007 10.0959
-1.515789e-007 10.0634
-1.513789e-007 9.95916
-1.511789e-007 9.86006
-1.509789e-007 9.80827
-1.507789e-007 9.85592
-1.505789e-007 9.96434
-1.503789e-007 10.0593
-1.501789e-007 10.1304
-1.499789e-007 10.1346
-1.497789e-007 10.0807
-1.495789e-007 10.0734
-1.493789e-007 10.1018
-1.491789e-007 10.069
-1.489789e-007 10.0034
-1.487789e-007 9.98264
-1.485789e-007 9.99817
-1.483789e-007 10.0199
-1.481789e-007 10.0213
-1.479789e-007 9.9816
-1.477789e-007 9.94604
-1.475789e-007 9.94845
-1.473789e-007 9.99368
-1.471789e-007 10.0728
-1.469789e-007 10.1056
-1.467789e-007 10.0458
-1.465789e-007 9.95018
-1.463789e-007 9.89632
-1.461789e-007 9.93257
-1.459789e-007 10.0379
-1.457789e-007 10.0814
-1.455789e-007 9.99368
-1.453789e-007 9.89632
-1.451789e-007 9.89597
-1.449789e-007 9.93948
-1.447789e-007 9.94051
-1.445789e-007 9.93602
-1.443789e-007 9.97918
-1.441789e-007 10.0286
-1.439789e-007 10.0513
-1.437789e-007 10.0755
-1.435789e-007 10.1532
-1.433789e-007 10.2485
-1.431789e-007 10.243
-1.429789e-007 10.1542
-1.427789e-007 10.1287
-1.425789e-007 10.2064
-1.423789e-007 10.2837
-1.421789e-007 10.2809
-1.419789e-007 10.2109
-1.417789e-007 10.1245
-1.415789e-007 10.0658
-1.413789e-007 10.0527
-1.411789e-007 10.0669
-1.409789e-007 10.042
-1.407789e-007 10.0168
-1.405789e-007 10.0942
-1.403789e-007 10.1401
-1.401789e-007 10.0289
-1.399789e-007 9.93257
-1.397789e-007 9.91945
-1.395789e-007 9.88113
-1.393789e-007 9.88044
-1.391789e-007 9.98091
-1.389789e-007 10.0911
-1.387789e-007 10.147
-1.385789e-007 10.1729
-1.383789e-007 10.2195
-1.381789e-007 10.2388
-1.379789e-007 10.1639
-1.377789e-007 10.1107
-1.375789e-007 10.175
-1.373789e-007 10.1922
-1.371789e-007 10.0531
-1.369789e-007 9.92463
-1.367789e-007 9.92049
-1.365789e-007 9.96157
-1.363789e-007 9.96192
-1.361789e-007 9.95812
-1.359789e-007 10.0234
-1.357789e-007 10.0907
-1.355789e-007 10.0904
-1.353789e-007 10.0565
-1.351789e-007 9.98194
-1.349789e-007 9.87042
-1.347789e-007 9.82519
-1.345789e-007 9.91324
-1.343789e-007 10.0658
-1.341789e-007 10.1718
-1.339789e-007 10.1888
-1.337789e-007 10.1387
-1.335789e-007 10.0752
-1.333789e-007 10.0282
-1.331789e-007 9.96848
-1.329789e-007 9.87526
-1.327789e-007 9.85281
-1.325789e-007 9.95329
-1.323789e-007 10.0586
-1.321789e-007 10.1121
-1.319789e-007 10.0955
-1.317789e-007 10.0299
-1.315789e-007 10.0368
-1.313789e-007 10.0955
-1.311789e-007 10.1546
-1.309789e-007 10.2195
-1.307789e-007 10.2002
-1.305789e-007 10.1066
-1.303789e-007 10.0724
-1.301789e-007 10.1049
-1.299789e-007 10.1038
-1.297789e-007 10.0579
-1.295789e-007 10.0106
-1.293789e-007 9.96744
-1.291789e-007 9.93568
-1.289789e-007 9.90599
-1.287789e-007 9.88423
-1.285789e-007 9.89735
-1.283789e-007 9.93084
-1.281789e-007 9.96952
-1.279789e-007 10.0037
-1.277789e-007 10.0137
-1.275789e-007 10.0058
-1.273789e-007 9.98954
-1.271789e-007 9.96537
-1.269789e-007 10.0061
-1.267789e-007 10.1377
-1.265789e-007 10.1784
-1.263789e-007 10.0693
-1.261789e-007 10.0103
-1.259789e-007 10.0634
-1.257789e-007 10.1111
-1.255789e-007 10.0734
-1.253789e-007 9.94673
-1.251789e-007 9.84177
-1.249789e-007 9.8832
-1.247789e-007 9.98609
-1.245789e-007 10.0034
-1.243789e-007 9.96226
-1.241789e-007 9.96675
-1.239789e-007 10.0493
-1.237789e-007 10.0859
-1.235789e-007 9.9595
-1.233789e-007 9.83969
-1.231789e-007 9.92187
-1.229789e-007 10.0772
-1.227789e-007 10.0969
-1.225789e-007 10.0279
-1.223789e-007 10.0127
-1.221789e-007 10.0662
-1.219789e-007 10.1314
-1.217789e-007 10.1014
-1.215789e-007 9.92705
-1.213789e-007 9.78169
-1.211789e-007 9.82692
-1.209789e-007 9.95536
-1.207789e-007 10.0002
-1.205789e-007 9.97055
-1.203789e-007 9.95881
-1.201789e-007 10.0106
-1.199789e-007 10.0755
-1.197789e-007 10.0897
-1.195789e-007 10.0942
-1.193789e-007 10.1038
-1.191789e-007 10.062
-1.189789e-007 10.0009
-1.187789e-007 9.96261
-1.185789e-007 9.93741
-1.183789e-007 9.95191
-1.181789e-007 9.96468
-1.179789e-007 9.93015
-1.177789e-007 9.97953
-1.175789e-007 10.1622
-1.173789e-007 10.2716
-1.171789e-007 10.1791
-1.169789e-007 10.0258
-1.167789e-007 9.93395
-1.165789e-007 9.85696
-1.163789e-007 9.80448
-1.161789e-007 9.87664
-1.159789e-007 9.98402
-1.157789e-007 9.93844
-1.155789e-007 9.87491
-1.153789e-007 9.98194
-1.151789e-007 10.0952
-1.149789e-007 10.0496
-1.147789e-007 9.95225
-1.145789e-007 9.88458
-1.143789e-007 9.81863
-1.141789e-007 9.82864
-1.139789e-007 9.91911
-1.137789e-007 9.99921
-1.135789e-007 10.0817
-1.133789e-007 10.0838
-1.131789e-007 9.94776
-1.129789e-007 9.89183
-1.127789e-007 9.98781
-1.125789e-007 10.0586
-1.123789e-007 10.0683
-1.121789e-007 10.0486
-1.119789e-007 9.97538
-1.117789e-007 9.92463
-1.115789e-007 9.97677
-1.113789e-007 10.0655
-1.111789e-007 10.1083
-1.109789e-007 10.1031
-1.107789e-007 10.1214
-1.105789e-007 10.1857
-1.103789e-007 10.168
-1.101789e-007 10.0631
-1.099789e-007 10.0462
-1.097789e-007 10.0997
-1.095789e-007 10.0665
-1.093789e-007 9.98056
-1.091789e-007 9.99714
-1.089789e-007 10.1207
-1.087789e-007 10.2091
-1.085789e-007 10.206
-1.083789e-007 10.1767
-1.081789e-007 10.1594
-1.079789e-007 10.1207
-1.077789e-007 10.0362
-1.075789e-007 9.96606
-1.073789e-007 9.99334
-1.071789e-007 10.08
-1.069789e-007 10.1087
-1.067789e-007 10.0551
-1.065789e-007 10.0289
-1.063789e-007 10.1059
-1.061789e-007 10.1839
-1.059789e-007 10.1929
-1.057789e-007 10.1808
-1.055789e-007 10.0776
-1.053789e-007 9.87215
-1.051789e-007 9.80586
-1.049789e-007 9.9633
-1.047789e-007 10.1339
-1.045789e-007 10.1328
-1.043789e-007 9.9557
-1.041789e-007 9.78031
-1.039789e-007 9.78411
-1.037789e-007 9.89839
-1.035789e-007 9.97435
-1.033789e-007 10.0137
-1.031789e-007 10.0358
-1.029789e-007 10.0427
-1.027789e-007 10.0817
-1.025789e-007 10.1152
-1.023789e-007 10.0693
-1.021789e-007 10.0096
-1.019789e-007 10.0396
-1.017789e-007 10.1028
-1.015789e-007 10.0465
-1.013789e-007 9.90668
-1.011789e-007 9.88113
-1.009789e-007 9.96503
-1.007789e-007 10.0099
-1.005789e-007 10.0265
-1.003789e-007 10.0513
-1.001789e-007 10.0116
-9.997886e-008 9.93499
-9.977886e-008 9.92359
-9.957886e-008 9.95743
-9.937886e-008 9.9709
-9.917886e-008 9.96261
-9.897886e-008 9.98885
-9.877886e-008 10.0665
-9.857886e-008 10.1166
-9.837886e-008 10.1169
-9.817886e-008 10.1014
-9.797886e-008 10.0541
-9.777886e-008 9.99955
-9.757886e-008 9.97573
-9.737886e-008 9.95329
-9.717886e-008 9.87595
-9.697886e-008 9.78031
-9.677886e-008 9.85109
-9.657886e-008 10.0824
-9.637886e-008 10.1774
-9.617886e-008 10.0406
-9.597886e-008 9.90081
-9.577886e-008 9.91634
-9.557886e-008 10.0009
-9.537886e-008 10.042
-9.517886e-008 10.0475
-9.497886e-008 10.0261
-9.477886e-008 9.99645
-9.457886e-008 10.0486
-9.437886e-008 10.1639
-9.417886e-008 10.2167
-9.397886e-008 10.1836
-9.377886e-008 10.1021
-9.357886e-008 9.98954
-9.337886e-008 9.92463
-9.317886e-008 9.98436
-9.297886e-008 10.0686
-9.277886e-008 10.0738
-9.257886e-008 10.1125
-9.237886e-008 10.2136
-9.217886e-008 10.224
-9.197886e-008 10.1591
-9.177886e-008 10.1252
-9.157886e-008 10.1049
-9.137886e-008 10.0973
-9.117886e-008 10.09
-9.097886e-008 10.0351
-9.077886e-008 10.0075
-9.057886e-008 10.0942
-9.037886e-008 10.2305
-9.017886e-008 10.2778
-8.997886e-008 10.1708
-8.977886e-008 9.97918
-8.957886e-008 9.84453
-8.937886e-008 9.8428
-8.917886e-008 9.90668
-8.897886e-008 9.93637
-8.877886e-008 9.9229
-8.857886e-008 9.92049
-8.837886e-008 9.96917
-8.817886e-008 10.041
-8.797886e-008 10.0589
-8.777886e-008 10.0078
-8.757886e-008 9.96399
-8.737886e-008 9.96813
-8.717886e-008 9.95122
-8.697886e-008 9.86593
-8.677886e-008 9.78825
-8.657886e-008 9.8138
-8.637886e-008 9.90288
-8.617886e-008 9.96537
-8.597886e-008 10.0099
-8.577886e-008 10.0707
-8.557886e-008 10.1211
-8.537886e-008 10.0741
-8.517886e-008 9.96537
-8.497886e-008 9.96813
-8.477886e-008 10.0838
-8.457886e-008 10.1736
-8.437886e-008 10.1953
-8.417886e-008 10.1629
-8.397886e-008 10.0703
-8.377886e-008 9.97435
-8.357886e-008 9.9633
-8.337886e-008 10.0023
-8.317886e-008 10.0493
-8.297886e-008 10.1056
-8.277886e-008 10.0545
-8.257886e-008 9.87629
-8.237886e-008 9.82416
-8.217886e-008 10.0002
-8.197886e-008 10.1508
-8.177886e-008 10.0824
-8.157886e-008 9.92221
-8.137886e-008 9.86386
-8.117886e-008 9.90012
-8.097886e-008 9.92877
-8.077886e-008 9.92359
-8.057886e-008 9.87974
-8.037886e-008 9.82381
-8.017886e-008 9.88561
-7.997886e-008 10.0351
-7.977886e-008 10.0734
-7.957886e-008 10.0341
-7.937886e-008 10.0548
-7.917886e-008 10.0993
-7.897886e-008 10.1169
-7.877886e-008 10.129
-7.857886e-008 10.1611
-7.837886e-008 10.2336
-7.817886e-008 10.2803
-7.797886e-008 10.1729
-7.777886e-008 10.012
-7.757886e-008 10.0734
-7.737886e-008 10.2699
-7.717886e-008 10.2664
-7.697886e-008 10.1301
-7.677886e-008 10.1342
-7.657886e-008 10.2616
-7.637886e-008 10.3217
-7.617886e-008 10.2195
-7.597886e-008 10.0248
-7.577886e-008 9.87664
-7.557886e-008 9.86041
-7.537886e-008 9.96813
-7.517886e-008 10.0938
-7.497886e-008 10.1301
-7.477886e-008 10.1111
-7.457886e-008 10.128
-7.437886e-008 10.1639
-7.417886e-008 10.1366
-7.397886e-008 10.0493
-7.377886e-008 9.99748
-7.357886e-008 10.0217
-7.337886e-008 10.0351
-7.317886e-008 9.99645
-7.297886e-008 10.0009
-7.277886e-008 10.0714
-7.257886e-008 10.0931
-7.237886e-008 10.0313
-7.217886e-008 10.0151
-7.197886e-008 10.0873
-7.177886e-008 10.1163
-7.157886e-008 10.0665
-7.137886e-008 10.0196
-7.117886e-008 10.0002
-7.097886e-008 9.98747
-7.077886e-008 9.9778
-7.057886e-008 10.0002
-7.037886e-008 10.033
-7.017886e-008 9.99196
-6.997886e-008 9.8794
-6.977886e-008 9.84556
-6.957886e-008 9.97193
-6.937886e-008 10.1114
-6.917886e-008 10.1346
-6.897886e-008 10.0845
-6.877886e-008 10.0417
-6.857886e-008 10.0348
-6.837886e-008 10.0576
-6.817886e-008 10.0662
-6.797886e-008 10.0172
-6.777886e-008 9.94327
-6.757886e-008 9.92498
-6.737886e-008 9.99852
-6.717886e-008 10.0721
-6.697886e-008 10.0807
-6.677886e-008 10.1031
-6.657886e-008 10.1207
-6.637886e-008 10.0866
-6.617886e-008 10.1014
-6.597886e-008 10.1853
-6.577886e-008 10.1967
-6.557886e-008 10.127
-6.537886e-008 10.1014
-6.517886e-008 10.0966
-6.497886e-008 10.0037
-6.477886e-008 9.87457
-6.457886e-008 9.85247
-6.437886e-008 9.93292
-6.417886e-008 9.97538
-6.397886e-008 9.94914
-6.377886e-008 9.9709
-6.357886e-008 10.0765
-6.337886e-008 10.1587
-6.317886e-008 10.1494
-6.297886e-008 10.0648
-6.277886e-008 9.96537
-6.257886e-008 9.92877
-6.237886e-008 9.97159
-6.217886e-008 10.0728
-6.197886e-008 10.1891
-6.177886e-008 10.2267
-6.157886e-008 10.1349
-6.137886e-008 9.99507
-6.117886e-008 9.92705
-6.097886e-008 9.96226
-6.077886e-008 10.0386
-6.057886e-008 10.0824
-6.037886e-008 10.1038
-6.017886e-008 10.1083
-5.997886e-008 10.0493
-5.977886e-008 9.96226
-5.957886e-008 9.94293
-5.937886e-008 9.98816
-5.917886e-008 10.0406
-5.897886e-008 10.118
-5.877886e-008 10.2033
-5.857886e-008 10.2174
-5.837886e-008 10.1825
-5.817886e-008 10.1245
-5.797886e-008 10.0303
-5.777886e-008 9.98505
-5.757886e-008 10.0237
-5.737886e-008 10.0724
-5.717886e-008 10.1173
-5.697886e-008 10.1601
-5.677886e-008 10.138
-5.657886e-008 10.0182
-5.637886e-008 9.83348
-5.617886e-008 9.71471
-5.597886e-008 9.79136
-5.577886e-008 9.97538
-5.557886e-008 10.0945
-5.537886e-008 10.1035
-5.517886e-008 10.004
-5.497886e-008 9.88251
-5.477886e-008 9.96468
-5.457886e-008 10.1977
-5.437886e-008 10.2554
-5.417886e-008 10.1056
-5.397886e-008 9.97469
-5.377886e-008 9.96434
-5.357886e-008 9.99265
-5.337886e-008 9.98022
-5.317886e-008 9.95432
-5.297886e-008 9.95087
-5.277886e-008 9.98056
-5.257886e-008 10.0565
-5.237886e-008 10.1156
-5.217886e-008 10.0765
-5.197886e-008 9.98954
-5.177886e-008 9.92083
-5.157886e-008 9.90599
-5.137886e-008 10.0103
-5.117886e-008 10.1587
-5.097886e-008 10.1604
-5.077886e-008 10.0341
-5.057886e-008 9.96157
-5.037886e-008 9.96088
-5.017886e-008 9.96123
-4.997886e-008 9.98125
-4.977886e-008 10.0096
-4.957886e-008 10.0341
-4.937886e-008 10.0655
-4.917886e-008 10.0248
-4.897886e-008 9.90184
-4.877886e-008 9.87526
-4.857886e-008 9.98574
-4.837886e-008 10.0734
-4.817886e-008 10.0952
-4.797886e-008 10.0199
-4.777886e-008 9.8359
-4.757886e-008 9.80068
-4.737886e-008 10.0275
-4.717886e-008 10.1895
-4.697886e-008 10.0852
-4.677886e-008 9.93188
-4.657886e-008 9.92221
-4.637886e-008 10.004
-4.617886e-008 10.0638
-4.597886e-008 10.0976
-4.577886e-008 10.1339
-4.557886e-008 10.0596
-4.537886e-008 9.89114
-4.517886e-008 9.86076
-4.497886e-008 9.94224
-4.477886e-008 9.96537
-4.457886e-008 10.0189
-4.437886e-008 10.1297
-4.417886e-008 10.1166
-4.397886e-008 9.98609
-4.377886e-008 9.89459
-4.357886e-008 9.86662
-4.337886e-008 9.90806
-4.317886e-008 9.98402
-4.297886e-008 9.98333
-4.277886e-008 10.0113
-4.257886e-008 10.1546
-4.237886e-008 10.2264
-4.217886e-008 10.1674
-4.197886e-008 10.1035
-4.177886e-008 10.0835
-4.157886e-008 10.0762
-4.137886e-008 10.0572
-4.117886e-008 10.0634
-4.097886e-008 10.0724
-4.077886e-008 9.97435
-4.057886e-008 9.8611
-4.037886e-008 9.89079
-4.017886e-008 9.94983
-3.997886e-008 9.91255
-3.977886e-008 9.86766
-3.957886e-008 9.86801
-3.937886e-008 9.8832
-3.917886e-008 9.95225
-3.897886e-008 9.99265
-3.877886e-008 9.90529
-3.857886e-008 9.87353
-3.837886e-008 9.98298
-3.817886e-008 10.0406
-3.797886e-008 9.99748
-3.777886e-008 9.96537
-3.757886e-008 9.96088
-3.737886e-008 9.96952
-3.717886e-008 9.99507
-3.697886e-008 10.0113
-3.677886e-008 9.99714
-3.657886e-008 9.97608
-3.637886e-008 9.99645
-3.617886e-008 10.0217
-3.597886e-008 9.96779
-3.577886e-008 9.91876
-3.557886e-008 9.99852
-3.537886e-008 10.0752
-3.517886e-008 10.0489
-3.497886e-008 10.0472
-3.477886e-008 10.0914
-3.457886e-008 10.139
-3.437886e-008 10.2157
-3.417886e-008 10.2592
-3.397886e-008 10.2257
-3.377886e-008 10.1901
-3.357886e-008 10.1042
-3.337886e-008 9.92256
-3.317886e-008 9.83555
-3.297886e-008 9.90184
-3.277886e-008 9.95053
-3.257886e-008 9.92946
-3.237886e-008 9.90668
-3.217886e-008 9.89701
-3.197886e-008 9.8794
-3.177886e-008 9.9198
-3.157886e-008 10.0817
-3.137886e-008 10.2205
-3.117886e-008 10.167
-3.097886e-008 10.0051
-3.077886e-008 9.95122
-3.057886e-008 10.0444
-3.037886e-008 10.1239
-3.017886e-008 10.1266
-2.997886e-008 10.0904
-2.977886e-008 10.0251
-2.957886e-008 9.97228
-2.937886e-008 9.94397
-2.917886e-008 9.95122
-2.897886e-008 10.0061
-2.877886e-008 10.0431
-2.857886e-008 10.0582
-2.837886e-008 10.0952
-2.817886e-008 10.1145
-2.797886e-008 10.0427
-2.777886e-008 9.94673
-2.757886e-008 9.92946
-2.737886e-008 9.92325
-2.717886e-008 9.90288
-2.697886e-008 9.92981
-2.677886e-008 9.97953
-2.657886e-008 10.0403
-2.637886e-008 10.1097
-2.617886e-008 10.1131
-2.597886e-008 10.069
-2.577886e-008 10.0441
-2.557886e-008 10.0189
-2.537886e-008 9.98505
-2.517886e-008 9.95985
-2.497886e-008 9.97366
-2.477886e-008 10.0192
-2.457886e-008 10.04
-2.437886e-008 10.0531
-2.417886e-008 10.0838
-2.397886e-008 10.0907
-2.377886e-008 10.071
-2.357886e-008 10.0738
-2.337886e-008 10.0714
-2.317886e-008 10.0469
-2.297886e-008 10.0503
-2.277886e-008 10.0168
-2.257886e-008 9.9267
-2.237886e-008 9.94086
-2.217886e-008 10.021
-2.197886e-008 9.97538
-2.177886e-008 9.89804
-2.157886e-008 9.95605
-2.137886e-008 10.0572
-2.117886e-008 10.0797
-2.097886e-008 10.0738
-2.077886e-008 10.0997
-2.057886e-008 10.0569
-2.037886e-008 9.86904
-2.017886e-008 9.7116
-1.997886e-008 9.78963
-1.977886e-008 10.0099
-1.957886e-008 10.1504
-1.937886e-008 10.1539
-1.917886e-008 10.0672
-1.897886e-008 9.99714
-1.877886e-008 10.0589
-1.857886e-008 10.1252
-1.837886e-008 10.0469
-1.817886e-008 9.97573
-1.797886e-008 10.0254
-1.777886e-008 10.0879
-1.757886e-008 10.0562
-1.737886e-008 9.95881
-1.717886e-008 9.89494
-1.697886e-008 9.89666
-1.677886e-008 9.88458
-1.657886e-008 9.84522
-1.637886e-008 9.9122
-1.617886e-008 10.0693
-1.597886e-008 10.1415
-1.577886e-008 10.1332
-1.557886e-008 10.1636
-1.537886e-008 10.2122
-1.517886e-008 10.1739
-1.497886e-008 10.0676
-1.477886e-008 10.0355
-1.457886e-008 10.0838
-1.437886e-008 10.098
-1.417886e-008 10.1059
-1.397886e-008 10.127
-1.377886e-008 10.0879
-1.357886e-008 10.0672
-1.337886e-008 10.1511
-1.317886e-008 10.2412
-1.297886e-008 10.2409
-1.277886e-008 10.167
-1.257886e-008 10.0683
-1.237886e-008 10.0282
-1.217886e-008 10.0807
-1.197886e-008 10.0776
-1.177886e-008 9.95812
-1.157886e-008 9.8649
-1.137886e-008 9.84349
-1.117886e-008 9.85558
-1.097886e-008 9.91876
-1.077886e-008 10.023
-1.057886e-008 10.1235
-1.037886e-008 10.1984
-1.017886e-008 10.2022
-9.978862e-009 10.1028
-9.778862e-009 10.0151
-9.578862e-009 10.021
-9.378862e-009 10.041
-9.178862e-009 10.0538
-8.978862e-009 10.062
-8.778862e-009 10.0282
-8.578862e-009 9.98125
-8.378862e-009 9.96675
-8.178862e-009 9.98851
-7.978862e-009 9.9999
-7.778862e-009 9.98471
-7.578862e-009 10.0085
-7.378862e-009 10.0665
-7.178862e-009 10.0662
-6.978862e-009 10.0241
-6.778862e-009 10.0006
-6.578862e-009 9.96399
-6.378862e-009 9.92601
-6.178862e-009 9.96917
-5.978862e-009 10.062
-5.778862e-009 10.0772
-5.578862e-009 10.0282
-5.378862e-009 10.0306
-5.178862e-009 10.0824
-4.978862e-009 10.1087
-4.778862e-009 10.0772
-4.578862e-009 9.98194
-4.378862e-009 9.90702
-4.178862e-009 9.96917
-3.978862e-009 10.0807
-3.778862e-009 10.0614
-3.578862e-009 9.92877
-3.378862e-009 9.88251
-3.178862e-009 10.0127
-2.978862e-009 10.1135
-2.778862e-009 10.0451
-2.578862e-009 9.9778
-2.378862e-009 9.99368
-2.178862e-009 10.0434
-1.978862e-009 10.118
-1.778862e-009 10.0172
-1.578862e-009 9.52066
-1.378862e-009 8.65749
-1.178862e-009 7.55573
-9.78862e-010 6.32864
-7.78862e-010 5.05735
-5.78862e-010 3.88516
-3.78862e-010 3.02095
-1.78862e-010 2.48751
2.113797e-011 2.10081
2.21138e-010 1.77383
4.21138e-010 1.57772
6.21138e-010 1.52938
8.21138e-010 1.55217
1.021138e-009 1.54941
1.221138e-009 1.48415
1.421138e-009 1.44134
1.621138e-009 1.46136
1.821138e-009 1.41613
2.021138e-009 1.32671
2.221138e-009 1.3564
2.421138e-009 1.37608
2.621138e-009 1.24902
2.821138e-009 1.19896
3.021138e-009 1.31601
3.221138e-009 1.39231
3.421138e-009 1.3526
3.621138e-009 1.30392
3.821138e-009 1.32567
4.021138e-009 1.34984
4.221138e-009 1.28321
4.421138e-009 1.19758
4.621138e-009 1.21484
4.821138e-009 1.32636
5.021138e-009 1.41026
5.221138e-009 1.38817
5.421138e-009 1.29909
5.621138e-009 1.28977
5.821138e-009 1.41682
6.021138e-009 1.47207
6.221138e-009 1.35709
6.421138e-009 1.2359
6.621138e-009 1.18342
6.821138e-009 1.19447
7.021138e-009 1.26836
7.221138e-009 1.28804
7.421138e-009 1.19205
7.621138e-009 1.12127
7.821138e-009 1.18687
8.021138e-009 1.30876
8.221138e-009 1.33569
8.421138e-009 1.21519
8.621138e-009 1.08053
8.821138e-009 1.06776
9.021138e-009 1.0978
9.221138e-009 1.09745
9.421138e-009 1.16236
9.621138e-009 1.25144
9.821138e-009 1.24764
1.002114e-008 1.24868
1.022114e-008 1.29702
1.042114e-008 1.29115
1.062114e-008 1.25006
1.082114e-008 1.21726
1.102114e-008 1.1665
1.122114e-008 1.094
1.142114e-008 1.0429
1.162114e-008 1.09365
1.182114e-008 1.20379
1.202114e-008 1.22175
1.222114e-008 1.20034
1.242114e-008 1.23349
1.262114e-008 1.23176
1.282114e-008 1.21829
1.302114e-008 1.26974
1.322114e-008 1.27078
1.342114e-008 1.19723
1.362114e-008 1.15131
1.382114e-008 1.11851
1.402114e-008 1.11092
1.422114e-008 1.19482
1.442114e-008 1.26939
1.462114e-008 1.18791
1.482114e-008 1.04808
1.502114e-008 1.03185
1.522114e-008 1.08537
1.542114e-008 1.04013
1.562114e-008 0.927922
1.582114e-008 0.929303
1.602114e-008 1.03461
1.622114e-008 1.08882
1.642114e-008 1.09089
1.662114e-008 1.11886
1.682114e-008 1.18411
1.702114e-008 1.24005
1.722114e-008 1.23659
1.742114e-008 1.19516
1.762114e-008 1.15131
1.782114e-008 1.12921
1.802114e-008 1.15822
1.822114e-008 1.20725
1.842114e-008 1.19136
1.862114e-008 1.09262
1.882114e-008 1.02218
1.902114e-008 1.05498
1.922114e-008 1.12162
1.942114e-008 1.1413
1.962114e-008 1.12473
1.982114e-008 1.09227
2.002114e-008 1.01148
2.022114e-008 0.9186
2.042114e-008 0.914802
2.062114e-008 0.977641
2.082114e-008 1.03047
2.102114e-008 1.08019
2.122114e-008 1.13439
2.142114e-008 1.19136
2.162114e-008 1.22555
2.182114e-008 1.21829
2.202114e-008 1.25973
2.222114e-008 1.28873
2.242114e-008 1.1306
2.262114e-008 0.946912
2.282114e-008 0.974534
2.302114e-008 1.1009
2.322114e-008 1.11748
2.342114e-008 1.04531
2.362114e-008 1.00733
2.382114e-008 1.03219
2.402114e-008 1.07397
2.422114e-008 1.08916
2.442114e-008 1.09089
2.462114e-008 1.08709
2.482114e-008 1.03116
2.502114e-008 0.9697
2.522114e-008 0.990416
2.542114e-008 1.02943
2.562114e-008 1.02218
2.582114e-008 1.01735
2.602114e-008 1.01942
2.622114e-008 1.01079
2.642114e-008 1.03944
2.662114e-008 1.09641
2.682114e-008 1.05049
2.702114e-008 0.895121
2.722114e-008 0.848855
2.742114e-008 0.964521
2.762114e-008 1.04911
2.782114e-008 1.05636
2.802114e-008 1.0429
2.822114e-008 1.00526
2.842114e-008 0.954163
2.862114e-008 0.938625
2.882114e-008 1.00526
2.902114e-008 1.08675
2.922114e-008 1.13405
2.942114e-008 1.14441
2.962114e-008 1.07881
2.982114e-008 1.0429
3.002114e-008 1.10953
3.022114e-008 1.18687
3.042114e-008 1.23211
3.062114e-008 1.1886
3.082114e-008 1.08364
3.102114e-008 1.0315
3.122114e-008 0.996286
3.142114e-008 0.966592
3.162114e-008 1.01148
3.182114e-008 1.09089
3.202114e-008 1.1123
3.222114e-008 1.05912
3.242114e-008 1.03565
3.262114e-008 1.09123
3.282114e-008 1.12818
3.302114e-008 1.10919
3.322114e-008 1.11264
3.342114e-008 1.16547
3.362114e-008 1.21484
3.382114e-008 1.23418
3.402114e-008 1.24661
3.422114e-008 1.24523
3.442114e-008 1.23003
3.462114e-008 1.23659
3.482114e-008 1.21173
3.502114e-008 1.11299
3.522114e-008 1.07708
3.542114e-008 1.14372
3.562114e-008 1.17652
3.582114e-008 1.16236
3.602114e-008 1.13681
3.622114e-008 1.07984
3.642114e-008 1.02529
3.662114e-008 1.02632
3.682114e-008 1.06672
3.702114e-008 1.07846
3.722114e-008 1.046
3.742114e-008 1.03185
3.762114e-008 1.06085
3.782114e-008 1.0643
3.802114e-008 1.03254
3.822114e-008 1.06465
3.842114e-008 1.13129
3.862114e-008 1.1306
3.882114e-008 1.09607
3.902114e-008 1.05395
3.922114e-008 0.997321
3.942114e-008 0.981094
3.962114e-008 1.02771
3.982114e-008 1.09123
4.002114e-008 1.10677
4.022114e-008 1.03599
4.042114e-008 0.953127
4.062114e-008 0.962104
4.082114e-008 1.01458
4.102114e-008 1.00526
4.122114e-008 0.950365
4.142114e-008 0.936554
4.162114e-008 0.994904
4.182114e-008 1.07328
4.202114e-008 1.08916
4.222114e-008 1.04635
4.242114e-008 1.02805
4.262114e-008 1.04911
4.282114e-008 1.05049
4.302114e-008 1.0429
4.322114e-008 1.06223
4.342114e-008 1.07155
4.362114e-008 1.05671
4.382114e-008 1.07052
4.402114e-008 1.13543
4.422114e-008 1.2069
4.442114e-008 1.19758
4.462114e-008 1.10505
4.482114e-008 1.05671
4.502114e-008 1.11713
4.522114e-008 1.20725
4.542114e-008 1.20379
4.562114e-008 1.09538
4.582114e-008 1.02943
4.602114e-008 1.07881
4.622114e-008 1.14924
4.642114e-008 1.18618
4.662114e-008 1.16374
4.682114e-008 1.05774
4.702114e-008 0.997667
4.722114e-008 1.04739
4.742114e-008 1.05049
4.762114e-008 0.97695
4.782114e-008 0.973843
4.802114e-008 1.04324
4.822114e-008 1.06603
4.842114e-008 1.07052
4.862114e-008 1.13129
4.882114e-008 1.17306
4.902114e-008 1.13301
4.922114e-008 1.09469
4.942114e-008 1.1413
4.962114e-008 1.20276
4.982114e-008 1.18377
5.002114e-008 1.11299
5.022114e-008 1.0643
5.042114e-008 1.05118
5.062114e-008 1.04013
5.082114e-008 1.05049
5.102114e-008 1.123
5.122114e-008 1.19861
5.142114e-008 1.18757
5.162114e-008 1.13681
5.182114e-008 1.14751
5.202114e-008 1.19136
5.222114e-008 1.16823
5.242114e-008 1.08985
5.262114e-008 1.06189
5.282114e-008 1.13439
5.302114e-008 1.2328
5.322114e-008 1.23936
5.342114e-008 1.19723
5.362114e-008 1.21588
5.382114e-008 1.26007
5.402114e-008 1.25593
5.422114e-008 1.152
5.442114e-008 0.955198
5.462114e-008 0.870607
5.482114e-008 1.02978
5.502114e-008 1.20759
5.522114e-008 1.17548
5.542114e-008 1.0284
5.562114e-008 0.951055
5.582114e-008 0.977296
5.602114e-008 0.987654
5.622114e-008 0.914111
5.642114e-008 0.874405
5.662114e-008 0.921017
5.682114e-008 0.992488
5.702114e-008 1.06465
5.722114e-008 1.09745
5.742114e-008 1.09572
5.762114e-008 1.09641
5.782114e-008 1.07673
5.802114e-008 1.03668
5.822114e-008 1.03012
5.842114e-008 1.07466
5.862114e-008 1.10194
5.882114e-008 1.07328
5.902114e-008 1.09814
5.922114e-008 1.19482
5.942114e-008 1.17445
5.962114e-008 1.04566
5.982114e-008 1.04428
6.002114e-008 1.17755
6.022114e-008 1.23072
6.042114e-008 1.15684
6.062114e-008 1.10539
6.082114e-008 1.13785
6.102114e-008 1.19827
6.122114e-008 1.23832
6.142114e-008 1.20932
6.162114e-008 1.14303
6.182114e-008 1.14303
6.202114e-008 1.17721
6.222114e-008 1.16512
6.242114e-008 1.15925
6.262114e-008 1.1848
6.282114e-008 1.18411
6.302114e-008 1.14199
6.322114e-008 1.07363
6.342114e-008 1.03288
6.362114e-008 1.04221
6.382114e-008 1.08019
6.402114e-008 1.17548
6.422114e-008 1.26042
6.442114e-008 1.21277
6.462114e-008 1.11368
6.482114e-008 1.05602
6.502114e-008 0.994214
6.522114e-008 0.969009
6.542114e-008 1.04635
6.562114e-008 1.15684
6.582114e-008 1.22037
6.602114e-008 1.21553
6.622114e-008 1.15062
6.642114e-008 1.09918
6.662114e-008 1.14855
6.682114e-008 1.23694
6.702114e-008 1.25869
6.722114e-008 1.22451
6.742114e-008 1.18584
6.762114e-008 1.18549
6.782114e-008 1.17686
6.802114e-008 1.09607
6.822114e-008 1.017
6.842114e-008 1.02978
6.862114e-008 1.12576
6.882114e-008 1.20656
6.902114e-008 1.1886
6.922114e-008 1.15615
6.942114e-008 1.23038
6.962114e-008 1.30012
6.982114e-008 1.19792
7.002114e-008 1.05222
7.022114e-008 1.04152
7.042114e-008 1.09849
7.062114e-008 1.17203
7.082114e-008 1.25248
7.102114e-008 1.22278
7.122114e-008 1.09814
7.142114e-008 1.0467
7.162114e-008 1.10608
7.182114e-008 1.1634
7.202114e-008 1.12714
7.222114e-008 1.04083
7.242114e-008 1.04808
7.262114e-008 1.16823
7.282114e-008 1.20414
7.302114e-008 1.10781
7.322114e-008 1.08675
7.342114e-008 1.17065
7.362114e-008 1.20379
7.382114e-008 1.18411
7.402114e-008 1.18964
7.422114e-008 1.2
7.442114e-008 1.16823
7.462114e-008 1.10988
7.482114e-008 1.07984
7.502114e-008 1.11161
7.522114e-008 1.16443
7.542114e-008 1.16996
7.562114e-008 1.11022
7.582114e-008 1.02356
7.602114e-008 0.972117
7.622114e-008 1.00595
7.642114e-008 1.10988
7.662114e-008 1.16443
7.682114e-008 1.14648
7.702114e-008 1.2
7.722114e-008 1.29218
7.742114e-008 1.23867
7.762114e-008 1.1009
7.782114e-008 1.06499
7.802114e-008 1.10125
7.822114e-008 1.10056
7.842114e-008 1.07501
7.862114e-008 1.06741
7.882114e-008 1.08502
7.902114e-008 1.10401
7.922114e-008 1.08226
7.942114e-008 1.0574
7.962114e-008 1.0902
7.982114e-008 1.12058
8.002114e-008 1.10746
8.022114e-008 1.10366
8.042114e-008 1.10815
8.062114e-008 1.11092
8.082114e-008 1.15338
8.102114e-008 1.20034
8.122114e-008 1.20103
8.142114e-008 1.1962
8.162114e-008 1.2069
8.182114e-008 1.21242
8.202114e-008 1.22106
8.222114e-008 1.24419
8.242114e-008 1.23832
8.262114e-008 1.18446
8.282114e-008 1.15787
8.302114e-008 1.21173
8.322114e-008 1.30392
8.342114e-008 1.32602
8.362114e-008 1.2145
8.382114e-008 1.08364
8.402114e-008 1.05809
8.422114e-008 1.09331
8.442114e-008 1.13232
8.462114e-008 1.12127
8.482114e-008 1.02805
8.502114e-008 1.00112
8.522114e-008 1.12369
8.542114e-008 1.24902
8.562114e-008 1.258
8.582114e-008 1.16443
8.602114e-008 1.08951
8.622114e-008 1.11955
8.642114e-008 1.18722
8.662114e-008 1.20794
8.682114e-008 1.16961
8.702114e-008 1.12921
8.722114e-008 1.14095
8.742114e-008 1.15822
8.762114e-008 1.13716
8.782114e-008 1.10194
8.802114e-008 1.05429
8.822114e-008 1.01735
8.842114e-008 1.0536
8.862114e-008 1.09987
8.882114e-008 1.06879
8.902114e-008 1.04221
8.922114e-008 1.07881
8.942114e-008 1.12162
8.962114e-008 1.18791
8.982114e-008 1.229
9.002114e-008 1.11126
9.022114e-008 0.981439
9.042114e-008 1.07915
9.062114e-008 1.2763
9.082114e-008 1.31566
9.102114e-008 1.22762
9.122114e-008 1.16754
9.142114e-008 1.17997
9.162114e-008 1.24695
9.182114e-008 1.27457
9.202114e-008 1.20552
9.222114e-008 1.14095
9.242114e-008 1.1558
9.262114e-008 1.24764
9.282114e-008 1.34812
9.302114e-008 1.30634
9.322114e-008 1.17099
9.342114e-008 1.14268
9.362114e-008 1.19171
9.382114e-008 1.21484
9.402114e-008 1.25835
9.422114e-008 1.31014
9.442114e-008 1.24764
9.462114e-008 1.08847
9.482114e-008 0.992488
9.502114e-008 1.00457
9.522114e-008 1.01666
9.542114e-008 0.980748
9.562114e-008 0.986273
9.582114e-008 1.04497
9.602114e-008 1.06223
9.622114e-008 1.06879
9.642114e-008 1.14303
9.662114e-008 1.21035
9.682114e-008 1.2069
9.702114e-008 1.20517
9.722114e-008 1.23003
9.742114e-008 1.23901
9.762114e-008 1.25489
9.782114e-008 1.2687
9.802114e-008 1.23521
9.822114e-008 1.18653
9.842114e-008 1.14959
9.862114e-008 1.15338
9.882114e-008 1.2214
9.902114e-008 1.24212
9.922114e-008 1.1703
9.942114e-008 1.13992
9.962114e-008 1.16719
9.982114e-008 1.14199
1.000211e-007 1.11126
1.002211e-007 1.17617
1.004211e-007 1.24177
1.006211e-007 1.18515
1.008211e-007 1.08916
1.010211e-007 1.11161
1.012211e-007 1.21795
1.014211e-007 1.27595
1.016211e-007 1.30185
1.018211e-007 1.29287
1.020211e-007 1.18411
1.022211e-007 1.06327
1.024211e-007 1.06085
1.026211e-007 1.13336
1.028211e-007 1.15546
1.030211e-007 1.14751
1.032211e-007 1.16098
1.034211e-007 1.15822
1.036211e-007 1.13025
1.038211e-007 1.06741
1.040211e-007 1.02322
1.042211e-007 1.07363
1.044211e-007 1.1268
1.046211e-007 1.12542
1.048211e-007 1.11817
1.050211e-007 1.06327
1.052211e-007 0.992488
1.054211e-007 1.04221
1.056211e-007 1.1489
1.058211e-007 1.18722
1.060211e-007 1.22865
1.062211e-007 1.29771
1.064211e-007 1.27526
1.066211e-007 1.16719
1.068211e-007 1.10746
1.070211e-007 1.15822
1.072211e-007 1.22693
1.074211e-007 1.20828
1.076211e-007 1.17859
1.078211e-007 1.20966
1.080211e-007 1.19827
1.082211e-007 1.10539
1.084211e-007 1.05671
1.086211e-007 1.12818
1.088211e-007 1.3091
1.090211e-007 1.47518
1.092211e-007 1.39231
1.094211e-007 1.14544
1.096211e-007 1.07363
1.098211e-007 1.15822
1.100211e-007 1.19482
1.102211e-007 1.1962
1.104211e-007 1.20759
1.106211e-007 1.17962
1.108211e-007 1.08951
1.110211e-007 1.03634
1.112211e-007 1.0498
1.114211e-007 1.02736
1.116211e-007 1.01286
1.118211e-007 1.10401
1.120211e-007 1.20517
1.122211e-007 1.19585
1.124211e-007 1.15856
1.126211e-007 1.2176
1.128211e-007 1.29494
1.130211e-007 1.30979
1.132211e-007 1.31048
1.134211e-007 1.27526
1.136211e-007 1.20863
1.138211e-007 1.22037
1.140211e-007 1.25835
1.142211e-007 1.19965
1.144211e-007 1.12231
1.146211e-007 1.11817
1.148211e-007 1.14303
1.150211e-007 1.17272
1.152211e-007 1.20621
1.154211e-007 1.20794
1.156211e-007 1.18618
1.158211e-007 1.19033
1.160211e-007 1.1886
1.162211e-007 1.14233
1.164211e-007 1.08329
1.166211e-007 1.05809
1.168211e-007 1.13474
1.170211e-007 1.28838
1.172211e-007 1.37815
1.174211e-007 1.38851
1.176211e-007 1.37505
1.178211e-007 1.30427
1.180211e-007 1.21933
1.182211e-007 1.17203
1.184211e-007 1.07501
1.186211e-007 0.936209
1.188211e-007 0.9003
1.190211e-007 1.01182
1.192211e-007 1.13508
1.194211e-007 1.16892
1.196211e-007 1.11713
1.198211e-007 1.01458
1.200211e-007 0.999048
1.202211e-007 1.10574
1.204211e-007 1.16685
1.206211e-007 1.13785
1.208211e-007 1.0978
1.210211e-007 1.08571
1.212211e-007 1.10608
1.214211e-007 1.12714
1.216211e-007 1.1375
1.218211e-007 1.13405
1.220211e-007 1.08606
1.222211e-007 1.04946
1.224211e-007 1.0978
1.226211e-007 1.1482
1.228211e-007 1.11402
1.230211e-007 1.07432
1.232211e-007 1.07501
1.234211e-007 1.03392
1.236211e-007 0.952781
1.238211e-007 0.95071
1.240211e-007 1.04359
1.242211e-007 1.08467
1.244211e-007 1.04324
1.246211e-007 1.06051
1.248211e-007 1.1482
1.250211e-007 1.20379
1.252211e-007 1.22416
1.254211e-007 1.22485
1.256211e-007 1.20828
1.258211e-007 1.25766
1.260211e-007 1.34604
1.262211e-007 1.31462
1.264211e-007 1.15304
1.266211e-007 1.01355
1.268211e-007 1.02322
1.270211e-007 1.15925
1.272211e-007 1.23107
1.274211e-007 1.1413
1.276211e-007 1.06638
1.278211e-007 1.08675
1.280211e-007 1.07432
1.282211e-007 1.06051
1.284211e-007 1.14786
1.286211e-007 1.27008
1.288211e-007 1.31255
1.290211e-007 1.26387
1.292211e-007 1.23521
1.294211e-007 1.31014
1.296211e-007 1.36676
1.298211e-007 1.31428
1.300211e-007 1.28907
1.302211e-007 1.35571
1.304211e-007 1.37539
1.306211e-007 1.28079
1.308211e-007 1.23211
1.310211e-007 1.33741
1.312211e-007 1.44341
1.314211e-007 1.42891
1.316211e-007 1.36676
1.318211e-007 1.29943
1.320211e-007 1.20034
1.322211e-007 1.123
1.324211e-007 1.16305
1.326211e-007 1.28942
1.328211e-007 1.38126
1.330211e-007 1.37919
1.332211e-007 1.2946
1.334211e-007 1.23625
1.336211e-007 1.31221
1.338211e-007 1.41165
1.340211e-007 1.40543
1.342211e-007 1.36952
1.344211e-007 1.34087
1.346211e-007 1.33292
1.348211e-007 1.40474
1.350211e-007 1.42062
1.352211e-007 1.31255
1.354211e-007 1.23901
1.356211e-007 1.25351
1.358211e-007 1.30358
1.360211e-007 1.335
1.362211e-007 1.31739
1.364211e-007 1.30116
1.366211e-007 1.32498
1.368211e-007 1.3167
1.370211e-007 1.25006
1.372211e-007 1.26352
1.374211e-007 1.40129
1.376211e-007 1.48553
1.378211e-007 1.41026
1.380211e-007 1.30358
1.382211e-007 1.31842
1.384211e-007 1.44755
1.386211e-007 1.54872
1.388211e-007 1.51523
1.390211e-007 1.40543
1.392211e-007 1.30668
1.394211e-007 1.25696
1.396211e-007 1.29391
1.398211e-007 1.37643
1.400211e-007 1.4006
1.402211e-007 1.39093
1.404211e-007 1.42511
1.406211e-007 1.47379
1.408211e-007 1.54354
1.410211e-007 1.61605
1.412211e-007 1.55217
1.414211e-007 1.364
1.416211e-007 1.29184
1.418211e-007 1.45342
1.420211e-007 1.64954
1.422211e-007 1.63435
1.424211e-007 1.49727
1.426211e-007 1.47276
1.428211e-007 1.5135
1.430211e-007 1.52144
1.432211e-007 1.54112
1.434211e-007 1.5463
1.436211e-007 1.47587
1.438211e-007 1.39576
1.440211e-007 1.40474
1.442211e-007 1.47863
1.444211e-007 1.52006
1.446211e-007 1.48588
1.448211e-007 1.45032
1.450211e-007 1.4845
1.452211e-007 1.53007
1.454211e-007 1.59775
1.456211e-007 1.74725
1.458211e-007 1.83046
1.460211e-007 1.76313
1.462211e-007 1.68165
1.464211e-007 1.60431
1.466211e-007 1.50694
1.468211e-007 1.499
1.470211e-007 1.58359
1.472211e-007 1.66715
1.474211e-007 1.71963
1.476211e-007 1.67716
1.478211e-007 1.55873
1.480211e-007 1.51316
1.482211e-007 1.52835
1.484211e-007 1.5028
1.486211e-007 1.45411
1.488211e-007 1.42546
1.490211e-007 1.47621
1.492211e-007 1.61156
1.494211e-007 1.69339
1.496211e-007 1.71756
1.498211e-007 1.76589
1.500211e-007 1.7438
1.502211e-007 1.65368
1.504211e-007 1.63227
1.506211e-007 1.63504
1.508211e-007 1.60845
1.510211e-007 1.64091
1.512211e-007 1.72757
1.514211e-007 1.73378
1.516211e-007 1.62917
1.518211e-007 1.528
1.520211e-007 1.5097
1.522211e-007 1.55873
1.524211e-007 1.58981
1.526211e-007 1.59326
1.528211e-007 1.64988
1.530211e-007 1.68027
1.532211e-007 1.63745
1.534211e-007 1.65713
1.536211e-007 1.72412
1.538211e-007 1.72757
1.540211e-007 1.70513
1.542211e-007 1.73102
1.544211e-007 1.77004
1.546211e-007 1.76244
1.548211e-007 1.73551
1.550211e-007 1.73033
1.552211e-007 1.74897
1.554211e-007 1.75623
1.556211e-007 1.74103
1.558211e-007 1.77729
1.560211e-007 1.82839
1.562211e-007 1.81043
1.564211e-007 1.83046
1.566211e-007 1.9002
1.568211e-007 1.87258
1.570211e-007 1.7949
1.572211e-007 1.7911
1.574211e-007 1.83909
1.576211e-007 1.89813
1.578211e-007 1.9665
1.580211e-007 1.9917
1.582211e-007 1.95579
1.584211e-007 1.94716
1.586211e-007 2.00171
1.588211e-007 2.02243
1.590211e-007 1.91125
1.592211e-007 1.74725
1.594211e-007 1.67716
1.596211e-007 1.68752
1.598211e-007 1.72204
1.600211e-007 1.78281
1.602211e-007 1.8239
1.604211e-007 1.83909
1.606211e-007 1.89675
1.608211e-007 1.92334
1.610211e-007 1.85739
1.612211e-007 1.84876
1.614211e-007 1.91401
1.616211e-007 1.93784
1.618211e-007 1.98721
1.620211e-007 2.08492
1.622211e-007 2.0687
1.624211e-007 1.96373
1.626211e-007 1.93646
1.628211e-007 1.96477
1.630211e-007 2.00309
1.632211e-007 2.07042
1.634211e-007 2.10253
1.636211e-007 2.03589
1.638211e-007 1.92679
1.640211e-007 1.89261
1.642211e-007 1.90745
1.644211e-007 1.88915
1.646211e-007 1.90883
1.648211e-007 1.9665
1.650211e-007 1.93508
1.652211e-007 1.87086
1.654211e-007 1.93853
1.656211e-007 2.06041
1.658211e-007 2.05419
1.660211e-007 1.9444
1.662211e-007 1.84703
1.664211e-007 1.84254
1.666211e-007 1.91643
1.668211e-007 1.96235
1.670211e-007 1.96201
1.672211e-007 1.94751
1.674211e-007 1.9551
1.676211e-007 2.01725
1.678211e-007 2.05765
1.680211e-007 2.03797
1.682211e-007 2.05143
1.684211e-007 2.09701
1.686211e-007 2.06386
1.688211e-007 1.97064
1.690211e-007 1.91919
1.692211e-007 1.90158
1.694211e-007 1.90055
1.696211e-007 1.93749
1.698211e-007 1.97202
1.700211e-007 2.02485
1.702211e-007 2.14086
1.704211e-007 2.16261
1.706211e-007 2.0207
1.708211e-007 1.94543
1.710211e-007 2.05937
1.712211e-007 2.20853
1.714211e-007 2.22717
1.716211e-007 2.11738
1.718211e-007 2.04487
1.720211e-007 2.09321
1.722211e-007 2.15467
1.724211e-007 2.1557
1.726211e-007 2.14638
1.728211e-007 2.16641
1.730211e-007 2.17676
1.732211e-007 2.16192
1.734211e-007 2.15363
1.736211e-007 2.14569
1.738211e-007 2.15639
1.740211e-007 2.20611
1.742211e-007 2.21923
1.744211e-007 2.14051
1.746211e-007 2.07733
1.748211e-007 2.15018
1.750211e-007 2.26136
1.752211e-007 2.23822
1.754211e-007 2.10495
1.756211e-007 2.06006
1.758211e-007 2.15777
1.760211e-007 2.22545
1.762211e-007 2.21164
1.764211e-007 2.19645
1.766211e-007 2.24168
1.768211e-007 2.37184
1.770211e-007 2.45402
1.772211e-007 2.3929
1.774211e-007 2.28069
1.776211e-007 2.19023
1.778211e-007 2.13292
1.780211e-007 2.15329
1.782211e-007 2.2655
1.784211e-007 2.3822
1.786211e-007 2.39325
1.788211e-007 2.29278
1.790211e-007 2.22476
1.792211e-007 2.27137
1.794211e-007 2.31971
1.796211e-007 2.29554
1.798211e-007 2.24927
1.800211e-007 2.2327
1.802211e-007 2.27586
1.804211e-007 2.34975
1.806211e-007 2.39187
1.808211e-007 2.41327
1.810211e-007 2.44055
1.812211e-007 2.44331
1.814211e-007 2.41327
1.816211e-007 2.41362
1.818211e-007 2.49027
1.820211e-007 2.57037
1.822211e-007 2.53723
1.824211e-007 2.39014
1.826211e-007 2.25583
1.828211e-007 2.251
1.830211e-007 2.34802
1.832211e-007 2.40085
1.834211e-007 2.34008
1.836211e-007 2.28104
1.838211e-007 2.29554
1.840211e-007 2.2983
1.842211e-007 2.28104
1.844211e-007 2.28552
1.846211e-007 2.31522
1.848211e-007 2.38876
1.850211e-007 2.45781
1.852211e-007 2.43434
1.854211e-007 2.30486
1.856211e-007 2.19472
1.858211e-007 2.2251
1.860211e-007 2.33697
1.862211e-007 2.44815
1.864211e-007 2.51237
1.866211e-007 2.45367
1.868211e-007 2.34836
1.870211e-007 2.36804
1.872211e-007 2.48785
1.874211e-007 2.56209
1.876211e-007 2.53377
1.878211e-007 2.42467
1.880211e-007 2.31211
1.882211e-007 2.30141
1.884211e-007 2.4005
1.886211e-007 2.52238
1.888211e-007 2.56071
1.890211e-007 2.46714
1.892211e-007 2.35941
1.894211e-007 2.35769
1.896211e-007 2.4043
1.898211e-007 2.45022
1.900211e-007 2.50374
1.902211e-007 2.50684
1.904211e-007 2.47888
1.906211e-007 2.5027
1.908211e-007 2.57555
1.910211e-007 2.63494
1.912211e-007 2.56416
1.914211e-007 2.3784
1.916211e-007 2.2876
1.918211e-007 2.38703
1.920211e-007 2.5248
1.922211e-007 2.53343
1.924211e-007 2.46748
1.926211e-007 2.47853
1.928211e-007 2.55035
1.930211e-007 2.53654
1.932211e-007 2.45125
1.934211e-007 2.47266
1.936211e-007 2.61975
1.938211e-007 2.7475
1.940211e-007 2.78202
1.942211e-007 2.75233
1.944211e-007 2.67879
1.946211e-007 2.57831
1.948211e-007 2.51478
1.950211e-007 2.53826
1.952211e-007 2.58798
1.954211e-007 2.55104
1.956211e-007 2.47715
1.958211e-007 2.4775
1.960211e-007 2.53619
1.962211e-007 2.60835
1.964211e-007 2.64495
1.966211e-007 2.65462
1.968211e-007 2.66912
1.970211e-007 2.66049
1.972211e-007 2.65289
1.974211e-007 2.67533
1.976211e-007 2.70779
1.978211e-007 2.72126
1.980211e-007 2.7147
1.982211e-007 2.67603
1.984211e-007 2.61077
1.986211e-007 2.58039
1.988211e-007 2.59247
1.990211e-007 2.64909
1.992211e-007 2.71815
1.994211e-007 2.6888
1.996211e-007 2.579
1.998211e-007 2.53205
2.000211e-007 2.62044
2.002211e-007 2.75199
2.004211e-007 2.76338
2.006211e-007 2.62423
2.008211e-007 2.47819
2.010211e-007 2.45678
2.012211e-007 2.53101
2.014211e-007 2.60352
2.016211e-007 2.62251
2.018211e-007 2.61595
2.020211e-007 2.64184
2.022211e-007 2.64288
2.024211e-007 2.61181
2.026211e-007 2.656
2.028211e-007 2.71539
2.030211e-007 2.74059
2.032211e-007 2.82725
2.034211e-007 2.90425
2.036211e-007 2.84555
2.038211e-007 2.74542
2.040211e-007 2.70192
2.042211e-007 2.69985
2.044211e-007 2.75544
2.046211e-007 2.82864
2.048211e-007 2.83347
2.050211e-007 2.81034
2.052211e-007 2.83554
2.054211e-007 2.8856
2.056211e-007 2.9039
2.058211e-007 2.90356
2.060211e-007 2.90943
2.062211e-007 2.90114
2.064211e-007 2.87421
2.066211e-007 2.84659
2.068211e-007 2.84624
2.070211e-007 2.85557
2.072211e-007 2.84693
2.074211e-007 2.88422
2.076211e-007 2.96605
2.078211e-007 2.98055
2.080211e-007 2.88043
2.082211e-007 2.77788
2.084211e-007 2.83381
2.086211e-007 2.99644
2.088211e-007 3.01819
2.090211e-007 2.86972
2.092211e-007 2.82691
2.094211e-007 2.95397
2.096211e-007 3.01991
2.098211e-007 2.96191
2.100211e-007 2.90045
2.102211e-007 2.86938
2.104211e-007 2.86869
2.106211e-007 2.94292
2.108211e-007 3.06618
2.110211e-007 3.13627
2.112211e-007 3.09587
2.114211e-007 2.98401
2.116211e-007 2.9298
2.118211e-007 2.97227
2.120211e-007 3.003
2.122211e-007 2.97468
2.124211e-007 2.88975
2.126211e-007 2.82794
2.128211e-007 2.94568
2.130211e-007 3.13731
2.132211e-007 3.21292
2.134211e-007 3.20567
2.136211e-007 3.16009
2.138211e-007 3.10554
2.140211e-007 3.05962
2.142211e-007 3.00749
2.144211e-007 3.00472
2.146211e-007 3.04305
2.148211e-007 3.02268
2.150211e-007 2.92566
2.152211e-007 2.8459
2.154211e-007 2.8749
2.156211e-007 2.99816
2.158211e-007 3.16942
2.160211e-007 3.31547
2.162211e-007 3.30752
2.164211e-007 3.19151
2.166211e-007 3.14801
2.168211e-007 3.19704
2.170211e-007 3.21499
2.172211e-007 3.11486
2.174211e-007 2.9771
2.176211e-007 2.92289
2.178211e-007 2.9405
2.180211e-007 2.97261
2.182211e-007 2.99747
2.184211e-007 3.03856
2.186211e-007 3.08828
2.188211e-007 3.08034
2.190211e-007 3.0389
2.192211e-007 3.02924
2.194211e-007 3.04063
2.196211e-007 3.1014
2.198211e-007 3.18323
2.200211e-007 3.14628
2.202211e-007 3.05099
2.204211e-007 3.05582
2.206211e-007 3.10209
2.208211e-007 3.12419
2.210211e-007 3.20222
2.212211e-007 3.28819
2.214211e-007 3.22466
2.216211e-007 3.0976
2.218211e-007 3.05755
2.220211e-007 3.01197
2.222211e-007 2.96295
2.224211e-007 3.03787
2.226211e-007 3.13454
2.228211e-007 3.16079
2.230211e-007 3.18081
2.232211e-007 3.21396
2.234211e-007 3.24054
2.236211e-007 3.24952
2.238211e-007 3.23295
2.240211e-007 3.17011
2.242211e-007 3.07861
2.244211e-007 3.05824
2.246211e-007 3.15906
2.248211e-007 3.31823
2.250211e-007 3.42319
2.252211e-007 3.3935
2.254211e-007 3.30683
2.256211e-007 3.2799
2.258211e-007 3.24676
2.260211e-007 3.15526
2.262211e-007 3.15664
2.264211e-007 3.3203
2.266211e-007 3.47153
2.268211e-007 3.43148
2.270211e-007 3.28025
2.272211e-007 3.2257
2.274211e-007 3.27162
2.276211e-007 3.28094
2.278211e-007 3.21085
2.280211e-007 3.17391
2.282211e-007 3.24158
2.284211e-007 3.27611
2.286211e-007 3.18599
2.288211e-007 3.13351
2.290211e-007 3.24745
2.292211e-007 3.40109
2.294211e-007 3.45461
2.296211e-007 3.44253
2.298211e-007 3.44563
2.300211e-007 3.44184
2.302211e-007 3.40627
2.304211e-007 3.41732
2.306211e-007 3.46669
2.308211e-007 3.43493
2.310211e-007 3.34102
2.312211e-007 3.29993
2.314211e-007 3.31892
2.316211e-007 3.32651
2.318211e-007 3.29924
2.320211e-007 3.2875
2.322211e-007 3.28267
2.324211e-007 3.20809
2.326211e-007 3.14007
2.328211e-007 3.20912
2.330211e-007 3.33169
2.332211e-007 3.37934
2.334211e-007 3.39695
2.336211e-007 3.4225
2.338211e-007 3.33894
2.340211e-007 3.1708
2.342211e-007 3.16562
2.344211e-007 3.33169
2.346211e-007 3.41801
2.348211e-007 3.34378
2.350211e-007 3.26989
2.352211e-007 3.31788
2.354211e-007 3.37002
2.356211e-007 3.33549
2.358211e-007 3.3279
2.360211e-007 3.41559
2.362211e-007 3.49155
2.364211e-007 3.44184
2.366211e-007 3.32341
2.368211e-007 3.28128
2.370211e-007 3.39557
2.372211e-007 3.56648
2.374211e-007 3.61516
2.376211e-007 3.58443
2.378211e-007 3.57235
2.380211e-007 3.52643
2.382211e-007 3.45944
2.384211e-007 3.40903
2.386211e-007 3.34896
2.388211e-007 3.30096
2.390211e-007 3.28267
2.392211e-007 3.30304
2.394211e-007 3.36967
2.396211e-007 3.46117
2.398211e-007 3.55612
2.400211e-007 3.6124
2.402211e-007 3.59997
2.404211e-007 3.54576
2.406211e-007 3.54404
2.408211e-007 3.63933
2.410211e-007 3.69285
2.412211e-007 3.64382
2.414211e-007 3.59962
2.416211e-007 3.59306
2.418211e-007 3.60515
2.420211e-007 3.59962
2.422211e-007 3.51641
2.424211e-007 3.43597
2.426211e-007 3.48154
2.428211e-007 3.58961
2.430211e-007 3.61861
2.432211e-007 3.54714
2.434211e-007 3.44978
2.436211e-007 3.42146
2.438211e-007 3.4774
2.440211e-007 3.55854
2.442211e-007 3.60895
2.444211e-007 3.55508
2.446211e-007 3.44425
2.448211e-007 3.42733
2.450211e-007 3.55819
2.452211e-007 3.75879
2.454211e-007 3.84511
2.456211e-007 3.77329
2.458211e-007 3.70148
2.460211e-007 3.71667
2.462211e-007 3.72392
2.464211e-007 3.59859
2.466211e-007 3.466
2.468211e-007 3.52056
2.470211e-007 3.62759
2.472211e-007 3.58581
2.474211e-007 3.47947
2.476211e-007 3.48327
2.478211e-007 3.56579
2.480211e-007 3.58927
2.482211e-007 3.54576
2.484211e-007 3.50295
2.486211e-007 3.49397
2.488211e-007 3.48327
2.490211e-007 3.45944
2.492211e-007 3.52056
2.494211e-007 3.66971
2.496211e-007 3.74187
2.498211e-007 3.6925
2.500211e-007 3.69768
2.502211e-007 3.79608
2.504211e-007 3.81576
2.506211e-007 3.73221
2.508211e-007 3.63381
2.510211e-007 3.56579
2.512211e-007 3.57511
2.514211e-007 3.64382
2.516211e-007 3.72737
2.518211e-007 3.80782
2.520211e-007 3.81818
