-2.481045e-007 10.0924
-2.479045e-007 10.0334
-2.477045e-007 10.0075
-2.475045e-007 10.051
-2.473045e-007 10.1283
-2.471045e-007 10.1494
-2.469045e-007 10.0752
-2.467045e-007 9.94638
-2.465045e-007 9.86386
-2.463045e-007 9.90184
-2.461045e-007 9.98471
-2.459045e-007 10.0185
-2.457045e-007 10.0448
-2.455045e-007 10.0551
-2.453045e-007 9.974
-2.451045e-007 9.87733
-2.449045e-007 9.89597
-2.447045e-007 9.98954
-2.445045e-007 10.0337
-2.443045e-007 10.0265
-2.441045e-007 10.0434
-2.439045e-007 10.0969
-2.437045e-007 10.1201
-2.435045e-007 10.0652
-2.433045e-007 9.9961
-2.431045e-007 9.96019
-2.429045e-007 9.93844
-2.427045e-007 9.96365
-2.425045e-007 10.0337
-2.423045e-007 10.0261
-2.421045e-007 9.91151
-2.419045e-007 9.85523
-2.417045e-007 9.91013
-2.415045e-007 9.96779
-2.413045e-007 9.99852
-2.411045e-007 9.97884
-2.409045e-007 9.88665
-2.407045e-007 9.80827
-2.405045e-007 9.80309
-2.403045e-007 9.84902
-2.401045e-007 9.94051
-2.399045e-007 10.0206
-2.397045e-007 10.0165
-2.395045e-007 10.0213
-2.393045e-007 10.0707
-2.391045e-007 10.0424
-2.389045e-007 9.9709
-2.387045e-007 9.96917
-2.385045e-007 10.0265
-2.383045e-007 10.0665
-2.381045e-007 9.97193
-2.379045e-007 9.7848
-2.377045e-007 9.72334
-2.375045e-007 9.79999
-2.373045e-007 9.9084
-2.371045e-007 10.0358
-2.369045e-007 10.108
-2.367045e-007 10.0683
-2.365045e-007 9.99955
-2.363045e-007 10.0034
-2.361045e-007 10.0831
-2.359045e-007 10.1508
-2.357045e-007 10.1232
-2.355045e-007 10.0154
-2.353045e-007 9.94673
-2.351045e-007 9.95053
-2.349045e-007 9.95156
-2.347045e-007 9.98125
-2.345045e-007 10.0237
-2.343045e-007 9.94051
-2.341045e-007 9.83175
-2.339045e-007 9.90219
-2.337045e-007 10.0289
-2.335045e-007 10.0327
-2.333045e-007 9.98989
-2.331045e-007 9.9999
-2.329045e-007 10.0624
-2.327045e-007 10.09
-2.325045e-007 10.0116
-2.323045e-007 9.96572
-2.321045e-007 10.0444
-2.319045e-007 10.0969
-2.317045e-007 10.0413
-2.315045e-007 10.0054
-2.313045e-007 10.0586
-2.311045e-007 10.1321
-2.309045e-007 10.1587
-2.307045e-007 10.1207
-2.305045e-007 10.0897
-2.303045e-007 10.0717
-2.301045e-007 9.98851
-2.299045e-007 9.92152
-2.297045e-007 9.96088
-2.295045e-007 10.0182
-2.293045e-007 10.0213
-2.291045e-007 10.0027
-2.289045e-007 10.0189
-2.287045e-007 10.0313
-2.285045e-007 9.95294
-2.283045e-007 9.88907
-2.281045e-007 9.95053
-2.279045e-007 10.0251
-2.277045e-007 10.0265
-2.275045e-007 9.96882
-2.273045e-007 9.88561
-2.271045e-007 9.85592
-2.269045e-007 9.89597
-2.267045e-007 9.95087
-2.265045e-007 9.99783
-2.263045e-007 9.99541
-2.261045e-007 9.90288
-2.259045e-007 9.79688
-2.257045e-007 9.81587
-2.255045e-007 9.92325
-2.253045e-007 9.93948
-2.251045e-007 9.85178
-2.249045e-007 9.81898
-2.247045e-007 9.90564
-2.245045e-007 10.0103
-2.243045e-007 10.0137
-2.241045e-007 9.94673
-2.239045e-007 9.95847
-2.237045e-007 10.0634
-2.235045e-007 10.1149
-2.233045e-007 10.0731
-2.231045e-007 10.0324
-2.229045e-007 10.0241
-2.227045e-007 10.0351
-2.225045e-007 10.0838
-2.223045e-007 10.1183
-2.221045e-007 10.0582
-2.219045e-007 9.96123
-2.217045e-007 9.95053
-2.215045e-007 10.013
-2.213045e-007 10.0137
-2.211045e-007 9.96882
-2.209045e-007 9.99886
-2.207045e-007 10.0582
-2.205045e-007 10.0883
-2.203045e-007 10.1107
-2.201045e-007 10.0983
-2.199045e-007 10.0545
-2.197045e-007 10.0334
-2.195045e-007 10.0199
-2.193045e-007 9.97815
-2.191045e-007 9.96779
-2.189045e-007 10.0227
-2.187045e-007 10.0548
-2.185045e-007 10.0565
-2.183045e-007 10.1125
-2.181045e-007 10.1542
-2.179045e-007 10.0938
-2.177045e-007 10.0047
-2.175045e-007 9.97573
-2.173045e-007 10.04
-2.171045e-007 10.0807
-2.169045e-007 9.98333
-2.167045e-007 9.92567
-2.165045e-007 10.041
-2.163045e-007 10.1532
-2.161045e-007 10.148
-2.159045e-007 10.1636
-2.157045e-007 10.2723
-2.155045e-007 10.2716
-2.153045e-007 10.0793
-2.151045e-007 9.99507
-2.149045e-007 10.1339
-2.147045e-007 10.1957
-2.145045e-007 10.0655
-2.143045e-007 10.0023
-2.141045e-007 10.1173
-2.139045e-007 10.187
-2.137045e-007 10.069
-2.135045e-007 9.88631
-2.133045e-007 9.8359
-2.131045e-007 9.96848
-2.129045e-007 10.1142
-2.127045e-007 10.158
-2.125045e-007 10.1787
-2.123045e-007 10.2185
-2.121045e-007 10.204
-2.119045e-007 10.1197
-2.117045e-007 10.0973
-2.115045e-007 10.196
-2.113045e-007 10.2468
-2.111045e-007 10.1073
-2.109045e-007 9.92394
-2.107045e-007 9.88044
-2.105045e-007 9.90599
-2.103045e-007 9.92463
-2.101045e-007 9.96399
-2.099045e-007 9.94983
-2.097045e-007 9.88769
-2.095045e-007 9.92705
-2.093045e-007 10.0286
-2.091045e-007 10.0362
-2.089045e-007 9.97021
-2.087045e-007 9.92636
-2.085045e-007 9.91358
-2.083045e-007 9.9229
-2.081045e-007 9.96226
-2.079045e-007 10.0047
-2.077045e-007 10.0054
-2.075045e-007 10.0023
-2.073045e-007 10.0897
-2.071045e-007 10.1863
-2.069045e-007 10.1114
-2.067045e-007 9.96572
-2.065045e-007 9.97849
-2.063045e-007 10.0337
-2.061045e-007 9.9671
-2.059045e-007 9.93533
-2.057045e-007 9.97228
-2.055045e-007 9.92912
-2.053045e-007 9.84522
-2.051045e-007 9.81104
-2.049045e-007 9.8832
-2.047045e-007 10.0379
-2.045045e-007 10.0966
-2.043045e-007 10.0517
-2.041045e-007 10.0199
-2.039045e-007 9.97262
-2.037045e-007 9.9229
-2.035045e-007 9.94362
-2.033045e-007 9.9892
-2.031045e-007 9.99576
-2.029045e-007 10.0147
-2.027045e-007 10.0641
-2.025045e-007 10.0745
-2.023045e-007 10.0389
-2.021045e-007 9.98056
-2.019045e-007 9.96296
-2.017045e-007 10.0424
-2.015045e-007 10.0634
-2.013045e-007 9.94327
-2.011045e-007 9.87457
-2.009045e-007 9.92808
-2.007045e-007 10.0006
-2.005045e-007 10.0475
-2.003045e-007 10.05
-2.001045e-007 10.0251
-1.999045e-007 10.0717
-1.997045e-007 10.1515
-1.995045e-007 10.0738
-1.993045e-007 9.89977
-1.991045e-007 9.82657
-1.989045e-007 9.87318
-1.987045e-007 9.99783
-1.985045e-007 10.0759
-1.983045e-007 10.0044
-1.981045e-007 9.90081
-1.979045e-007 9.89356
-1.977045e-007 9.94845
-1.975045e-007 9.96675
-1.973045e-007 9.9198
-1.971045e-007 9.86628
-1.969045e-007 9.86524
-1.967045e-007 9.90495
-1.965045e-007 9.94983
-1.963045e-007 10.0382
-1.961045e-007 10.1518
-1.959045e-007 10.1601
-1.957045e-007 10.081
-1.955045e-007 10.0431
-1.953045e-007 10.0375
-1.951045e-007 9.9923
-1.949045e-007 9.90115
-1.947045e-007 9.84246
-1.945045e-007 9.88665
-1.943045e-007 9.95294
-1.941045e-007 9.95812
-1.939045e-007 9.95881
-1.937045e-007 9.97021
-1.935045e-007 9.96296
-1.933045e-007 9.9892
-1.931045e-007 10.012
-1.929045e-007 9.96675
-1.927045e-007 9.93257
-1.925045e-007 9.92705
-1.923045e-007 9.87077
-1.921045e-007 9.80862
-1.919045e-007 9.88389
-1.917045e-007 10.0835
-1.915045e-007 10.2102
-1.913045e-007 10.1836
-1.911045e-007 10.1128
-1.909045e-007 10.0475
-1.907045e-007 9.97366
-1.905045e-007 9.94776
-1.903045e-007 9.97469
-1.901045e-007 9.97987
-1.899045e-007 10.004
-1.897045e-007 10.1201
-1.895045e-007 10.2064
-1.893045e-007 10.129
-1.891045e-007 9.98747
-1.889045e-007 9.93671
-1.887045e-007 9.99023
-1.885045e-007 10.0227
-1.883045e-007 9.92532
-1.881045e-007 9.80551
-1.879045e-007 9.84384
-1.877045e-007 9.9526
-1.875045e-007 9.96123
-1.873045e-007 9.96952
-1.871045e-007 10.0161
-1.869045e-007 9.98609
-1.867045e-007 9.94811
-1.865045e-007 9.96917
-1.863045e-007 10.0113
-1.861045e-007 10.0603
-1.859045e-007 10.041
-1.857045e-007 9.9412
-1.855045e-007 9.88285
-1.853045e-007 9.93084
-1.851045e-007 10.0313
-1.849045e-007 10.0465
-1.847045e-007 9.97297
-1.845045e-007 9.97815
-1.843045e-007 10.0724
-1.841045e-007 10.1335
-1.839045e-007 10.1532
-1.837045e-007 10.1515
-1.835045e-007 10.1021
-1.833045e-007 10.0645
-1.831045e-007 10.1021
-1.829045e-007 10.1166
-1.827045e-007 10.052
-1.825045e-007 10.0037
-1.823045e-007 9.93499
-1.821045e-007 9.79584
-1.819045e-007 9.79308
-1.817045e-007 9.99334
-1.815045e-007 10.1463
-1.813045e-007 10.1152
-1.811045e-007 9.98954
-1.809045e-007 9.92981
-1.807045e-007 10.0192
-1.805045e-007 10.1442
-1.803045e-007 10.1639
-1.801045e-007 10.1387
-1.799045e-007 10.1926
-1.797045e-007 10.2533
-1.795045e-007 10.2105
-1.793045e-007 10.0879
-1.791045e-007 9.93223
-1.789045e-007 9.83451
-1.787045e-007 9.88631
-1.785045e-007 10.0113
-1.783045e-007 10.0869
-1.781045e-007 10.08
-1.779045e-007 10.0106
-1.777045e-007 9.95881
-1.775045e-007 9.99852
-1.773045e-007 10.0945
-1.771045e-007 10.1332
-1.769045e-007 10.0693
-1.767045e-007 9.99265
-1.765045e-007 9.97987
-1.763045e-007 9.99023
-1.761045e-007 9.94155
-1.759045e-007 9.88803
-1.757045e-007 9.99645
-1.755045e-007 10.1611
-1.753045e-007 10.1221
-1.751045e-007 9.99748
-1.749045e-007 10.0286
-1.747045e-007 10.1052
-1.745045e-007 10.051
-1.743045e-007 9.97262
-1.741045e-007 10.0113
-1.739045e-007 10.0841
-1.737045e-007 10.071
-1.735045e-007 9.97573
-1.733045e-007 9.86248
-1.731045e-007 9.83624
-1.729045e-007 9.9305
-1.727045e-007 10.0348
-1.725045e-007 10.1007
-1.723045e-007 10.1321
-1.721045e-007 10.0462
-1.719045e-007 9.94155
-1.717045e-007 10.0358
-1.715045e-007 10.2129
-1.713045e-007 10.2475
-1.711045e-007 10.1539
-1.709045e-007 10.0386
-1.707045e-007 10.0013
-1.705045e-007 10.0382
-1.703045e-007 10.0282
-1.701045e-007 9.99921
-1.699045e-007 10.0486
-1.697045e-007 10.0648
-1.695045e-007 9.98609
-1.693045e-007 9.97642
-1.691045e-007 10.0569
-1.689045e-007 10.1183
-1.687045e-007 10.1535
-1.685045e-007 10.1242
-1.683045e-007 10.0268
-1.681045e-007 10.0268
-1.679045e-007 10.1705
-1.677045e-007 10.2388
-1.675045e-007 10.1446
-1.673045e-007 10.0372
-1.671045e-007 10.0147
-1.669045e-007 10.0759
-1.667045e-007 10.1346
-1.665045e-007 10.1425
-1.663045e-007 10.1694
-1.661045e-007 10.1995
-1.659045e-007 10.1349
-1.657045e-007 9.97159
-1.655045e-007 9.80896
-1.653045e-007 9.77754
-1.651045e-007 9.88596
-1.649045e-007 9.97366
-1.647045e-007 9.9633
-1.645045e-007 9.95294
-1.643045e-007 10.0106
-1.641045e-007 10.0993
-1.639045e-007 10.1415
-1.637045e-007 10.1035
-1.635045e-007 10.0451
-1.633045e-007 10.0075
-1.631045e-007 9.94914
-1.629045e-007 9.88631
-1.627045e-007 9.89563
-1.625045e-007 9.9854
-1.623045e-007 10.0655
-1.621045e-007 10.0172
-1.619045e-007 9.9084
-1.617045e-007 9.92394
-1.615045e-007 9.9892
-1.613045e-007 9.90426
-1.611045e-007 9.78652
-1.609045e-007 9.83313
-1.607045e-007 9.91151
-1.605045e-007 9.87388
-1.603045e-007 9.82312
-1.601045e-007 9.887
-1.599045e-007 10.0358
-1.597045e-007 10.1056
-1.595045e-007 10.0451
-1.593045e-007 9.9923
-1.591045e-007 9.99852
-1.589045e-007 9.9961
-1.587045e-007 10.0351
-1.585045e-007 10.1149
-1.583045e-007 10.0848
-1.581045e-007 9.99161
-1.579045e-007 9.99507
-1.577045e-007 10.0075
-1.575045e-007 9.92014
-1.573045e-007 9.87457
-1.571045e-007 9.97849
-1.569045e-007 10.1263
-1.567045e-007 10.1708
-1.565045e-007 10.0375
-1.563045e-007 9.87077
-1.561045e-007 9.90702
-1.559045e-007 10.0631
-1.557045e-007 10.1093
-1.555045e-007 10.0586
-1.553045e-007 10.051
-1.551045e-007 10.0904
-1.549045e-007 10.0614
-1.547045e-007 9.94949
-1.545045e-007 9.8573
-1.543045e-007 9.87629
-1.541045e-007 9.94535
-1.539045e-007 9.92705
-1.537045e-007 9.89563
-1.535045e-007 9.97055
-1.533045e-007 10.0831
-1.531045e-007 10.127
-1.529045e-007 10.0593
-1.527045e-007 9.96952
-1.525045e-007 9.97504
-1.523045e-007 10.0513
-1.521045e-007 10.1163
-1.519045e-007 10.1332
-1.517045e-007 10.0848
-1.515045e-007 10.0096
-1.513045e-007 9.97987
-1.511045e-007 10.0065
-1.509045e-007 10.0676
-1.507045e-007 10.1328
-1.505045e-007 10.1556
-1.503045e-007 10.109
-1.501045e-007 10.0103
-1.499045e-007 9.96123
-1.497045e-007 10.0006
-1.495045e-007 10.0289
-1.493045e-007 10.0009
-1.491045e-007 9.98229
-1.489045e-007 10.0413
-1.487045e-007 10.1114
-1.485045e-007 10.1024
-1.483045e-007 10.0759
-1.481045e-007 10.0721
-1.479045e-007 10.0911
-1.477045e-007 10.1308
-1.475045e-007 10.0938
-1.473045e-007 10.0237
-1.471045e-007 10.0686
-1.469045e-007 10.1304
-1.467045e-007 10.0786
-1.465045e-007 9.97435
-1.463045e-007 9.94811
-1.461045e-007 10.0517
-1.459045e-007 10.1049
-1.457045e-007 9.94258
-1.455045e-007 9.75061
-1.453045e-007 9.81069
-1.451045e-007 10.0379
-1.449045e-007 10.1321
-1.447045e-007 10.0728
-1.445045e-007 9.9923
-1.443045e-007 9.93464
-1.441045e-007 9.93154
-1.439045e-007 9.93775
-1.437045e-007 9.90668
-1.435045e-007 9.93706
-1.433045e-007 10.079
-1.431045e-007 10.1922
-1.429045e-007 10.1808
-1.427045e-007 10.1397
-1.425045e-007 10.1556
-1.423045e-007 10.1753
-1.421045e-007 10.1425
-1.419045e-007 10.0917
-1.417045e-007 10.0431
-1.415045e-007 9.94569
-1.413045e-007 9.85178
-1.411045e-007 9.87526
-1.409045e-007 9.95778
-1.407045e-007 10.0296
-1.405045e-007 10.1011
-1.403045e-007 10.1135
-1.401045e-007 10.0721
-1.399045e-007 10.0555
-1.397045e-007 10.0652
-1.395045e-007 10.0952
-1.393045e-007 10.156
-1.391045e-007 10.1881
-1.389045e-007 10.1018
-1.387045e-007 9.97469
-1.385045e-007 9.94189
-1.383045e-007 9.95191
-1.381045e-007 9.93084
-1.379045e-007 9.89701
-1.377045e-007 9.88216
-1.375045e-007 9.93257
-1.373045e-007 10.0413
-1.371045e-007 10.1256
-1.369045e-007 10.1494
-1.367045e-007 10.1194
-1.365045e-007 10.0596
-1.363045e-007 10.0289
-1.361045e-007 10.0389
-1.359045e-007 10.0627
-1.357045e-007 10.0879
-1.355045e-007 10.0665
-1.353045e-007 9.97435
-1.351045e-007 9.92946
-1.349045e-007 10.0123
-1.347045e-007 10.098
-1.345045e-007 10.0959
-1.343045e-007 10.0883
-1.341045e-007 10.1111
-1.339045e-007 10.1214
-1.337045e-007 10.1166
-1.335045e-007 10.1011
-1.333045e-007 10.0759
-1.331045e-007 10.0182
-1.329045e-007 9.94155
-1.327045e-007 9.93533
-1.325045e-007 10.003
-1.323045e-007 10.0807
-1.321045e-007 10.1263
-1.319045e-007 10.1159
-1.317045e-007 10.098
-1.315045e-007 10.0973
-1.313045e-007 10.0375
-1.311045e-007 9.94051
-1.309045e-007 9.92843
-1.307045e-007 9.94707
-1.305045e-007 9.88907
-1.303045e-007 9.87284
-1.301045e-007 9.95432
-1.299045e-007 10.0085
-1.297045e-007 10.0189
-1.295045e-007 10.0051
-1.293045e-007 9.94397
-1.291045e-007 9.91738
-1.289045e-007 9.95156
-1.287045e-007 9.91703
-1.285045e-007 9.82588
-1.283045e-007 9.81932
-1.281045e-007 9.89252
-1.279045e-007 9.99368
-1.277045e-007 10.0344
-1.275045e-007 9.93775
-1.273045e-007 9.88182
-1.271045e-007 9.99714
-1.269045e-007 10.1308
-1.267045e-007 10.1656
-1.265045e-007 10.1435
-1.263045e-007 10.1276
-1.261045e-007 10.1093
-1.259045e-007 10.0427
-1.257045e-007 9.94949
-1.255045e-007 9.89735
-1.253045e-007 9.91116
-1.251045e-007 9.94293
-1.249045e-007 9.90357
-1.247045e-007 9.8245
-1.245045e-007 9.86697
-1.243045e-007 10.0075
-1.241045e-007 10.0596
-1.239045e-007 10.0496
-1.237045e-007 10.0969
-1.235045e-007 10.1187
-1.233045e-007 10.0434
-1.231045e-007 9.97815
-1.229045e-007 9.96192
-1.227045e-007 9.95605
-1.225045e-007 9.96848
-1.223045e-007 9.9854
-1.221045e-007 10.0082
-1.219045e-007 9.99955
-1.217045e-007 9.92325
-1.215045e-007 9.91186
-1.213045e-007 10.0116
-1.211045e-007 10.0917
-1.209045e-007 10.137
-1.207045e-007 10.2029
-1.205045e-007 10.2226
-1.203045e-007 10.1632
-1.201045e-007 10.127
-1.199045e-007 10.1584
-1.197045e-007 10.1805
-1.195045e-007 10.1321
-1.193045e-007 10.0427
-1.191045e-007 9.99748
-1.189045e-007 10.0237
-1.187045e-007 10.0358
-1.185045e-007 9.974
-1.183045e-007 9.92774
-1.181045e-007 9.9778
-1.179045e-007 10.0213
-1.177045e-007 9.96192
-1.175045e-007 9.91634
-1.173045e-007 9.9671
-1.171045e-007 10.0213
-1.169045e-007 10.0092
-1.167045e-007 9.97573
-1.165045e-007 10.0034
-1.163045e-007 10.0679
-1.161045e-007 10.1011
-1.159045e-007 10.1446
-1.157045e-007 10.204
-1.155045e-007 10.1881
-1.153045e-007 10.0859
-1.151045e-007 9.98194
-1.149045e-007 9.96088
-1.147045e-007 10.032
-1.145045e-007 10.0824
-1.143045e-007 10.0406
-1.141045e-007 9.97746
-1.139045e-007 9.97228
-1.137045e-007 10.0469
-1.135045e-007 10.0942
-1.133045e-007 10.0179
-1.131045e-007 9.95467
-1.129045e-007 10.0061
-1.127045e-007 10.0444
-1.125045e-007 9.93879
-1.123045e-007 9.78065
-1.121045e-007 9.76581
-1.119045e-007 9.86939
-1.117045e-007 9.98194
-1.115045e-007 10.0589
-1.113045e-007 10.0368
-1.111045e-007 9.98298
-1.109045e-007 10.0078
-1.107045e-007 10.0462
-1.105045e-007 10.0158
-1.103045e-007 9.9595
-1.101045e-007 9.9633
-1.099045e-007 10.0275
-1.097045e-007 10.0358
-1.095045e-007 9.94983
-1.093045e-007 9.9084
-1.091045e-007 9.98022
-1.089045e-007 10.05
-1.087045e-007 10.0469
-1.085045e-007 10.0441
-1.083045e-007 10.0576
-1.081045e-007 10.0303
-1.079045e-007 10.0051
-1.077045e-007 10.0614
-1.075045e-007 10.1763
-1.073045e-007 10.2492
-1.071045e-007 10.2454
-1.069045e-007 10.2102
-1.067045e-007 10.158
-1.065045e-007 10.0655
-1.063045e-007 9.96434
-1.061045e-007 9.93948
-1.059045e-007 10.0085
-1.057045e-007 10.0928
-1.055045e-007 10.0959
-1.053045e-007 10.0355
-1.051045e-007 10.0054
-1.049045e-007 10.0061
-1.047045e-007 10.0265
-1.045045e-007 10.0648
-1.043045e-007 10.0817
-1.041045e-007 10.1069
-1.039045e-007 10.1435
-1.037045e-007 10.1256
-1.035045e-007 10.1176
-1.033045e-007 10.1663
-1.031045e-007 10.1529
-1.029045e-007 10.0755
-1.027045e-007 10.0662
-1.025045e-007 10.1018
-1.023045e-007 10.0821
-1.021045e-007 10.0513
-1.019045e-007 10.0379
-1.017045e-007 9.97849
-1.015045e-007 9.91842
-1.013045e-007 9.89701
-1.011045e-007 9.86593
-1.009045e-007 9.8939
-1.007045e-007 10.0013
-1.005045e-007 10.0382
-1.003045e-007 10.0016
-1.001045e-007 10.0009
-9.990453e-008 9.99334
-9.970453e-008 9.96813
-9.950453e-008 10.0275
-9.930453e-008 10.1225
-9.910453e-008 10.1
-9.890453e-008 9.98333
-9.870453e-008 9.92118
-9.850453e-008 9.93084
-9.830453e-008 9.95294
-9.810453e-008 10.0099
-9.790453e-008 10.0545
-9.770453e-008 9.97331
-9.750453e-008 9.85454
-9.730453e-008 9.86628
-9.710453e-008 9.93292
-9.690453e-008 9.92601
-9.670453e-008 9.91082
-9.650453e-008 9.93188
-9.630453e-008 9.92256
-9.610453e-008 9.91151
-9.590453e-008 9.96606
-9.570453e-008 10.0106
-9.550453e-008 9.99472
-9.530453e-008 9.98574
-9.510453e-008 10.0116
-9.490453e-008 10.0451
-9.470453e-008 10.0579
-9.450453e-008 10.04
-9.430453e-008 10.0085
-9.410453e-008 9.99334
-9.390453e-008 10.0103
-9.370453e-008 10.042
-9.350453e-008 10.0465
-9.330453e-008 10.0154
-9.310453e-008 9.99299
-9.290453e-008 10.0185
-9.270453e-008 10.1111
-9.250453e-008 10.2091
-9.230453e-008 10.1556
-9.210453e-008 9.96261
-9.190453e-008 9.90771
-9.170453e-008 10.0662
-9.150453e-008 10.157
-9.130453e-008 10.052
-9.110453e-008 9.95536
-9.090453e-008 9.98471
-9.070453e-008 10.0051
-9.050453e-008 9.95467
-9.030453e-008 9.9633
-9.010453e-008 10.051
-8.990453e-008 10.0437
-8.970453e-008 9.91151
-8.950453e-008 9.84936
-8.930453e-008 9.9412
-8.910453e-008 10.0786
-8.890453e-008 10.1563
-8.870453e-008 10.1138
-8.850453e-008 9.98816
-8.830453e-008 9.94086
-8.810453e-008 10.0344
-8.790453e-008 10.1891
-8.770453e-008 10.2834
-8.750453e-008 10.2188
-8.730453e-008 10.1018
-8.710453e-008 10.0769
-8.690453e-008 10.109
-8.670453e-008 10.1252
-8.650453e-008 10.0748
-8.630453e-008 9.97608
-8.610453e-008 9.94983
-8.590453e-008 10.0406
-8.570453e-008 10.1111
-8.550453e-008 10.0362
-8.530453e-008 9.93292
-8.510453e-008 9.93775
-8.490453e-008 9.98574
-8.470453e-008 10.0299
-8.450453e-008 10.0496
-8.430453e-008 9.99817
-8.410453e-008 9.9854
-8.390453e-008 10.1097
-8.370453e-008 10.2426
-8.350453e-008 10.254
-8.330453e-008 10.1915
-8.310453e-008 10.1373
-8.290453e-008 10.0762
-8.270453e-008 10.0075
-8.250453e-008 9.99334
-8.230453e-008 10.0227
-8.210453e-008 10.003
-8.190453e-008 9.9633
-8.170453e-008 10.023
-8.150453e-008 10.0904
-8.130453e-008 9.98125
-8.110453e-008 9.81207
-8.090453e-008 9.78445
-8.070453e-008 9.81138
-8.050453e-008 9.80344
-8.030453e-008 9.85558
-8.010453e-008 9.97538
-7.990453e-008 10.0848
-7.970453e-008 10.1131
-7.950453e-008 10.0217
-7.930453e-008 9.91772
-7.910453e-008 9.89425
-7.890453e-008 9.91013
-7.870453e-008 9.97538
-7.850453e-008 10.0458
-7.830453e-008 10.0144
-7.810453e-008 9.95812
-7.790453e-008 9.94155
-7.770453e-008 9.90081
-7.750453e-008 9.88009
-7.730453e-008 9.93084
-7.710453e-008 9.97642
-7.690453e-008 9.98367
-7.670453e-008 10.004
-7.650453e-008 10.0752
-7.630453e-008 10.1473
-7.610453e-008 10.1142
-7.590453e-008 10.0241
-7.570453e-008 9.99645
-7.550453e-008 10.0296
-7.530453e-008 10.081
-7.510453e-008 10.0859
-7.490453e-008 9.99334
-7.470453e-008 9.89597
-7.450453e-008 9.93982
-7.430453e-008 10.031
-7.410453e-008 9.9999
-7.390453e-008 9.95743
-7.370453e-008 9.98954
-7.350453e-008 10.0372
-7.330453e-008 10.1276
-7.310453e-008 10.197
-7.290453e-008 10.157
-7.270453e-008 10.0879
-7.250453e-008 10.0265
-7.230453e-008 10.0071
-7.210453e-008 10.108
-7.190453e-008 10.2133
-7.170453e-008 10.1577
-7.150453e-008 10.0161
-7.130453e-008 9.95812
-7.110453e-008 9.98816
-7.090453e-008 10.0258
-7.070453e-008 10.0589
-7.050453e-008 10.09
-7.030453e-008 10.09
-7.010453e-008 10.0797
-6.990453e-008 10.1207
-6.970453e-008 10.1497
-6.950453e-008 10.0679
-6.930453e-008 9.95432
-6.910453e-008 9.90219
-6.890453e-008 9.90115
-6.870453e-008 9.9488
-6.850453e-008 9.98574
-6.830453e-008 9.9267
-6.810453e-008 9.85074
-6.790453e-008 9.92359
-6.770453e-008 10.1163
-6.750453e-008 10.2191
-6.730453e-008 10.1432
-6.710453e-008 10.0203
-6.690453e-008 10.0085
-6.670453e-008 10.069
-6.650453e-008 10.0572
-6.630453e-008 9.96537
-6.610453e-008 9.88561
-6.590453e-008 9.83624
-6.570453e-008 9.79101
-6.550453e-008 9.79067
-6.530453e-008 9.86006
-6.510453e-008 9.93741
-6.490453e-008 9.98229
-6.470453e-008 9.96088
-6.450453e-008 9.88527
-6.430453e-008 9.87905
-6.410453e-008 9.91496
-6.390453e-008 9.90529
-6.370453e-008 9.92152
-6.350453e-008 9.96434
-6.330453e-008 10.0165
-6.310453e-008 10.1287
-6.290453e-008 10.215
-6.270453e-008 10.1404
-6.250453e-008 9.96675
-6.230453e-008 9.88216
-6.210453e-008 9.96848
-6.190453e-008 10.1214
-6.170453e-008 10.1294
-6.150453e-008 9.96986
-6.130453e-008 9.86248
-6.110453e-008 9.86179
-6.090453e-008 9.87388
-6.070453e-008 9.92946
-6.050453e-008 10.0424
-6.030453e-008 10.127
-6.010453e-008 10.1384
-5.990453e-008 10.0717
-5.970453e-008 9.9816
-5.950453e-008 9.97538
-5.930453e-008 10.0037
-5.910453e-008 9.93671
-5.890453e-008 9.83762
-5.870453e-008 9.86145
-5.850453e-008 10.0127
-5.830453e-008 10.1511
-5.810453e-008 10.1446
-5.790453e-008 10.0203
-5.770453e-008 9.92981
-5.750453e-008 9.93257
-5.730453e-008 9.99541
-5.710453e-008 10.1114
-5.690453e-008 10.2374
-5.670453e-008 10.2955
-5.650453e-008 10.2295
-5.630453e-008 10.0151
-5.610453e-008 9.82519
-5.590453e-008 9.90115
-5.570453e-008 10.1314
-5.550453e-008 10.2537
-5.530453e-008 10.2361
-5.510453e-008 10.1601
-5.490453e-008 10.079
-5.470453e-008 10.0234
-5.450453e-008 9.99852
-5.430453e-008 10.0185
-5.410453e-008 10.0765
-5.390453e-008 10.11
-5.370453e-008 10.0904
-5.350453e-008 10.0513
-5.330453e-008 10.0244
-5.310453e-008 9.9633
-5.290453e-008 9.86352
-5.270453e-008 9.8504
-5.250453e-008 9.96744
-5.230453e-008 10.1404
-5.210453e-008 10.2661
-5.190453e-008 10.283
-5.170453e-008 10.2592
-5.150453e-008 10.2164
-5.130453e-008 10.1018
-5.110453e-008 9.96779
-5.090453e-008 9.90771
-5.070453e-008 9.95363
-5.050453e-008 10.0199
-5.030453e-008 9.98056
-5.010453e-008 9.90046
-4.990453e-008 9.93292
-4.970453e-008 10.0051
-4.950453e-008 9.96088
-4.930453e-008 9.88769
-4.910453e-008 9.89183
-4.890453e-008 9.89666
-4.870453e-008 9.90529
-4.850453e-008 9.95018
-4.830453e-008 9.96296
-4.810453e-008 9.99472
-4.790453e-008 10.1007
-4.770453e-008 10.137
-4.750453e-008 10.0355
-4.730453e-008 9.94707
-4.710453e-008 9.96537
-4.690453e-008 10.012
-4.670453e-008 10.0182
-4.650453e-008 10.004
-4.630453e-008 9.96572
-4.610453e-008 9.87042
-4.590453e-008 9.82934
-4.570453e-008 9.95778
-4.550453e-008 10.0797
-4.530453e-008 10.0517
-4.510453e-008 10.0016
-4.490453e-008 9.99852
-4.470453e-008 10.0475
-4.450453e-008 10.1294
-4.430453e-008 10.0962
-4.410453e-008 9.94707
-4.390453e-008 9.88872
-4.370453e-008 10.0089
-4.350453e-008 10.1763
-4.330453e-008 10.2102
-4.310453e-008 10.099
-4.290453e-008 9.96675
-4.270453e-008 9.92946
-4.250453e-008 10.0054
-4.230453e-008 10.0517
-4.210453e-008 9.99507
-4.190453e-008 9.91772
-4.170453e-008 9.86904
-4.150453e-008 9.8573
-4.130453e-008 9.84625
-4.110453e-008 9.85627
-4.090453e-008 9.99403
-4.070453e-008 10.1687
-4.050453e-008 10.2008
-4.030453e-008 10.1529
-4.010453e-008 10.119
-3.990453e-008 10.0389
-3.970453e-008 9.93464
-3.950453e-008 9.90495
-3.930453e-008 9.95191
-3.910453e-008 10.0848
-3.890453e-008 10.2216
-3.870453e-008 10.2109
-3.850453e-008 10.1618
-3.830453e-008 10.1967
-3.810453e-008 10.1825
-3.790453e-008 10.098
-3.770453e-008 10.0969
-3.750453e-008 10.1377
-3.730453e-008 10.0734
-3.710453e-008 9.95985
-3.690453e-008 9.92359
-3.670453e-008 9.95018
-3.650453e-008 10.002
-3.630453e-008 10.0852
-3.610453e-008 10.1394
-3.590453e-008 10.1187
-3.570453e-008 10.0942
-3.550453e-008 10.1062
-3.530453e-008 10.0859
-3.510453e-008 10.0299
-3.490453e-008 10.0403
-3.470453e-008 10.129
-3.450453e-008 10.1867
-3.430453e-008 10.1422
-3.410453e-008 10.021
-3.390453e-008 9.88838
-3.370453e-008 9.82001
-3.350453e-008 9.84073
-3.330453e-008 9.89045
-3.310453e-008 9.9305
-3.290453e-008 9.93775
-3.270453e-008 9.90564
-3.250453e-008 9.92567
-3.230453e-008 10.0103
-3.210453e-008 10.031
-3.190453e-008 9.98609
-3.170453e-008 9.95501
-3.150453e-008 9.90668
-3.130453e-008 9.87802
-3.110453e-008 10.0047
-3.090453e-008 10.1774
-3.070453e-008 10.1463
-3.050453e-008 10.0113
-3.030453e-008 10.0141
-3.010453e-008 10.0741
-2.990453e-008 10.0351
-2.970453e-008 9.9671
-2.950453e-008 9.9595
-2.930453e-008 9.95881
-2.910453e-008 9.94811
-2.890453e-008 9.98816
-2.870453e-008 10.0603
-2.850453e-008 10.0814
-2.830453e-008 10.0199
-2.810453e-008 9.94983
-2.790453e-008 9.93775
-2.770453e-008 9.95709
-2.750453e-008 9.95501
-2.730453e-008 9.92498
-2.710453e-008 9.916
-2.690453e-008 9.95639
-2.670453e-008 10.0058
-2.650453e-008 10.0292
-2.630453e-008 10.021
-2.610453e-008 9.9892
-2.590453e-008 10.0147
-2.570453e-008 10.0348
-2.550453e-008 9.90046
-2.530453e-008 9.81483
-2.510453e-008 9.96572
-2.490453e-008 10.1432
-2.470453e-008 10.1791
-2.450453e-008 10.1211
-2.430453e-008 10.0496
-2.410453e-008 10.0258
-2.390453e-008 10.0417
-2.370453e-008 10.0645
-2.350453e-008 10.0765
-2.330453e-008 10.0513
-2.310453e-008 10.0279
-2.290453e-008 10.062
-2.270453e-008 10.0707
-2.250453e-008 10.0061
-2.230453e-008 9.9923
-2.210453e-008 10.0551
-2.190453e-008 10.08
-2.170453e-008 10.0541
-2.150453e-008 10.0054
-2.130453e-008 9.94431
-2.110453e-008 9.95122
-2.090453e-008 10.0068
-2.070453e-008 10.0109
-2.050453e-008 10.003
-2.030453e-008 10.0223
-2.010453e-008 10.0541
-1.990453e-008 10.1228
-1.970453e-008 10.1577
-1.950453e-008 10.08
-1.930453e-008 9.97746
-1.910453e-008 9.93879
-1.890453e-008 9.97124
-1.870453e-008 10.0368
-1.850453e-008 10.0248
-1.830453e-008 9.92118
-1.810453e-008 9.91358
-1.790453e-008 10.003
-1.770453e-008 9.96779
-1.750453e-008 9.8573
-1.730453e-008 9.84591
-1.710453e-008 9.90288
-1.690453e-008 9.9778
-1.670453e-008 10.0151
-1.650453e-008 9.98091
-1.630453e-008 9.96848
-1.610453e-008 9.9671
-1.590453e-008 9.91565
-1.570453e-008 9.887
-1.550453e-008 9.93948
-1.530453e-008 10.0427
-1.510453e-008 10.1021
-1.490453e-008 10.0755
-1.470453e-008 10.0372
-1.450453e-008 10.0465
-1.430453e-008 10.0738
-1.410453e-008 10.0348
-1.390453e-008 9.92463
-1.370453e-008 9.8359
-1.350453e-008 9.82278
-1.330453e-008 9.89045
-1.310453e-008 10.0141
-1.290453e-008 10.1297
-1.270453e-008 10.1812
-1.250453e-008 10.1608
-1.230453e-008 10.1276
-1.210453e-008 10.1038
-1.190453e-008 10.0741
-1.170453e-008 10.0824
-1.150453e-008 10.0955
-1.130453e-008 10.0303
-1.110453e-008 9.9488
-1.090453e-008 9.92325
-1.070453e-008 9.90909
-1.050453e-008 9.88941
-1.030453e-008 9.93015
-1.010453e-008 10.0386
-9.904526e-009 10.1038
-9.704526e-009 10.0776
-9.504526e-009 10.0589
-9.304526e-009 10.1076
-9.104526e-009 10.109
-8.904526e-009 10.0144
-8.704526e-009 10.0047
-8.504526e-009 10.1232
-8.304526e-009 10.1646
-8.104526e-009 10.0917
-7.904526e-009 10.0662
-7.704526e-009 10.1069
-7.504526e-009 10.1173
-7.304526e-009 10.0942
-7.104526e-009 10.0838
-6.904526e-009 10.0997
-6.704526e-009 10.1411
-6.504526e-009 10.1494
-6.304526e-009 10.061
-6.104526e-009 9.96365
-5.904526e-009 9.96226
-5.704526e-009 10.0054
-5.504526e-009 10.0179
-5.304526e-009 9.99541
-5.104526e-009 9.97366
-4.904526e-009 10.0182
-4.704526e-009 10.1062
-4.504526e-009 10.098
-4.304526e-009 10.0099
-4.104526e-009 9.9961
-3.904526e-009 10.0344
-3.704526e-009 10.0279
-3.504526e-009 9.98954
-3.304526e-009 9.97953
-3.104526e-009 10.0448
-2.904526e-009 10.1021
-2.704526e-009 10.0545
-2.504526e-009 10.0189
-2.304526e-009 10.0586
-2.104526e-009 10.0292
-1.904526e-009 9.89459
-1.704526e-009 9.6201
-1.504526e-009 8.99551
-1.304526e-009 7.9483
-1.104526e-009 6.64974
-9.045257e-010 5.33046
-7.045257e-010 4.19107
-5.045257e-010 3.29924
-3.045257e-010 2.60076
-1.045257e-010 2.07008
9.547425e-011 1.73102
2.954743e-010 1.61052
4.954743e-010 1.60983
6.954743e-010 1.52282
8.954743e-010 1.35813
1.095474e-009 1.28942
1.295474e-009 1.32291
1.495474e-009 1.36538
1.695474e-009 1.37643
1.895474e-009 1.33292
2.095474e-009 1.26111
2.295474e-009 1.24108
2.495474e-009 1.28113
2.695474e-009 1.28907
2.895474e-009 1.22175
3.095474e-009 1.16443
3.295474e-009 1.22382
3.495474e-009 1.37228
3.695474e-009 1.46551
3.895474e-009 1.43443
4.095474e-009 1.34017
4.295474e-009 1.29978
4.495474e-009 1.34121
4.695474e-009 1.37815
4.895474e-009 1.39611
5.095474e-009 1.42304
5.295474e-009 1.42684
5.495474e-009 1.37539
5.695474e-009 1.31359
5.895474e-009 1.32188
6.095474e-009 1.3785
6.295474e-009 1.41475
6.495474e-009 1.40681
6.695474e-009 1.3709
6.895474e-009 1.40612
7.095474e-009 1.51833
7.295474e-009 1.51074
7.495474e-009 1.31532
7.695474e-009 1.16719
7.895474e-009 1.25213
8.095474e-009 1.40578
8.295474e-009 1.41234
8.495474e-009 1.35019
8.695474e-009 1.34225
8.895474e-009 1.34052
9.095474e-009 1.29736
9.295474e-009 1.26076
9.495474e-009 1.26387
9.695474e-009 1.24419
9.895474e-009 1.20241
1.009547e-008 1.21691
1.029547e-008 1.23659
1.049547e-008 1.19343
1.069547e-008 1.12783
1.089547e-008 1.05636
1.109547e-008 1.03219
1.129547e-008 1.14613
1.149547e-008 1.32291
1.169547e-008 1.43961
1.189547e-008 1.45204
1.209547e-008 1.36469
1.229547e-008 1.29046
1.249547e-008 1.29667
1.269547e-008 1.31255
1.289547e-008 1.3022
1.309547e-008 1.28217
1.329547e-008 1.2359
1.349547e-008 1.15062
1.369547e-008 1.06085
1.389547e-008 1.02701
1.409547e-008 1.07777
1.429547e-008 1.13785
1.449547e-008 1.10608
1.469547e-008 1.07501
1.489547e-008 1.17583
1.509547e-008 1.26456
1.529547e-008 1.18101
1.549547e-008 1.0795
1.569547e-008 1.09952
1.589547e-008 1.12991
1.609547e-008 1.0971
1.629547e-008 1.0536
1.649547e-008 1.02943
1.669547e-008 1.02529
1.689547e-008 1.04186
1.709547e-008 1.08122
1.729547e-008 1.12127
1.749547e-008 1.13232
1.769547e-008 1.11195
1.789547e-008 1.09123
1.809547e-008 1.10263
1.829547e-008 1.07017
1.849547e-008 0.94484
1.869547e-008 0.902717
1.889547e-008 1.02011
1.909547e-008 1.1268
1.929547e-008 1.152
1.949547e-008 1.14751
1.969547e-008 1.12921
1.989547e-008 1.12542
2.009547e-008 1.16305
2.029547e-008 1.19896
2.049547e-008 1.18653
2.069547e-008 1.15925
2.089547e-008 1.123
2.109547e-008 1.04359
2.129547e-008 0.984892
2.149547e-008 0.992488
2.169547e-008 1.00285
2.189547e-008 1.02391
2.209547e-008 1.10366
2.229547e-008 1.14579
2.249547e-008 1.06672
2.269547e-008 0.98282
2.289547e-008 0.994904
2.309547e-008 1.07086
2.329547e-008 1.15546
2.349547e-008 1.17893
2.369547e-008 1.15891
2.389547e-008 1.16788
2.409547e-008 1.14613
2.429547e-008 1.05878
2.449547e-008 1.00388
2.469547e-008 1.02701
2.489547e-008 1.08502
2.509547e-008 1.09469
2.529547e-008 1.03392
2.549547e-008 1.05498
2.569547e-008 1.19378
2.589547e-008 1.22106
2.609547e-008 1.07155
2.629547e-008 0.948984
2.649547e-008 0.972807
2.669547e-008 1.06465
2.689547e-008 1.09469
2.709547e-008 1.05049
2.729547e-008 1.02736
2.749547e-008 1.04739
2.769547e-008 1.0284
2.789547e-008 0.992142
2.809547e-008 1.05256
2.829547e-008 1.16236
2.849547e-008 1.22071
2.869547e-008 1.22451
2.889547e-008 1.14268
2.909547e-008 0.994904
2.929547e-008 0.908587
2.949547e-008 0.940697
2.969547e-008 1.02253
2.989547e-008 1.04704
3.009547e-008 1.00492
3.029547e-008 0.983856
3.049547e-008 1.01458
3.069547e-008 1.0315
3.089547e-008 1.00388
3.109547e-008 0.989035
3.129547e-008 1.01631
3.149547e-008 1.04117
3.169547e-008 1.0284
3.189547e-008 0.993869
3.209547e-008 1.02045
3.229547e-008 1.10712
3.249547e-008 1.10436
3.269547e-008 1.04013
3.289547e-008 1.04324
3.309547e-008 1.046
3.329547e-008 1.04359
3.349547e-008 1.14026
3.369547e-008 1.24005
3.389547e-008 1.21726
3.409547e-008 1.14337
3.429547e-008 1.08571
3.449547e-008 1.04842
3.469547e-008 1.03254
3.489547e-008 1.00595
3.509547e-008 0.990416
3.529547e-008 1.05982
3.549547e-008 1.19758
3.569547e-008 1.25213
3.589547e-008 1.14648
3.609547e-008 0.985582
3.629547e-008 0.915492
3.649547e-008 0.990416
3.669547e-008 1.10194
3.689547e-008 1.16547
3.709547e-008 1.16029
3.729547e-008 1.05153
3.749547e-008 0.952436
3.769547e-008 0.979713
3.789547e-008 1.02149
3.809547e-008 0.979367
3.829547e-008 0.939316
3.849547e-008 0.942423
3.869547e-008 0.934827
3.889547e-008 0.973498
3.909547e-008 1.09883
3.929547e-008 1.19309
3.949547e-008 1.18135
3.969547e-008 1.13577
3.989547e-008 1.16029
4.009547e-008 1.2504
4.029547e-008 1.31462
4.049547e-008 1.27216
4.069547e-008 1.13888
4.089547e-008 1.06638
4.109547e-008 1.12162
4.129547e-008 1.16271
4.149547e-008 1.08916
4.169547e-008 1.00664
4.189547e-008 1.0612
4.209547e-008 1.16202
4.229547e-008 1.11989
4.249547e-008 1.02667
4.269547e-008 1.02391
4.289547e-008 1.02287
4.309547e-008 1.02045
4.329547e-008 1.08537
4.349547e-008 1.15235
4.369547e-008 1.19551
4.389547e-008 1.23141
4.409547e-008 1.21968
4.429547e-008 1.17099
4.449547e-008 1.13785
4.469547e-008 1.13267
4.489547e-008 1.10884
4.509547e-008 1.01424
4.529547e-008 0.968319
4.549547e-008 1.07328
4.569547e-008 1.1779
4.589547e-008 1.15235
4.609547e-008 1.07604
4.629547e-008 1.05153
4.649547e-008 1.09193
4.669547e-008 1.1451
4.689547e-008 1.11506
4.709547e-008 1.02115
4.729547e-008 1.02322
4.749547e-008 1.1009
4.769547e-008 1.06948
4.789547e-008 0.986618
4.809547e-008 1.00457
4.829547e-008 1.06189
4.849547e-008 1.10539
4.869547e-008 1.14337
4.889547e-008 1.12093
4.909547e-008 1.05705
4.929547e-008 1.04428
4.949547e-008 1.08433
4.969547e-008 1.14441
4.989547e-008 1.18273
5.009547e-008 1.14268
5.029547e-008 1.07328
5.049547e-008 1.05429
5.069547e-008 1.0826
5.089547e-008 1.0971
5.109547e-008 1.04739
5.129547e-008 1.03703
5.149547e-008 1.14993
5.169547e-008 1.19136
5.189547e-008 1.07673
5.209547e-008 1.04739
5.229547e-008 1.15684
5.249547e-008 1.19067
5.269547e-008 1.13992
5.289547e-008 1.15684
5.309547e-008 1.17168
5.329547e-008 1.09262
5.349547e-008 1.04946
5.369547e-008 1.09676
5.389547e-008 1.09331
5.409547e-008 0.975569
5.429547e-008 0.904789
5.449547e-008 0.98869
5.469547e-008 1.08329
5.489547e-008 1.094
5.509547e-008 1.13129
5.529547e-008 1.20863
5.549547e-008 1.18964
5.569547e-008 1.09054
5.589547e-008 1.05464
5.609547e-008 1.11057
5.629547e-008 1.17272
5.649547e-008 1.18342
5.669547e-008 1.16616
5.689547e-008 1.15856
5.709547e-008 1.15131
5.729547e-008 1.11851
5.749547e-008 1.09849
5.769547e-008 1.14717
5.789547e-008 1.20276
5.809547e-008 1.17099
5.829547e-008 1.06499
5.849547e-008 0.97626
5.869547e-008 0.972462
5.889547e-008 1.02184
5.909547e-008 1.03737
5.929547e-008 1.03565
5.949547e-008 1.09607
5.969547e-008 1.15097
5.989547e-008 1.12611
6.009547e-008 1.09918
6.029547e-008 1.11195
6.049547e-008 1.13612
6.069547e-008 1.14993
6.089547e-008 1.13543
6.109547e-008 1.10436
6.129547e-008 1.06638
6.149547e-008 1.0643
6.169547e-008 1.13094
6.189547e-008 1.16443
6.209547e-008 1.11886
6.229547e-008 1.09296
6.249547e-008 1.09089
6.269547e-008 1.06534
6.289547e-008 1.06741
6.309547e-008 1.08847
6.329547e-008 1.0284
6.349547e-008 0.913075
6.369547e-008 0.895812
6.389547e-008 1.0063
6.409547e-008 1.10159
6.429547e-008 1.13716
6.449547e-008 1.20552
6.469547e-008 1.26283
6.489547e-008 1.19343
6.509547e-008 1.08537
6.529547e-008 1.07501
6.549547e-008 1.10884
6.569547e-008 1.07708
6.589547e-008 1.00975
6.609547e-008 1.03219
6.629547e-008 1.13957
6.649547e-008 1.17721
6.669547e-008 1.09745
6.689547e-008 1.04842
6.709547e-008 1.10574
6.729547e-008 1.12956
6.749547e-008 1.08295
6.769547e-008 1.07052
6.789547e-008 1.09538
6.809547e-008 1.12852
6.829547e-008 1.15235
6.849547e-008 1.12749
6.869547e-008 1.07846
6.889547e-008 1.0498
6.909547e-008 1.00216
6.929547e-008 0.962104
6.949547e-008 1.05187
6.969547e-008 1.18308
6.989547e-008 1.16202
7.009547e-008 1.04393
7.029547e-008 1.01528
7.049547e-008 1.11299
7.069547e-008 1.21898
7.089547e-008 1.24074
7.109547e-008 1.22382
7.129547e-008 1.23521
7.149547e-008 1.24592
7.169547e-008 1.21242
7.189547e-008 1.19723
7.209547e-008 1.24799
7.229547e-008 1.24833
7.249547e-008 1.14233
7.269547e-008 1.01976
7.289547e-008 0.972462
7.309547e-008 1.07397
7.329547e-008 1.20932
7.349547e-008 1.18515
7.369547e-008 1.0978
7.389547e-008 1.10263
7.409547e-008 1.14613
7.429547e-008 1.16754
7.449547e-008 1.14855
7.469547e-008 1.09158
7.489547e-008 1.04704
7.509547e-008 1.02978
7.529547e-008 1.04946
7.549547e-008 1.09365
7.569547e-008 1.0902
7.589547e-008 1.07363
7.609547e-008 1.15787
7.629547e-008 1.29115
7.649547e-008 1.3167
7.669547e-008 1.2252
7.689547e-008 1.13405
7.709547e-008 1.09296
7.729547e-008 1.08744
7.749547e-008 1.09745
7.769547e-008 1.09089
7.789547e-008 1.07363
7.809547e-008 1.08157
7.829547e-008 1.1337
7.849547e-008 1.18135
7.869547e-008 1.14613
7.889547e-008 1.09641
7.909547e-008 1.1154
7.929547e-008 1.10643
7.949547e-008 1.04013
7.969547e-008 1.05395
7.989547e-008 1.14786
8.009547e-008 1.15131
8.029547e-008 1.0208
8.049547e-008 0.944495
8.069547e-008 1.04221
8.089547e-008 1.17617
8.109547e-008 1.16236
8.129547e-008 1.04635
8.149547e-008 1.07017
8.169547e-008 1.24039
8.189547e-008 1.29771
8.209547e-008 1.17962
8.229547e-008 1.03634
8.249547e-008 0.966247
8.269547e-008 0.957615
8.289547e-008 0.975915
8.309547e-008 1.05912
8.329547e-008 1.17928
8.349547e-008 1.20207
8.369547e-008 1.14682
8.389547e-008 1.12335
8.409547e-008 1.13612
8.429547e-008 1.16892
8.449547e-008 1.19689
8.469547e-008 1.20586
8.489547e-008 1.23245
8.509547e-008 1.2176
8.529547e-008 1.1047
8.549547e-008 1.01769
8.569547e-008 1.01735
8.589547e-008 1.02356
8.609547e-008 1.04462
8.629547e-008 1.0826
8.649547e-008 1.09883
8.669547e-008 1.15684
8.689547e-008 1.19413
8.709547e-008 1.09883
8.729547e-008 1.04359
8.749547e-008 1.15822
8.769547e-008 1.24799
8.789547e-008 1.19171
8.809547e-008 1.15407
8.829547e-008 1.18618
8.849547e-008 1.16581
8.869547e-008 1.11299
8.889547e-008 1.09227
8.909547e-008 1.10366
8.929547e-008 1.13543
8.949547e-008 1.1306
8.969547e-008 1.11782
8.989547e-008 1.1489
9.009547e-008 1.14233
9.029547e-008 1.09538
9.049547e-008 1.0826
9.069547e-008 1.08433
9.089547e-008 1.08813
9.109547e-008 1.12093
9.129547e-008 1.15304
9.149547e-008 1.152
9.169547e-008 1.17375
9.189547e-008 1.21553
9.209547e-008 1.2
9.229547e-008 1.16927
9.249547e-008 1.18757
9.269547e-008 1.19343
9.289547e-008 1.12265
9.309547e-008 1.04186
9.329547e-008 1.04013
9.349547e-008 1.09952
9.369547e-008 1.16167
9.389547e-008 1.19413
9.409547e-008 1.19551
9.429547e-008 1.14233
9.449547e-008 1.07017
9.469547e-008 1.06465
9.489547e-008 1.06534
9.509547e-008 1.03288
9.529547e-008 1.0429
9.549547e-008 1.05809
9.569547e-008 1.03703
9.589547e-008 1.04635
9.609547e-008 1.06845
9.629547e-008 1.07225
9.649547e-008 1.13094
9.669547e-008 1.23797
9.689547e-008 1.27526
9.709547e-008 1.22934
9.729547e-008 1.18135
9.749547e-008 1.15028
9.769547e-008 1.11161
9.789547e-008 1.0757
9.809547e-008 1.07604
9.829547e-008 1.11022
9.849547e-008 1.10953
9.869547e-008 1.05326
9.889547e-008 1.05705
9.909547e-008 1.20966
9.929547e-008 1.39024
9.949547e-008 1.40785
9.969547e-008 1.24419
9.989547e-008 1.05602
1.000955e-007 0.985582
1.002955e-007 1.02494
1.004955e-007 1.1451
1.006955e-007 1.34466
1.008955e-007 1.44721
1.010955e-007 1.32671
1.012955e-007 1.1558
1.014955e-007 1.03496
1.016955e-007 0.964521
1.018955e-007 1.05498
1.020955e-007 1.23901
1.022955e-007 1.30012
1.024955e-007 1.21346
1.026955e-007 1.13439
1.028955e-007 1.18411
1.030955e-007 1.26007
1.032955e-007 1.22209
1.034955e-007 1.18273
1.036955e-007 1.2618
1.038955e-007 1.34604
1.040955e-007 1.34501
1.042955e-007 1.31635
1.044955e-007 1.25524
1.046955e-007 1.12438
1.048955e-007 1.02425
1.050955e-007 1.04635
1.052955e-007 1.11886
1.054955e-007 1.16547
1.056955e-007 1.1886
1.058955e-007 1.19274
1.060955e-007 1.22002
1.062955e-007 1.2504
1.064955e-007 1.18584
1.066955e-007 1.06603
1.068955e-007 0.994559
1.070955e-007 1.00043
1.072955e-007 1.0795
1.074955e-007 1.17859
1.076955e-007 1.24971
1.078955e-007 1.3167
1.080955e-007 1.37194
1.082955e-007 1.34673
1.084955e-007 1.27665
1.086955e-007 1.25248
1.088955e-007 1.258
1.090955e-007 1.24453
1.092955e-007 1.20448
1.094955e-007 1.1848
1.096955e-007 1.22485
1.098955e-007 1.23383
1.100955e-007 1.1451
1.102955e-007 1.06914
1.104955e-007 1.08606
1.106955e-007 1.13888
1.108955e-007 1.1482
1.110955e-007 1.08951
1.112955e-007 1.03461
1.114955e-007 1.04808
1.116955e-007 1.10366
1.118955e-007 1.17065
1.120955e-007 1.2176
1.122955e-007 1.20034
1.124955e-007 1.13577
1.126955e-007 1.11057
1.128955e-007 1.12473
1.130955e-007 1.12576
1.132955e-007 1.15304
1.134955e-007 1.18411
1.136955e-007 1.1634
1.138955e-007 1.16754
1.140955e-007 1.22106
1.142955e-007 1.21553
1.144955e-007 1.12887
1.146955e-007 1.06983
1.148955e-007 1.09193
1.150955e-007 1.12921
1.152955e-007 1.14303
1.154955e-007 1.15649
1.156955e-007 1.15753
1.158955e-007 1.16409
1.160955e-007 1.23211
1.162955e-007 1.26387
1.164955e-007 1.1741
1.166955e-007 1.12265
1.168955e-007 1.21519
1.170955e-007 1.28459
1.172955e-007 1.21898
1.174955e-007 1.14095
1.176955e-007 1.11851
1.178955e-007 1.09331
1.180955e-007 1.09054
1.182955e-007 1.15235
1.184955e-007 1.1848
1.186955e-007 1.14095
1.188955e-007 1.14855
1.190955e-007 1.22278
1.192955e-007 1.25524
1.194955e-007 1.22865
1.196955e-007 1.17721
1.198955e-007 1.15925
1.200955e-007 1.1817
1.202955e-007 1.17272
1.204955e-007 1.12818
1.206955e-007 1.10574
1.208955e-007 1.11402
1.210955e-007 1.11264
1.212955e-007 1.06499
1.214955e-007 1.00561
1.216955e-007 1.02425
1.218955e-007 1.11609
1.220955e-007 1.16098
1.222955e-007 1.11092
1.224955e-007 1.04739
1.226955e-007 1.00181
1.228955e-007 0.952781
1.230955e-007 0.939661
1.232955e-007 0.984201
1.234955e-007 1.03565
1.236955e-007 1.05843
1.238955e-007 1.10366
1.240955e-007 1.19965
1.242955e-007 1.23901
1.244955e-007 1.16443
1.246955e-007 1.10574
1.248955e-007 1.13543
1.250955e-007 1.17583
1.252955e-007 1.18791
1.254955e-007 1.16754
1.256955e-007 1.12438
1.258955e-007 1.16132
1.260955e-007 1.2435
1.262955e-007 1.20241
1.264955e-007 1.07225
1.266955e-007 1.01217
1.268955e-007 1.04842
1.270955e-007 1.10056
1.272955e-007 1.14717
1.274955e-007 1.22175
1.276955e-007 1.28666
1.278955e-007 1.28355
1.280955e-007 1.28286
1.282955e-007 1.32947
1.284955e-007 1.28044
1.286955e-007 1.10436
1.288955e-007 1.04117
1.290955e-007 1.19102
1.292955e-007 1.30392
1.294955e-007 1.25351
1.296955e-007 1.23245
1.298955e-007 1.30185
1.300955e-007 1.32084
1.302955e-007 1.2359
1.304955e-007 1.10366
1.306955e-007 1.046
1.308955e-007 1.14786
1.310955e-007 1.29805
1.312955e-007 1.34363
1.314955e-007 1.29702
1.316955e-007 1.2473
1.318955e-007 1.25938
1.320955e-007 1.29115
1.322955e-007 1.23072
1.324955e-007 1.15511
1.326955e-007 1.19551
1.328955e-007 1.25696
1.330955e-007 1.26111
1.332955e-007 1.25213
1.334955e-007 1.22796
1.336955e-007 1.21208
1.338955e-007 1.22589
1.340955e-007 1.22485
1.342955e-007 1.20794
1.344955e-007 1.21381
1.346955e-007 1.25489
1.348955e-007 1.32084
1.350955e-007 1.39438
1.352955e-007 1.4296
1.354955e-007 1.39542
1.356955e-007 1.37298
1.358955e-007 1.42235
1.360955e-007 1.43581
1.362955e-007 1.37815
1.364955e-007 1.35468
1.366955e-007 1.37919
1.368955e-007 1.38333
1.370955e-007 1.364
1.372955e-007 1.35675
1.374955e-007 1.36124
1.376955e-007 1.39783
1.378955e-007 1.44099
1.380955e-007 1.43202
1.382955e-007 1.40336
1.384955e-007 1.38713
1.386955e-007 1.37021
1.388955e-007 1.35813
1.390955e-007 1.39266
1.392955e-007 1.42995
1.394955e-007 1.40819
1.396955e-007 1.40992
1.398955e-007 1.45239
1.400955e-007 1.47656
1.402955e-007 1.4914
1.404955e-007 1.46723
1.406955e-007 1.43236
1.408955e-007 1.48415
1.410955e-007 1.53594
1.412955e-007 1.47932
1.414955e-007 1.42062
1.416955e-007 1.43374
1.418955e-007 1.45757
1.420955e-007 1.47034
1.422955e-007 1.47725
1.424955e-007 1.48657
1.426955e-007 1.48795
1.428955e-007 1.45239
1.430955e-007 1.42891
1.432955e-007 1.43374
1.434955e-007 1.43202
1.436955e-007 1.49417
1.438955e-007 1.63642
1.440955e-007 1.71756
1.442955e-007 1.68475
1.444955e-007 1.6157
1.446955e-007 1.54112
1.448955e-007 1.47379
1.450955e-007 1.45377
1.452955e-007 1.50176
1.454955e-007 1.61052
1.456955e-007 1.71756
1.458955e-007 1.73793
1.460955e-007 1.62226
1.462955e-007 1.4258
1.464955e-007 1.32429
1.466955e-007 1.40094
1.468955e-007 1.52351
1.470955e-007 1.55631
1.472955e-007 1.53629
1.474955e-007 1.54319
1.476955e-007 1.57565
1.478955e-007 1.63849
1.480955e-007 1.73551
1.482955e-007 1.7911
1.484955e-007 1.75484
1.486955e-007 1.6927
1.488955e-007 1.66438
1.490955e-007 1.65437
1.492955e-007 1.6592
1.494955e-007 1.6744
1.496955e-007 1.65575
1.498955e-007 1.60051
1.500955e-007 1.54492
1.502955e-007 1.53422
1.504955e-007 1.59291
1.506955e-007 1.66956
1.508955e-007 1.72895
1.510955e-007 1.79973
1.512955e-007 1.88121
1.514955e-007 1.90745
1.516955e-007 1.82355
1.518955e-007 1.66784
1.520955e-007 1.56909
1.522955e-007 1.66542
1.524955e-007 1.88225
1.526955e-007 1.9627
1.528955e-007 1.85981
1.530955e-007 1.73655
1.532955e-007 1.67958
1.534955e-007 1.70133
1.536955e-007 1.7911
1.538955e-007 1.88881
1.540955e-007 1.91229
1.542955e-007 1.82217
1.544955e-007 1.70927
1.546955e-007 1.71479
1.548955e-007 1.8094
1.550955e-007 1.86947
1.552955e-007 1.88846
1.554955e-007 1.89813
1.556955e-007 1.87431
1.558955e-007 1.85256
1.560955e-007 1.88674
1.562955e-007 1.91643
1.564955e-007 1.88087
1.566955e-007 1.77176
1.568955e-007 1.63883
1.570955e-007 1.60983
1.572955e-007 1.70996
1.574955e-007 1.8712
1.576955e-007 1.96546
1.578955e-007 1.87707
1.580955e-007 1.75208
1.582955e-007 1.75484
1.584955e-007 1.77694
1.586955e-007 1.74656
1.588955e-007 1.77176
1.590955e-007 1.85773
1.592955e-007 1.89917
1.594955e-007 1.89364
1.596955e-007 1.90158
1.598955e-007 1.91816
1.600955e-007 1.94302
1.602955e-007 1.96753
1.604955e-007 1.91298
1.606955e-007 1.79869
1.608955e-007 1.7797
1.610955e-007 1.90055
1.612955e-007 1.99999
1.614955e-007 1.95683
1.616955e-007 1.88777
1.618955e-007 1.91574
1.620955e-007 1.93818
1.622955e-007 1.86809
1.624955e-007 1.82562
1.626955e-007 1.88087
1.628955e-007 1.91332
1.630955e-007 1.85912
1.632955e-007 1.85256
1.634955e-007 1.96891
1.636955e-007 2.0428
1.638955e-007 1.97098
1.640955e-007 1.91194
1.642955e-007 1.95303
1.644955e-007 1.97547
1.646955e-007 1.9444
1.648955e-007 1.93784
1.650955e-007 1.95855
1.652955e-007 1.96684
1.654955e-007 1.9513
1.656955e-007 1.91056
1.658955e-007 1.86982
1.660955e-007 1.87016
1.662955e-007 1.91643
1.664955e-007 1.94198
1.666955e-007 1.91229
1.668955e-007 1.92679
1.670955e-007 2.05247
1.672955e-007 2.19886
1.674955e-007 2.21474
1.676955e-007 2.12739
1.678955e-007 2.16157
1.680955e-007 2.27102
1.682955e-007 2.21751
1.684955e-007 2.06179
1.686955e-007 1.9658
1.688955e-007 1.99861
1.690955e-007 2.13809
1.692955e-007 2.21474
1.694955e-007 2.18056
1.696955e-007 2.1343
1.698955e-007 2.08976
1.700955e-007 2.1229
1.702955e-007 2.26895
1.704955e-007 2.25134
1.706955e-007 1.99688
1.708955e-007 1.85428
1.710955e-007 1.95199
1.712955e-007 2.10598
1.714955e-007 2.21716
1.716955e-007 2.25687
1.718955e-007 2.23512
1.720955e-007 2.27137
1.722955e-007 2.38013
1.724955e-007 2.415
1.726955e-007 2.30106
1.728955e-007 2.12152
1.730955e-007 2.01518
1.732955e-007 2.02899
1.734955e-007 2.08872
1.736955e-007 2.11185
1.738955e-007 2.09839
1.740955e-007 2.07664
1.742955e-007 2.07456
1.744955e-007 2.10322
1.746955e-007 2.10219
1.748955e-007 2.10219
1.750955e-007 2.19092
1.752955e-007 2.26515
1.754955e-007 2.21474
1.756955e-007 2.12946
1.758955e-007 2.13153
1.760955e-007 2.23822
1.762955e-007 2.33697
1.764955e-007 2.31038
1.766955e-007 2.23615
1.768955e-007 2.24478
1.770955e-007 2.28518
1.772955e-007 2.26067
1.774955e-007 2.23788
1.776955e-007 2.24029
1.778955e-007 2.18332
1.780955e-007 2.15087
1.782955e-007 2.22614
1.784955e-007 2.2838
1.786955e-007 2.24271
1.788955e-007 2.18781
1.790955e-007 2.20784
1.792955e-007 2.27689
1.794955e-007 2.33524
1.796955e-007 2.3639
1.798955e-007 2.36528
1.800955e-007 2.34664
1.802955e-007 2.35113
1.804955e-007 2.42536
1.806955e-007 2.44849
1.808955e-007 2.29865
1.810955e-007 2.15363
1.812955e-007 2.19161
1.814955e-007 2.30728
1.816955e-007 2.40533
1.818955e-007 2.45264
1.820955e-007 2.4043
1.822955e-007 2.34077
1.824955e-007 2.32696
1.826955e-007 2.34388
1.828955e-007 2.40706
1.830955e-007 2.48785
1.832955e-007 2.53688
1.834955e-007 2.57003
1.836955e-007 2.54448
1.838955e-007 2.44884
1.840955e-007 2.415
1.842955e-007 2.45954
1.844955e-007 2.47301
1.846955e-007 2.42778
1.848955e-007 2.35389
1.850955e-007 2.29105
1.852955e-007 2.30555
1.854955e-007 2.45125
1.856955e-007 2.61422
1.858955e-007 2.61767
1.860955e-007 2.4989
1.862955e-007 2.42881
1.864955e-007 2.4592
1.866955e-007 2.50235
1.868955e-007 2.51478
1.870955e-007 2.53688
1.872955e-007 2.54137
1.874955e-007 2.48095
1.876955e-007 2.45885
1.878955e-007 2.5172
1.880955e-007 2.54344
1.882955e-007 2.55242
1.884955e-007 2.54758
1.886955e-007 2.44573
1.888955e-007 2.37944
1.890955e-007 2.48095
1.892955e-007 2.59143
1.894955e-007 2.5904
1.896955e-007 2.56416
1.898955e-007 2.55863
1.900955e-007 2.54482
1.902955e-007 2.54102
1.904955e-007 2.55553
1.906955e-007 2.52894
1.908955e-007 2.44884
1.910955e-007 2.39843
1.912955e-007 2.43123
1.914955e-007 2.45851
1.916955e-007 2.39981
1.918955e-007 2.35976
1.920955e-007 2.4226
1.922955e-007 2.52238
1.924955e-007 2.60904
1.926955e-007 2.6484
1.928955e-007 2.60076
1.930955e-007 2.57279
1.932955e-007 2.69087
1.934955e-007 2.8276
1.936955e-007 2.77615
1.938955e-007 2.58177
1.940955e-007 2.46092
1.942955e-007 2.49959
1.944955e-007 2.5942
1.946955e-007 2.6308
1.948955e-007 2.57762
1.950955e-007 2.51617
1.952955e-007 2.55898
1.954955e-007 2.63839
1.956955e-007 2.60455
1.958955e-007 2.51064
1.960955e-007 2.51478
1.962955e-007 2.59316
1.964955e-007 2.63736
1.966955e-007 2.66808
1.968955e-007 2.64322
1.970955e-007 2.51582
1.972955e-007 2.48164
1.974955e-007 2.60283
1.976955e-007 2.67499
1.978955e-007 2.63252
1.980955e-007 2.56312
1.982955e-007 2.54586
1.984955e-007 2.62941
1.986955e-007 2.79307
1.988955e-007 2.91668
1.990955e-007 2.86972
1.992955e-007 2.72643
1.994955e-007 2.67603
1.996955e-007 2.70952
1.998955e-007 2.72402
2.000955e-007 2.80239
2.002955e-007 2.96709
2.004955e-007 2.99575
2.006955e-007 2.82829
2.008955e-007 2.71055
2.010955e-007 2.78651
2.012955e-007 2.85039
2.014955e-007 2.73196
2.016955e-007 2.59385
2.018955e-007 2.58039
2.020955e-007 2.65496
2.022955e-007 2.73576
2.024955e-007 2.7361
2.026955e-007 2.69812
2.028955e-007 2.74197
2.030955e-007 2.83658
2.032955e-007 2.86282
2.034955e-007 2.83899
2.036955e-007 2.90045
2.038955e-007 3.04029
2.040955e-007 3.07619
2.042955e-007 2.96329
2.044955e-007 2.86109
2.046955e-007 2.82449
2.048955e-007 2.791
2.050955e-007 2.77857
2.052955e-007 2.78548
2.054955e-007 2.80205
2.056955e-007 2.88146
2.058955e-007 2.97917
2.060955e-007 2.9954
2.062955e-007 2.94637
2.064955e-007 2.90459
2.066955e-007 2.88699
2.068955e-007 2.88353
2.070955e-007 2.87663
2.072955e-007 2.86385
2.074955e-007 2.85108
2.076955e-007 2.79652
2.078955e-007 2.74922
2.080955e-007 2.81759
2.082955e-007 2.9115
2.084955e-007 2.89562
2.086955e-007 2.86903
2.088955e-007 2.91219
2.090955e-007 2.89286
2.092955e-007 2.81482
2.094955e-007 2.88353
2.096955e-007 3.06618
2.098955e-007 3.1014
2.100955e-007 2.99471
2.102955e-007 2.94016
2.104955e-007 2.91737
2.106955e-007 2.86075
2.108955e-007 2.81517
2.110955e-007 2.83002
2.112955e-007 2.95915
2.114955e-007 3.16044
2.116955e-007 3.23778
2.118955e-007 3.1083
2.120955e-007 2.97607
2.122955e-007 2.99126
2.124955e-007 3.01853
2.126955e-007 2.98573
2.128955e-007 2.99747
2.130955e-007 3.04719
2.132955e-007 3.02613
2.134955e-007 2.93567
2.136955e-007 2.89182
2.138955e-007 2.93084
2.140955e-007 2.94672
2.142955e-007 2.92531
2.144955e-007 2.95742
2.146955e-007 3.02026
2.148955e-007 3.04063
2.150955e-007 3.04754
2.152955e-007 3.07723
2.154955e-007 3.06376
2.156955e-007 3.01577
2.158955e-007 3.03787
2.160955e-007 3.09518
2.162955e-007 3.11625
2.164955e-007 3.10347
2.166955e-007 2.99506
2.168955e-007 2.87559
2.170955e-007 2.97158
2.172955e-007 3.15388
2.174955e-007 3.14525
2.176955e-007 3.0244
2.178955e-007 2.9588
2.180955e-007 2.96916
2.182955e-007 3.04719
2.184955e-007 3.12281
2.186955e-007 3.14283
2.188955e-007 3.12453
2.190955e-007 3.10243
2.192955e-007 3.11314
2.194955e-007 3.12419
2.196955e-007 3.1563
2.198955e-007 3.2181
2.200955e-007 3.18461
2.202955e-007 3.08586
2.204955e-007 3.04443
2.206955e-007 3.0213
2.208955e-007 3.00334
2.210955e-007 3.01508
2.212955e-007 2.99229
2.214955e-007 2.99057
2.216955e-007 3.09656
2.218955e-007 3.16596
2.220955e-007 3.12937
2.222955e-007 3.11659
2.224955e-007 3.11694
2.226955e-007 3.04408
2.228955e-007 2.99678
2.230955e-007 3.0724
2.232955e-007 3.16804
2.234955e-007 3.19359
2.236955e-007 3.18116
2.238955e-007 3.17045
2.240955e-007 3.19393
2.242955e-007 3.22742
2.244955e-007 3.22984
2.246955e-007 3.25228
2.248955e-007 3.31443
2.250955e-007 3.3279
2.252955e-007 3.25608
2.254955e-007 3.19566
2.256955e-007 3.21223
2.258955e-007 3.25953
2.260955e-007 3.28957
2.262955e-007 3.27265
2.264955e-007 3.22431
2.266955e-007 3.23674
2.268955e-007 3.32341
2.270955e-007 3.36933
2.272955e-007 3.31029
2.274955e-007 3.23226
2.276955e-007 3.20636
2.278955e-007 3.20222
2.280955e-007 3.19704
2.282955e-007 3.19566
2.284955e-007 3.24089
2.286955e-007 3.35483
2.288955e-007 3.37761
2.290955e-007 3.22535
2.292955e-007 3.13558
2.294955e-007 3.21499
2.296955e-007 3.27058
2.298955e-007 3.22501
2.300955e-007 3.19186
2.302955e-007 3.27472
2.304955e-007 3.45599
2.306955e-007 3.54196
2.308955e-007 3.44253
2.310955e-007 3.37209
2.312955e-007 3.45185
2.314955e-007 3.53506
2.316955e-007 3.4995
2.318955e-007 3.38314
2.320955e-007 3.33687
2.322955e-007 3.39453
2.324955e-007 3.37347
2.326955e-007 3.25608
2.328955e-007 3.26885
2.330955e-007 3.41352
2.332955e-007 3.47705
2.334955e-007 3.43562
2.336955e-007 3.37002
2.338955e-007 3.30994
2.340955e-007 3.30096
2.342955e-007 3.32859
2.344955e-007 3.37209
2.346955e-007 3.42043
2.348955e-007 3.4004
2.350955e-007 3.36622
2.352955e-007 3.41801
2.354955e-007 3.4477
2.356955e-007 3.40524
2.358955e-007 3.44667
2.360955e-007 3.5758
2.362955e-007 3.63657
2.364955e-007 3.57891
2.366955e-007 3.43217
2.368955e-007 3.28439
2.370955e-007 3.25228
2.372955e-007 3.31201
2.374955e-007 3.38348
2.376955e-007 3.43976
2.378955e-007 3.41318
2.380955e-007 3.33135
2.382955e-007 3.34723
2.384955e-007 3.44701
2.386955e-007 3.44045
2.388955e-007 3.27162
2.390955e-007 3.16424
2.392955e-007 3.26471
2.394955e-007 3.40972
2.396955e-007 3.45219
2.398955e-007 3.42837
2.400955e-007 3.42008
2.402955e-007 3.44909
2.404955e-007 3.47222
2.406955e-007 3.46946
2.408955e-007 3.46082
2.410955e-007 3.45979
2.412955e-007 3.46255
2.414955e-007 3.46359
2.416955e-007 3.4736
2.418955e-007 3.4988
2.420955e-007 3.48189
2.422955e-007 3.41283
2.424955e-007 3.40662
2.426955e-007 3.47291
2.428955e-007 3.51779
2.430955e-007 3.56337
2.432955e-007 3.63035
2.434955e-007 3.63829
2.436955e-007 3.54162
2.438955e-007 3.43113
2.440955e-007 3.46117
2.442955e-007 3.59617
2.444955e-007 3.62828
2.446955e-007 3.54749
2.448955e-007 3.52297
2.450955e-007 3.55612
2.452955e-007 3.55198
2.454955e-007 3.57028
2.456955e-007 3.61205
2.458955e-007 3.55405
2.460955e-007 3.50847
2.462955e-007 3.60239
2.464955e-007 3.63898
2.466955e-007 3.5285
2.468955e-007 3.45806
2.470955e-007 3.51918
2.472955e-007 3.64934
2.474955e-007 3.73531
2.476955e-007 3.73048
2.478955e-007 3.71253
2.480955e-007 3.7436
2.482955e-007 3.84787
2.484955e-007 3.9594
2.486955e-007 3.90622
2.488955e-007 3.71978
2.490955e-007 3.62379
2.492955e-007 3.65694
2.494955e-007 3.69734
2.496955e-007 3.69595
2.498955e-007 3.67109
2.500955e-007 3.64244
2.502955e-007 3.65245
2.504955e-007 3.65452
2.506955e-007 3.53091
2.508955e-007 3.41145
2.510955e-007 3.4698
2.512955e-007 3.60584
2.514955e-007 3.70424
2.516955e-007 3.71218
2.518955e-007 3.66143
2.520955e-007 3.67696
