-2.480738e-007 9.98609
-2.478738e-007 10.0472
-2.476738e-007 10.0779
-2.474738e-007 10.0779
-2.472738e-007 9.9923
-2.470738e-007 9.83313
-2.468738e-007 9.83072
-2.466738e-007 9.99472
-2.464738e-007 10.0362
-2.462738e-007 9.93602
-2.460738e-007 9.86973
-2.458738e-007 9.85178
-2.456738e-007 9.83417
-2.454738e-007 9.82139
-2.452738e-007 9.83382
-2.450738e-007 9.90771
-2.448738e-007 10.0261
-2.446738e-007 10.0517
-2.444738e-007 9.96503
-2.442738e-007 9.95122
-2.440738e-007 10.0662
-2.438738e-007 10.1736
-2.436738e-007 10.1901
-2.434738e-007 10.0952
-2.432738e-007 9.93948
-2.430738e-007 9.91013
-2.428738e-007 10.041
-2.426738e-007 10.1138
-2.424738e-007 10.0358
-2.422738e-007 9.96468
-2.420738e-007 10.0254
-2.418738e-007 10.1024
-2.416738e-007 10.0282
-2.414738e-007 9.91116
-2.412738e-007 9.96537
-2.410738e-007 10.1228
-2.408738e-007 10.1863
-2.406738e-007 10.1308
-2.404738e-007 10.05
-2.402738e-007 10.0223
-2.400738e-007 10.0189
-2.398738e-007 9.9816
-2.396738e-007 9.91427
-2.394738e-007 9.83935
-2.392738e-007 9.82588
-2.390738e-007 9.91186
-2.388738e-007 10.042
-2.386738e-007 10.1318
-2.384738e-007 10.118
-2.382738e-007 10.041
-2.380738e-007 9.98954
-2.378738e-007 10.0213
-2.376738e-007 10.1031
-2.374738e-007 10.129
-2.372738e-007 10.1201
-2.370738e-007 10.1646
-2.368738e-007 10.206
-2.366738e-007 10.1166
-2.364738e-007 9.93015
-2.362738e-007 9.85592
-2.360738e-007 9.92843
-2.358738e-007 9.9526
-2.356738e-007 9.93223
-2.354738e-007 10.0168
-2.352738e-007 10.1197
-2.350738e-007 10.08
-2.348738e-007 9.98781
-2.346738e-007 9.97366
-2.344738e-007 9.97953
-2.342738e-007 9.99437
-2.340738e-007 10.0627
-2.338738e-007 10.1028
-2.336738e-007 10.0703
-2.334738e-007 10.0686
-2.332738e-007 10.1463
-2.330738e-007 10.1946
-2.328738e-007 10.1722
-2.326738e-007 10.1384
-2.324738e-007 10.1256
-2.322738e-007 10.1653
-2.320738e-007 10.1829
-2.318738e-007 10.0973
-2.316738e-007 10.0303
-2.314738e-007 10.0496
-2.312738e-007 10.0672
-2.310738e-007 10.042
-2.308738e-007 10.0168
-2.306738e-007 10.0503
-2.304738e-007 10.0924
-2.302738e-007 10.05
-2.300738e-007 9.99955
-2.298738e-007 9.99886
-2.296738e-007 9.99368
-2.294738e-007 9.97987
-2.292738e-007 9.96572
-2.290738e-007 9.98781
-2.288738e-007 10.0655
-2.286738e-007 10.0838
-2.284738e-007 9.99714
-2.282738e-007 9.95191
-2.280738e-007 9.99058
-2.278738e-007 9.99576
-2.276738e-007 9.9709
-2.274738e-007 9.95087
-2.272738e-007 9.88769
-2.270738e-007 9.87249
-2.268738e-007 9.99852
-2.266738e-007 10.0893
-2.264738e-007 9.99783
-2.262738e-007 9.86076
-2.260738e-007 9.87146
-2.258738e-007 10.0424
-2.256738e-007 10.1694
-2.254738e-007 10.0859
-2.252738e-007 9.92912
-2.250738e-007 9.92014
-2.248738e-007 10.0261
-2.246738e-007 10.0721
-2.244738e-007 10.0268
-2.242738e-007 9.94362
-2.240738e-007 9.85627
-2.238738e-007 9.86593
-2.236738e-007 9.94224
-2.234738e-007 9.92946
-2.232738e-007 9.84315
-2.230738e-007 9.76581
-2.228738e-007 9.73749
-2.226738e-007 9.77478
-2.224738e-007 9.85005
-2.222738e-007 9.9488
-2.220738e-007 10.0441
-2.218738e-007 10.0434
-2.216738e-007 9.96779
-2.214738e-007 9.9778
-2.212738e-007 10.0741
-2.210738e-007 10.1342
-2.208738e-007 10.1201
-2.206738e-007 10.0527
-2.204738e-007 10.0258
-2.202738e-007 10.1059
-2.200738e-007 10.1739
-2.198738e-007 10.1346
-2.196738e-007 10.099
-2.194738e-007 10.1249
-2.192738e-007 10.1021
-2.190738e-007 10.04
-2.188738e-007 9.99472
-2.186738e-007 9.89217
-2.184738e-007 9.80551
-2.182738e-007 9.86628
-2.180738e-007 10.0244
-2.178738e-007 10.1525
-2.176738e-007 10.0973
-2.174738e-007 9.90564
-2.172738e-007 9.82001
-2.170738e-007 9.90219
-2.168738e-007 10.0213
-2.166738e-007 10.0841
-2.164738e-007 10.098
-2.162738e-007 10.0945
-2.160738e-007 10.09
-2.158738e-007 10.0686
-2.156738e-007 9.99714
-2.154738e-007 9.88216
-2.152738e-007 9.79136
-2.150738e-007 9.83244
-2.148738e-007 9.974
-2.146738e-007 10.0489
-2.144738e-007 10.0569
-2.142738e-007 10.0807
-2.140738e-007 10.0555
-2.138738e-007 9.98402
-2.136738e-007 9.96917
-2.134738e-007 9.97849
-2.132738e-007 9.9412
-2.130738e-007 9.92428
-2.128738e-007 9.95432
-2.126738e-007 9.96952
-2.124738e-007 10.0179
-2.122738e-007 10.0955
-2.120738e-007 10.1052
-2.118738e-007 10.0707
-2.116738e-007 10.0362
-2.114738e-007 10.0151
-2.112738e-007 10.0196
-2.110738e-007 10.0275
-2.108738e-007 10.0279
-2.106738e-007 9.9709
-2.104738e-007 9.87491
-2.102738e-007 9.90599
-2.100738e-007 10.07
-2.098738e-007 10.1777
-2.096738e-007 10.156
-2.094738e-007 10.071
-2.092738e-007 9.99852
-2.090738e-007 10.0037
-2.088738e-007 10.062
-2.086738e-007 10.0886
-2.084738e-007 10.0986
-2.082738e-007 10.0942
-2.080738e-007 10.0244
-2.078738e-007 9.96952
-2.076738e-007 9.99783
-2.074738e-007 10.0254
-2.072738e-007 10.0337
-2.070738e-007 10.0603
-2.068738e-007 10.0779
-2.066738e-007 10.0966
-2.064738e-007 10.1194
-2.062738e-007 10.1207
-2.060738e-007 10.1245
-2.058738e-007 10.1263
-2.056738e-007 10.0924
-2.054738e-007 10.0696
-2.052738e-007 10.1176
-2.050738e-007 10.1525
-2.048738e-007 10.1024
-2.046738e-007 10.0524
-2.044738e-007 9.9999
-2.042738e-007 9.94397
-2.040738e-007 10.0075
-2.038738e-007 10.1028
-2.036738e-007 10.0562
-2.034738e-007 9.97469
-2.032738e-007 9.99921
-2.030738e-007 10.0358
-2.028738e-007 9.99334
-2.026738e-007 9.92256
-2.024738e-007 9.86006
-2.022738e-007 9.83037
-2.020738e-007 9.88423
-2.018738e-007 10.0206
-2.016738e-007 10.1563
-2.014738e-007 10.177
-2.012738e-007 10.0734
-2.010738e-007 10.0127
-2.008738e-007 10.0955
-2.006738e-007 10.1867
-2.004738e-007 10.197
-2.002738e-007 10.1591
-2.000738e-007 10.0579
-1.998738e-007 10.0044
-1.996738e-007 10.0869
-1.994738e-007 10.11
-1.992738e-007 9.98781
-1.990738e-007 9.87457
-1.988738e-007 9.85868
-1.986738e-007 9.90184
-1.984738e-007 9.89701
-1.982738e-007 9.8245
-1.980738e-007 9.81345
-1.978738e-007 9.85765
-1.976738e-007 9.83106
-1.974738e-007 9.81622
-1.972738e-007 9.90944
-1.970738e-007 9.97918
-1.968738e-007 9.96848
-1.966738e-007 9.99714
-1.964738e-007 10.0893
-1.962738e-007 10.1542
-1.960738e-007 10.1221
-1.958738e-007 10.003
-1.956738e-007 9.93223
-1.954738e-007 10.0044
-1.952738e-007 10.0624
-1.950738e-007 9.98851
-1.948738e-007 9.95467
-1.946738e-007 10.0265
-1.944738e-007 10.0396
-1.942738e-007 9.95122
-1.940738e-007 9.88561
-1.938738e-007 9.96088
-1.936738e-007 10.1173
-1.934738e-007 10.196
-1.932738e-007 10.158
-1.930738e-007 10.0555
-1.928738e-007 10.004
-1.926738e-007 10.0765
-1.924738e-007 10.1829
-1.922738e-007 10.1805
-1.920738e-007 10.0558
-1.918738e-007 9.89735
-1.916738e-007 9.80068
-1.914738e-007 9.86455
-1.912738e-007 10.0261
-1.910738e-007 10.0879
-1.908738e-007 9.99817
-1.906738e-007 9.87318
-1.904738e-007 9.85385
-1.902738e-007 9.94466
-1.900738e-007 10.0334
-1.898738e-007 10.0741
-1.896738e-007 10.0586
-1.894738e-007 9.97573
-1.892738e-007 9.94327
-1.890738e-007 10.0489
-1.888738e-007 10.1601
-1.886738e-007 10.1808
-1.884738e-007 10.1508
-1.882738e-007 10.1038
-1.880738e-007 10.0772
-1.878738e-007 10.0624
-1.876738e-007 10.0109
-1.874738e-007 9.95398
-1.872738e-007 9.94189
-1.870738e-007 9.97849
-1.868738e-007 10.0482
-1.866738e-007 10.0914
-1.864738e-007 10.071
-1.862738e-007 10.0507
-1.860738e-007 10.0852
-1.858738e-007 10.1145
-1.856738e-007 10.1007
-1.854738e-007 10.0973
-1.852738e-007 10.0693
-1.850738e-007 10.0058
-1.848738e-007 9.98333
-1.846738e-007 9.94293
-1.844738e-007 9.85903
-1.842738e-007 9.83313
-1.840738e-007 9.87526
-1.838738e-007 9.91842
-1.836738e-007 9.92808
-1.834738e-007 9.90599
-1.832738e-007 9.89632
-1.830738e-007 9.9557
-1.828738e-007 10.0337
-1.826738e-007 10.0386
-1.824738e-007 9.99196
-1.822738e-007 9.96572
-1.820738e-007 9.98471
-1.818738e-007 9.99921
-1.816738e-007 9.94224
-1.814738e-007 9.85212
-1.812738e-007 9.8535
-1.810738e-007 9.91738
-1.808738e-007 9.92532
-1.806738e-007 9.9267
-1.804738e-007 9.96986
-1.802738e-007 10.0172
-1.800738e-007 10.0724
-1.798738e-007 10.0648
-1.796738e-007 9.9671
-1.794738e-007 9.90529
-1.792738e-007 9.93015
-1.790738e-007 10.0344
-1.788738e-007 10.1577
-1.786738e-007 10.1629
-1.784738e-007 10.0469
-1.782738e-007 9.94327
-1.780738e-007 9.93913
-1.778738e-007 9.99368
-1.776738e-007 10.0213
-1.774738e-007 9.96744
-1.772738e-007 9.84211
-1.770738e-007 9.80862
-1.768738e-007 9.95018
-1.766738e-007 10.0728
-1.764738e-007 10.0624
-1.762738e-007 10.0185
-1.760738e-007 9.97849
-1.758738e-007 9.94742
-1.756738e-007 9.98264
-1.754738e-007 10.0158
-1.752738e-007 9.93706
-1.750738e-007 9.83348
-1.748738e-007 9.86006
-1.746738e-007 10.0137
-1.744738e-007 10.1518
-1.742738e-007 10.177
-1.740738e-007 10.1622
-1.738738e-007 10.2067
-1.736738e-007 10.2395
-1.734738e-007 10.1577
-1.732738e-007 10.0534
-1.730738e-007 10.0482
-1.728738e-007 10.1038
-1.726738e-007 10.1542
-1.724738e-007 10.1511
-1.722738e-007 10.0683
-1.720738e-007 10.0203
-1.718738e-007 10.0886
-1.716738e-007 10.1377
-1.714738e-007 10.052
-1.712738e-007 9.93015
-1.710738e-007 9.93188
-1.708738e-007 9.9961
-1.706738e-007 9.98091
-1.704738e-007 9.9198
-1.702738e-007 9.85143
-1.700738e-007 9.839
-1.698738e-007 9.98816
-1.696738e-007 10.1732
-1.694738e-007 10.1933
-1.692738e-007 10.1373
-1.690738e-007 10.1822
-1.688738e-007 10.2623
-1.686738e-007 10.2392
-1.684738e-007 10.1163
-1.682738e-007 9.98643
-1.680738e-007 9.95294
-1.678738e-007 10.0175
-1.676738e-007 10.1131
-1.674738e-007 10.1763
-1.672738e-007 10.0672
-1.670738e-007 9.83486
-1.668738e-007 9.75303
-1.666738e-007 9.83866
-1.664738e-007 9.89045
-1.662738e-007 9.86386
-1.660738e-007 9.89287
-1.658738e-007 10.0234
-1.656738e-007 10.0897
-1.654738e-007 10.0223
-1.652738e-007 10.0009
-1.650738e-007 10.0855
-1.648738e-007 10.1204
-1.646738e-007 10.0793
-1.644738e-007 10.0548
-1.642738e-007 10.0517
-1.640738e-007 10.0582
-1.638738e-007 10.0828
-1.636738e-007 10.0997
-1.634738e-007 10.0966
-1.632738e-007 10.0576
-1.630738e-007 9.99127
-1.628738e-007 9.98229
-1.626738e-007 10.0134
-1.624738e-007 10.003
-1.622738e-007 9.99886
-1.620738e-007 10.0676
-1.618738e-007 10.158
-1.616738e-007 10.1314
-1.614738e-007 10.0258
-1.612738e-007 10.0565
-1.610738e-007 10.1812
-1.608738e-007 10.177
-1.606738e-007 10.0437
-1.604738e-007 9.9488
-1.602738e-007 9.97538
-1.600738e-007 10.004
-1.598738e-007 9.93568
-1.596738e-007 9.90253
-1.594738e-007 9.92774
-1.592738e-007 9.90288
-1.590738e-007 9.90564
-1.588738e-007 9.93844
-1.586738e-007 9.88251
-1.584738e-007 9.85109
-1.582738e-007 9.9709
-1.580738e-007 10.1418
-1.578738e-007 10.2437
-1.576738e-007 10.1874
-1.574738e-007 10.0275
-1.572738e-007 9.98505
-1.570738e-007 10.0596
-1.568738e-007 10.1394
-1.566738e-007 10.2257
-1.564738e-007 10.2178
-1.562738e-007 10.099
-1.560738e-007 10.0524
-1.558738e-007 10.1014
-1.556738e-007 10.1204
-1.554738e-007 10.0752
-1.552738e-007 9.9778
-1.550738e-007 9.89563
-1.548738e-007 9.9343
-1.546738e-007 10.0289
-1.544738e-007 10.0558
-1.542738e-007 10.0317
-1.540738e-007 10.0058
-1.538738e-007 10.0282
-1.536738e-007 10.0993
-1.534738e-007 10.1149
-1.532738e-007 10.0841
-1.530738e-007 10.0917
-1.528738e-007 10.0845
-1.526738e-007 10.0455
-1.524738e-007 10.0565
-1.522738e-007 10.0527
-1.520738e-007 9.95881
-1.518738e-007 9.89528
-1.516738e-007 9.94017
-1.514738e-007 10.0196
-1.512738e-007 10.0614
-1.510738e-007 10.07
-1.508738e-007 10.0714
-1.506738e-007 10.0479
-1.504738e-007 10.0179
-1.502738e-007 10.0051
-1.500738e-007 9.96744
-1.498738e-007 9.91427
-1.496738e-007 9.89839
-1.494738e-007 9.94397
-1.492738e-007 10.04
-1.490738e-007 10.1107
-1.488738e-007 10.1014
-1.486738e-007 10.0538
-1.484738e-007 10.0538
-1.482738e-007 10.1038
-1.480738e-007 10.1083
-1.478738e-007 10.0593
-1.476738e-007 10.0313
-1.474738e-007 10.0396
-1.472738e-007 10.062
-1.470738e-007 10.1093
-1.468738e-007 10.1397
-1.466738e-007 10.0683
-1.464738e-007 9.95778
-1.462738e-007 9.91358
-1.460738e-007 9.93671
-1.458738e-007 10.0006
-1.456738e-007 10.0458
-1.454738e-007 10.0279
-1.452738e-007 9.9854
-1.450738e-007 9.96779
-1.448738e-007 10.0092
-1.446738e-007 10.0724
-1.444738e-007 10.0676
-1.442738e-007 10.0223
-1.440738e-007 10.0213
-1.438738e-007 10.0375
-1.436738e-007 9.98747
-1.434738e-007 9.87698
-1.432738e-007 9.82485
-1.430738e-007 9.90012
-1.428738e-007 10.0068
-1.426738e-007 10.0147
-1.424738e-007 9.98091
-1.422738e-007 10.0679
-1.420738e-007 10.187
-1.418738e-007 10.1515
-1.416738e-007 10.0551
-1.414738e-007 10.0603
-1.412738e-007 10.1397
-1.410738e-007 10.1732
-1.408738e-007 10.0686
-1.406738e-007 9.84833
-1.404738e-007 9.70228
-1.402738e-007 9.79446
-1.400738e-007 9.9923
-1.398738e-007 10.0662
-1.396738e-007 10.0334
-1.394738e-007 10.023
-1.392738e-007 10.0341
-1.390738e-007 10.0185
-1.388738e-007 9.99817
-1.386738e-007 10.0078
-1.384738e-007 10.04
-1.382738e-007 10.0362
-1.380738e-007 9.99058
-1.378738e-007 9.99921
-1.376738e-007 10.0403
-1.374738e-007 9.99541
-1.372738e-007 9.94327
-1.370738e-007 9.98678
-1.368738e-007 10.0082
-1.366738e-007 9.96572
-1.364738e-007 9.99886
-1.362738e-007 10.1138
-1.360738e-007 10.1618
-1.358738e-007 10.1049
-1.356738e-007 10.0386
-1.354738e-007 10.0382
-1.352738e-007 10.0386
-1.350738e-007 9.94949
-1.348738e-007 9.86386
-1.346738e-007 9.84522
-1.344738e-007 9.83417
-1.342738e-007 9.86732
-1.340738e-007 9.95847
-1.338738e-007 10.0103
-1.336738e-007 9.94155
-1.334738e-007 9.82519
-1.332738e-007 9.84453
-1.330738e-007 9.98954
-1.328738e-007 10.0835
-1.326738e-007 10.0638
-1.324738e-007 10.0165
-1.322738e-007 10.0103
-1.320738e-007 10.003
-1.318738e-007 10.0013
-1.316738e-007 10.0465
-1.314738e-007 10.0517
-1.312738e-007 9.99334
-1.310738e-007 9.98367
-1.308738e-007 10.0234
-1.306738e-007 10.0172
-1.304738e-007 9.97849
-1.302738e-007 9.96848
-1.300738e-007 9.97918
-1.298738e-007 10.0068
-1.296738e-007 10.0451
-1.294738e-007 10.0703
-1.292738e-007 10.0986
-1.290738e-007 10.1549
-1.288738e-007 10.1977
-1.286738e-007 10.1491
-1.284738e-007 10.0748
-1.282738e-007 10.0465
-1.280738e-007 9.97504
-1.278738e-007 9.91462
-1.276738e-007 9.99541
-1.274738e-007 10.0866
-1.272738e-007 10.0213
-1.270738e-007 9.88078
-1.268738e-007 9.83728
-1.266738e-007 9.90391
-1.264738e-007 9.97124
-1.262738e-007 9.99058
-1.260738e-007 10.0403
-1.258738e-007 10.1397
-1.256738e-007 10.1784
-1.254738e-007 10.157
-1.252738e-007 10.1497
-1.250738e-007 10.1342
-1.248738e-007 10.0876
-1.246738e-007 10.0437
-1.244738e-007 10.0344
-1.242738e-007 10.0458
-1.240738e-007 10.0406
-1.238738e-007 10.0237
-1.236738e-007 10.0417
-1.234738e-007 10.0759
-1.232738e-007 10.0479
-1.230738e-007 9.99334
-1.228738e-007 9.99714
-1.226738e-007 9.99541
-1.224738e-007 9.95881
-1.222738e-007 9.94707
-1.220738e-007 9.92359
-1.218738e-007 9.88596
-1.216738e-007 9.90288
-1.214738e-007 9.97608
-1.212738e-007 10.0814
-1.210738e-007 10.1787
-1.208738e-007 10.1763
-1.206738e-007 10.089
-1.204738e-007 10.0627
-1.202738e-007 10.1073
-1.200738e-007 10.1076
-1.198738e-007 10.0144
-1.196738e-007 9.88527
-1.194738e-007 9.86386
-1.192738e-007 9.94397
-1.190738e-007 9.96468
-1.188738e-007 9.93084
-1.186738e-007 9.93602
-1.184738e-007 9.97262
-1.182738e-007 9.98229
-1.180738e-007 9.95053
-1.178738e-007 9.92636
-1.176738e-007 9.91911
-1.174738e-007 9.92428
-1.172738e-007 9.94983
-1.170738e-007 9.9892
-1.168738e-007 9.99368
-1.166738e-007 9.92705
-1.164738e-007 9.92567
-1.162738e-007 10.0147
-1.160738e-007 10.0113
-1.158738e-007 9.93395
-1.156738e-007 9.92221
-1.154738e-007 9.96813
-1.152738e-007 9.99679
-1.150738e-007 9.97849
-1.148738e-007 9.9633
-1.146738e-007 9.97642
-1.144738e-007 9.98609
-1.142738e-007 9.98402
-1.140738e-007 9.99127
-1.138738e-007 10.0493
-1.136738e-007 10.1321
-1.134738e-007 10.1615
-1.132738e-007 10.0997
-1.130738e-007 10.0051
-1.128738e-007 10.0065
-1.126738e-007 10.0507
-1.124738e-007 9.99679
-1.122738e-007 9.88596
-1.120738e-007 9.82485
-1.118738e-007 9.89701
-1.116738e-007 10.0717
-1.114738e-007 10.1691
-1.112738e-007 10.1304
-1.110738e-007 10.0762
-1.108738e-007 10.031
-1.106738e-007 9.93602
-1.104738e-007 9.90668
-1.102738e-007 10.061
-1.100738e-007 10.2416
-1.098738e-007 10.2796
-1.096738e-007 10.2319
-1.094738e-007 10.1964
-1.092738e-007 10.1591
-1.090738e-007 10.1031
-1.088738e-007 10.0745
-1.086738e-007 10.062
-1.084738e-007 10.0337
-1.082738e-007 10.0275
-1.080738e-007 10.0351
-1.078738e-007 10.0282
-1.076738e-007 10.0337
-1.074738e-007 10.0386
-1.072738e-007 10.0268
-1.070738e-007 10.0434
-1.068738e-007 10.0752
-1.066738e-007 10.0362
-1.064738e-007 9.90253
-1.062738e-007 9.79515
-1.060738e-007 9.84936
-1.058738e-007 10.0009
-1.056738e-007 10.0955
-1.054738e-007 10.1183
-1.052738e-007 10.1401
-1.050738e-007 10.1425
-1.048738e-007 10.0707
-1.046738e-007 10.002
-1.044738e-007 9.98298
-1.042738e-007 9.90081
-1.040738e-007 9.77893
-1.038738e-007 9.83175
-1.036738e-007 10.0334
-1.034738e-007 10.1128
-1.032738e-007 10.0355
-1.030738e-007 9.96468
-1.028738e-007 9.9709
-1.026738e-007 10.0292
-1.024738e-007 10.023
-1.022738e-007 9.92325
-1.020738e-007 9.90391
-1.018738e-007 9.97711
-1.016738e-007 9.96261
-1.014738e-007 9.89735
-1.012738e-007 9.92636
-1.010738e-007 10.0248
-1.008738e-007 10.1011
-1.006738e-007 10.0921
-1.004738e-007 10.0538
-1.002738e-007 10.0897
-1.000738e-007 10.1049
-9.987385e-008 10.0196
-9.967385e-008 9.9854
-9.947385e-008 10.0489
-9.927385e-008 10.0589
-9.907385e-008 9.98333
-9.887385e-008 9.96675
-9.867385e-008 10.0434
-9.847385e-008 10.0406
-9.827385e-008 9.92428
-9.807385e-008 9.87629
-9.787385e-008 9.95674
-9.767385e-008 10.042
-9.747385e-008 10.0185
-9.727385e-008 9.93844
-9.707385e-008 9.91116
-9.687385e-008 9.9412
-9.667385e-008 10.0134
-9.647385e-008 10.081
-9.627385e-008 10.079
-9.607385e-008 10.0341
-9.587385e-008 9.98885
-9.567385e-008 9.95674
-9.547385e-008 9.93913
-9.527385e-008 9.92118
-9.507385e-008 9.90978
-9.487385e-008 9.90081
-9.467385e-008 9.8687
-9.447385e-008 9.83866
-9.427385e-008 9.86145
-9.407385e-008 9.91186
-9.387385e-008 9.95294
-9.367385e-008 9.98194
-9.347385e-008 9.96779
-9.327385e-008 9.95363
-9.307385e-008 10.0531
-9.287385e-008 10.1684
-9.267385e-008 10.0845
-9.247385e-008 9.90737
-9.227385e-008 9.88044
-9.207385e-008 9.97677
-9.187385e-008 10.0576
-9.167385e-008 10.0607
-9.147385e-008 10.0462
-9.127385e-008 10.108
-9.107385e-008 10.1784
-9.087385e-008 10.1687
-9.067385e-008 10.1201
-9.047385e-008 10.0869
-9.027385e-008 10.0824
-9.007385e-008 10.0693
-8.987385e-008 10.0327
-8.967385e-008 10.0465
-8.947385e-008 10.0969
-8.927385e-008 10.0862
-8.907385e-008 10.0431
-8.887385e-008 10.0223
-8.867385e-008 9.98747
-8.847385e-008 9.9267
-8.827385e-008 9.93982
-8.807385e-008 10.0852
-8.787385e-008 10.216
-8.767385e-008 10.1649
-8.747385e-008 9.99507
-8.727385e-008 9.8939
-8.707385e-008 9.95191
-8.687385e-008 10.069
-8.667385e-008 10.0848
-8.647385e-008 10.0168
-8.627385e-008 9.94776
-8.607385e-008 9.88354
-8.587385e-008 9.87353
-8.567385e-008 9.95674
-8.547385e-008 10.0745
-8.527385e-008 10.128
-8.507385e-008 10.0734
-8.487385e-008 9.99541
-8.467385e-008 9.98989
-8.447385e-008 10.0475
-8.427385e-008 10.0779
-8.407385e-008 10.0451
-8.387385e-008 10.0576
-8.367385e-008 10.1401
-8.347385e-008 10.1739
-8.327385e-008 10.1232
-8.307385e-008 10.0306
-8.287385e-008 9.97435
-8.267385e-008 10.031
-8.247385e-008 10.1225
-8.227385e-008 10.099
-8.207385e-008 10.0158
-8.187385e-008 10.0527
-8.167385e-008 10.139
-8.147385e-008 10.098
-8.127385e-008 10.0099
-8.107385e-008 10.0082
-8.087385e-008 10.0275
-8.067385e-008 9.99921
-8.047385e-008 9.99334
-8.027385e-008 10.0241
-8.007385e-008 10.0248
-7.987385e-008 9.99196
-7.967385e-008 9.9267
-7.947385e-008 9.85074
-7.927385e-008 9.86904
-7.907385e-008 9.98816
-7.887385e-008 10.0966
-7.867385e-008 10.1567
-7.847385e-008 10.1525
-7.827385e-008 10.0676
-7.807385e-008 10.0196
-7.787385e-008 10.0886
-7.767385e-008 10.1598
-7.747385e-008 10.1794
-7.727385e-008 10.1736
-7.707385e-008 10.1011
-7.687385e-008 10.0351
-7.667385e-008 10.0496
-7.647385e-008 9.9999
-7.627385e-008 9.87733
-7.607385e-008 9.86421
-7.587385e-008 9.94673
-7.567385e-008 9.99783
-7.547385e-008 9.99576
-7.527385e-008 9.95743
-7.507385e-008 9.93533
-7.487385e-008 9.95294
-7.467385e-008 9.94362
-7.447385e-008 9.94431
-7.427385e-008 9.9923
-7.407385e-008 10.0082
-7.387385e-008 10.0289
-7.367385e-008 10.0866
-7.347385e-008 10.0665
-7.327385e-008 9.99576
-7.307385e-008 10.002
-7.287385e-008 10.0406
-7.267385e-008 10.0489
-7.247385e-008 10.06
-7.227385e-008 10.051
-7.207385e-008 10.0334
-7.187385e-008 10.0527
-7.167385e-008 10.0765
-7.147385e-008 10.099
-7.127385e-008 10.0765
-7.107385e-008 9.93084
-7.087385e-008 9.79101
-7.067385e-008 9.81691
-7.047385e-008 9.9267
-7.027385e-008 9.98367
-7.007385e-008 9.96399
-6.987385e-008 9.92912
-6.967385e-008 9.95881
-6.947385e-008 10.0248
-6.927385e-008 10.0465
-6.907385e-008 10.0417
-6.887385e-008 10.0016
-6.867385e-008 9.92463
-6.847385e-008 9.95605
-6.827385e-008 10.0921
-6.807385e-008 10.147
-6.787385e-008 10.0955
-6.767385e-008 10.0185
-6.747385e-008 9.95778
-6.727385e-008 9.94155
-6.707385e-008 9.96641
-6.687385e-008 10.0227
-6.667385e-008 10.0869
-6.647385e-008 10.1004
-6.627385e-008 10.0617
-6.607385e-008 10.0451
-6.587385e-008 10.098
-6.567385e-008 10.1425
-6.547385e-008 10.0838
-6.527385e-008 9.99437
-6.507385e-008 9.98643
-6.487385e-008 10.0362
-6.467385e-008 10.0424
-6.447385e-008 10.0154
-6.427385e-008 10.0489
-6.407385e-008 10.0924
-6.387385e-008 10.0724
-6.367385e-008 10.0182
-6.347385e-008 9.93154
-6.327385e-008 9.83348
-6.307385e-008 9.81863
-6.287385e-008 9.8901
-6.267385e-008 9.94983
-6.247385e-008 9.96572
-6.227385e-008 9.96261
-6.207385e-008 9.97953
-6.187385e-008 10.0306
-6.167385e-008 10.0855
-6.147385e-008 10.1411
-6.127385e-008 10.1636
-6.107385e-008 10.1201
-6.087385e-008 10.0769
-6.067385e-008 10.0241
-6.047385e-008 9.90012
-6.027385e-008 9.8535
-6.007385e-008 9.96813
-5.987385e-008 10.0645
-5.967385e-008 10.098
-5.947385e-008 10.1218
-5.927385e-008 10.0555
-5.907385e-008 9.93741
-5.887385e-008 9.91082
-5.867385e-008 9.93154
-5.847385e-008 9.9229
-5.827385e-008 9.95501
-5.807385e-008 10.0137
-5.787385e-008 10.0002
-5.767385e-008 9.96434
-5.747385e-008 9.99127
-5.727385e-008 10.079
-5.707385e-008 10.1743
-5.687385e-008 10.1763
-5.667385e-008 10.0797
-5.647385e-008 9.99403
-5.627385e-008 9.95605
-5.607385e-008 9.97124
-5.587385e-008 10.0092
-5.567385e-008 9.97193
-5.547385e-008 9.86939
-5.527385e-008 9.82692
-5.507385e-008 9.89217
-5.487385e-008 9.94845
-5.467385e-008 9.91047
-5.447385e-008 9.86766
-5.427385e-008 9.89045
-5.407385e-008 9.90184
-5.387385e-008 9.84142
-5.367385e-008 9.7955
-5.347385e-008 9.86732
-5.327385e-008 9.99437
-5.307385e-008 10.0431
-5.287385e-008 10.0051
-5.267385e-008 9.93464
-5.247385e-008 9.90391
-5.227385e-008 9.98333
-5.207385e-008 10.0631
-5.187385e-008 10.0172
-5.167385e-008 9.96399
-5.147385e-008 9.98643
-5.127385e-008 10.0016
-5.107385e-008 10.0075
-5.087385e-008 9.99403
-5.067385e-008 9.88941
-5.047385e-008 9.78203
-5.027385e-008 9.78272
-5.007385e-008 9.85143
-4.987385e-008 9.93706
-4.967385e-008 9.98505
-4.947385e-008 9.94017
-4.927385e-008 9.87698
-4.907385e-008 9.89494
-4.887385e-008 9.95536
-4.867385e-008 9.97849
-4.847385e-008 9.94327
-4.827385e-008 9.88113
-4.807385e-008 9.87318
-4.787385e-008 9.95743
-4.767385e-008 10.0748
-4.747385e-008 10.1169
-4.727385e-008 10.0479
-4.707385e-008 9.97953
-4.687385e-008 9.97159
-4.667385e-008 9.98056
-4.647385e-008 10.0065
-4.627385e-008 10.0551
-4.607385e-008 10.0848
-4.587385e-008 10.0672
-4.567385e-008 10.041
-4.547385e-008 10.0286
-4.527385e-008 10.022
-4.507385e-008 10.0455
-4.487385e-008 10.0665
-4.467385e-008 10.0431
-4.447385e-008 10.0389
-4.427385e-008 10.0358
-4.407385e-008 9.95916
-4.387385e-008 9.90115
-4.367385e-008 9.95225
-4.347385e-008 10.0652
-4.327385e-008 10.1384
-4.307385e-008 10.1131
-4.287385e-008 10.0596
-4.267385e-008 10.0962
-4.247385e-008 10.1712
-4.227385e-008 10.1273
-4.207385e-008 10.0206
-4.187385e-008 9.99127
-4.167385e-008 10.0296
-4.147385e-008 10.1263
-4.127385e-008 10.2651
-4.107385e-008 10.3224
-4.087385e-008 10.2295
-4.067385e-008 10.1045
-4.047385e-008 10.0969
-4.027385e-008 10.1042
-4.007385e-008 9.96365
-3.987385e-008 9.8359
-3.967385e-008 9.90875
-3.947385e-008 10.0413
-3.927385e-008 10.0458
-3.907385e-008 9.95743
-3.887385e-008 9.87526
-3.867385e-008 9.84625
-3.847385e-008 9.90702
-3.827385e-008 10.0016
-3.807385e-008 10.0437
-3.787385e-008 10.0368
-3.767385e-008 10.0002
-3.747385e-008 9.98056
-3.727385e-008 10.0196
-3.707385e-008 10.0607
-3.687385e-008 10.0821
-3.667385e-008 10.0973
-3.647385e-008 10.0527
-3.627385e-008 10.0213
-3.607385e-008 10.1038
-3.587385e-008 10.1204
-3.567385e-008 9.98609
-3.547385e-008 9.89252
-3.527385e-008 9.89873
-3.507385e-008 9.93084
-3.487385e-008 9.93637
-3.467385e-008 9.89425
-3.447385e-008 9.87871
-3.427385e-008 9.94327
-3.407385e-008 10.0248
-3.387385e-008 10.0942
-3.367385e-008 10.1667
-3.347385e-008 10.1801
-3.327385e-008 10.1276
-3.307385e-008 10.0852
-3.287385e-008 10.0248
-3.267385e-008 9.96296
-3.247385e-008 10.0061
-3.227385e-008 10.0741
-3.207385e-008 10.0693
-3.187385e-008 10.0765
-3.167385e-008 10.0942
-3.147385e-008 10.032
-3.127385e-008 9.94983
-3.107385e-008 9.90081
-3.087385e-008 9.85765
-3.067385e-008 9.8687
-3.047385e-008 9.96296
-3.027385e-008 10.0993
-3.007385e-008 10.1995
-2.987385e-008 10.1549
-2.967385e-008 10.0417
-2.947385e-008 10.0223
-2.927385e-008 10.0444
-2.907385e-008 10.0555
-2.887385e-008 10.1159
-2.867385e-008 10.1774
-2.847385e-008 10.1549
-2.827385e-008 10.0942
-2.807385e-008 10.0614
-2.787385e-008 10.0389
-2.767385e-008 9.99748
-2.747385e-008 9.96848
-2.727385e-008 9.99472
-2.707385e-008 10.0455
-2.687385e-008 10.0638
-2.667385e-008 10.0303
-2.647385e-008 9.97021
-2.627385e-008 9.94051
-2.607385e-008 9.95087
-2.587385e-008 9.97435
-2.567385e-008 9.99955
-2.547385e-008 10.0217
-2.527385e-008 10.0648
-2.507385e-008 10.1266
-2.487385e-008 10.1332
-2.467385e-008 10.0379
-2.447385e-008 9.92843
-2.427385e-008 9.95812
-2.407385e-008 10.0817
-2.387385e-008 10.0883
-2.367385e-008 9.99161
-2.347385e-008 9.95985
-2.327385e-008 9.96261
-2.307385e-008 9.89563
-2.287385e-008 9.81587
-2.267385e-008 9.78031
-2.247385e-008 9.78376
-2.227385e-008 9.8939
-2.207385e-008 10.0821
-2.187385e-008 10.1615
-2.167385e-008 10.0586
-2.147385e-008 9.90184
-2.127385e-008 9.85489
-2.107385e-008 9.92532
-2.087385e-008 9.99472
-2.067385e-008 10.013
-2.047385e-008 9.99645
-2.027385e-008 10.0082
-2.007385e-008 10.1059
-1.987385e-008 10.1677
-1.967385e-008 10.0883
-1.947385e-008 9.97608
-1.927385e-008 9.92463
-1.907385e-008 9.91255
-1.887385e-008 9.91255
-1.867385e-008 9.92636
-1.847385e-008 9.95225
-1.827385e-008 9.94535
-1.807385e-008 9.9122
-1.787385e-008 9.96952
-1.767385e-008 10.1104
-1.747385e-008 10.148
-1.727385e-008 10.0351
-1.707385e-008 9.95398
-1.687385e-008 10.0013
-1.667385e-008 10.0434
-1.647385e-008 9.98367
-1.627385e-008 9.89459
-1.607385e-008 9.84349
-1.587385e-008 9.84522
-1.567385e-008 9.89459
-1.547385e-008 9.89839
-1.527385e-008 9.85972
-1.507385e-008 9.945
-1.487385e-008 10.0976
-1.467385e-008 10.0962
-1.447385e-008 9.96641
-1.427385e-008 9.90529
-1.407385e-008 9.99679
-1.387385e-008 10.1228
-1.367385e-008 10.1529
-1.347385e-008 10.1422
-1.327385e-008 10.1532
-1.307385e-008 10.1839
-1.287385e-008 10.2664
-1.267385e-008 10.3058
-1.247385e-008 10.1815
-1.227385e-008 10.0721
-1.207385e-008 10.1245
-1.187385e-008 10.1567
-1.167385e-008 10.1018
-1.147385e-008 10.0942
-1.127385e-008 10.1346
-1.107385e-008 10.1387
-1.087385e-008 10.0814
-1.067385e-008 9.9961
-1.047385e-008 9.95501
-1.027385e-008 9.96986
-1.007385e-008 9.97642
-9.873847e-009 9.98298
-9.673847e-009 10.0158
-9.473847e-009 10.0362
-9.273847e-009 10.0859
-9.073847e-009 10.1946
-8.873847e-009 10.2261
-8.673847e-009 10.1332
-8.473847e-009 10.0603
-8.273847e-009 10.0593
-8.073847e-009 10.0496
-7.873847e-009 10.0227
-7.673847e-009 10.0275
-7.473847e-009 10.05
-7.273847e-009 10.022
-7.073847e-009 9.93913
-6.873847e-009 9.93223
-6.673847e-009 10.0248
-6.473847e-009 10.0565
-6.273847e-009 10.0227
-6.073847e-009 10.013
-5.873847e-009 10.0341
-5.673847e-009 10.0655
-5.473847e-009 10.0686
-5.273847e-009 10.0803
-5.073847e-009 10.1283
-4.873847e-009 10.1294
-4.673847e-009 10.1128
-4.473847e-009 10.1411
-4.273847e-009 10.1021
-4.073847e-009 9.94707
-3.873847e-009 9.87595
-3.673847e-009 9.95018
-3.473847e-009 9.95329
-3.273847e-009 9.87042
-3.073847e-009 9.87595
-2.873847e-009 9.97331
-2.673847e-009 10.0572
-2.473847e-009 10.0724
-2.273847e-009 10.0721
-2.073847e-009 10.1018
-1.873847e-009 10.0254
-1.673847e-009 9.66119
-1.473847e-009 8.99689
-1.273847e-009 8.0909
-1.073847e-009 6.92872
-8.738473e-010 5.58217
-6.738473e-010 4.35542
-4.738473e-010 3.45841
-2.738473e-010 2.76752
-7.384728e-011 2.17297
1.261527e-010 1.74345
3.261527e-010 1.5608
5.261527e-010 1.54803
7.261527e-010 1.46551
9.261527e-010 1.30496
1.126153e-009 1.27906
1.326153e-009 1.34777
1.526153e-009 1.34328
1.726153e-009 1.31566
1.926153e-009 1.37539
2.126153e-009 1.47138
2.326153e-009 1.47103
2.526153e-009 1.35053
2.726153e-009 1.25766
2.926153e-009 1.32395
3.126153e-009 1.45342
3.326153e-009 1.48174
3.526153e-009 1.42477
3.726153e-009 1.35502
3.926153e-009 1.33085
4.126153e-009 1.38989
4.326153e-009 1.39507
4.526153e-009 1.28735
4.726153e-009 1.28286
4.926153e-009 1.40785
5.126153e-009 1.46033
5.326153e-009 1.45446
5.526153e-009 1.45895
5.726153e-009 1.39887
5.926153e-009 1.31083
6.126153e-009 1.29149
6.326153e-009 1.28251
6.526153e-009 1.25075
6.726153e-009 1.29702
6.926153e-009 1.42235
7.126153e-009 1.4807
7.326153e-009 1.38023
7.526153e-009 1.24108
7.726153e-009 1.22037
7.926153e-009 1.21726
8.126153e-009 1.13198
8.326153e-009 1.09227
8.526153e-009 1.13129
8.726153e-009 1.14544
8.926153e-009 1.13508
9.126153e-009 1.15994
9.326153e-009 1.18411
9.526153e-009 1.12818
9.726153e-009 1.0574
9.926153e-009 1.0757
1.012615e-008 1.11713
1.032615e-008 1.0681
1.052615e-008 0.992833
1.072615e-008 1.09503
1.092615e-008 1.3198
1.112615e-008 1.36883
1.132615e-008 1.26318
1.152615e-008 1.24902
1.172615e-008 1.32775
1.192615e-008 1.34604
1.212615e-008 1.24661
1.232615e-008 1.13198
1.252615e-008 1.11817
1.272615e-008 1.1413
1.292615e-008 1.09607
1.312615e-008 1.04946
1.332615e-008 1.08364
1.352615e-008 1.11057
1.372615e-008 1.07363
1.392615e-008 1.07363
1.412615e-008 1.13163
1.432615e-008 1.15062
1.452615e-008 1.13577
1.472615e-008 1.11506
1.492615e-008 1.05912
1.512615e-008 1.04704
1.532615e-008 1.13888
1.552615e-008 1.21691
1.572615e-008 1.18826
1.592615e-008 1.09814
1.612615e-008 1.03634
1.632615e-008 1.05774
1.652615e-008 1.10677
1.672615e-008 1.11368
1.692615e-008 1.10988
1.712615e-008 1.12956
1.732615e-008 1.1489
1.752615e-008 1.12645
1.772615e-008 1.0795
1.792615e-008 1.0612
1.812615e-008 1.10401
1.832615e-008 1.21104
1.852615e-008 1.29736
1.872615e-008 1.27872
1.892615e-008 1.22244
1.912615e-008 1.22347
1.932615e-008 1.2328
1.952615e-008 1.16858
1.972615e-008 1.07742
1.992615e-008 1.06948
2.012615e-008 1.14164
2.032615e-008 1.1665
2.052615e-008 1.11575
2.072615e-008 1.10263
2.092615e-008 1.14993
2.112615e-008 1.15856
2.132615e-008 1.08951
2.152615e-008 1.02011
2.172615e-008 1.00008
2.192615e-008 0.994214
2.212615e-008 1.01907
2.232615e-008 1.11644
2.252615e-008 1.22796
2.272615e-008 1.26456
2.292615e-008 1.2069
2.312615e-008 1.1337
2.332615e-008 1.1306
2.352615e-008 1.16547
2.372615e-008 1.16512
2.392615e-008 1.0978
2.412615e-008 0.999393
2.432615e-008 0.979022
2.452615e-008 1.03841
2.472615e-008 1.06327
2.492615e-008 1.03875
2.512615e-008 1.01217
2.532615e-008 0.980058
2.552615e-008 0.934137
2.572615e-008 0.928958
2.592615e-008 1.00837
2.612615e-008 1.06914
2.632615e-008 1.01735
2.652615e-008 0.957961
2.672615e-008 1.02391
2.692615e-008 1.15373
2.712615e-008 1.20552
2.732615e-008 1.1779
2.752615e-008 1.13198
2.772615e-008 1.08433
2.792615e-008 1.09434
2.812615e-008 1.14682
2.832615e-008 1.10505
2.852615e-008 1.0063
2.872615e-008 0.967283
2.892615e-008 0.955889
2.912615e-008 0.952091
2.932615e-008 0.986273
2.952615e-008 1.0429
2.972615e-008 1.10436
2.992615e-008 1.20414
3.012615e-008 1.3053
3.032615e-008 1.27319
3.052615e-008 1.14095
3.072615e-008 1.06672
3.092615e-008 1.08813
3.112615e-008 1.17306
3.132615e-008 1.23556
3.152615e-008 1.20517
3.172615e-008 1.16374
3.192615e-008 1.15166
3.212615e-008 1.10712
3.232615e-008 1.07294
3.252615e-008 1.07708
3.272615e-008 1.04566
3.292615e-008 0.98869
3.312615e-008 0.980748
3.332615e-008 1.00837
3.352615e-008 1.01942
3.372615e-008 1.05602
3.392615e-008 1.15304
3.412615e-008 1.21726
3.432615e-008 1.17237
3.452615e-008 1.10401
3.472615e-008 1.13129
3.492615e-008 1.17548
3.512615e-008 1.13474
3.532615e-008 1.09469
3.552615e-008 1.10781
3.572615e-008 1.14751
3.592615e-008 1.17686
3.612615e-008 1.12956
3.632615e-008 1.07086
3.652615e-008 1.12335
3.672615e-008 1.18342
3.692615e-008 1.16098
3.712615e-008 1.17686
3.732615e-008 1.21415
3.752615e-008 1.14441
3.772615e-008 1.01976
3.792615e-008 0.981439
3.812615e-008 1.07708
3.832615e-008 1.1962
3.852615e-008 1.20138
3.872615e-008 1.1192
3.892615e-008 1.04911
3.912615e-008 1.03323
3.932615e-008 1.07259
3.952615e-008 1.11126
3.972615e-008 1.10988
3.992615e-008 1.11851
4.012615e-008 1.1558
4.032615e-008 1.18722
4.052615e-008 1.19585
4.072615e-008 1.14475
4.092615e-008 1.01597
4.112615e-008 0.903063
4.132615e-008 0.898574
4.152615e-008 0.955889
4.172615e-008 1.01735
4.192615e-008 1.0612
4.212615e-008 1.05567
4.232615e-008 1.02909
4.252615e-008 1.00112
4.272615e-008 0.957615
4.292615e-008 0.951746
4.312615e-008 1.03012
4.332615e-008 1.13439
4.352615e-008 1.1962
4.372615e-008 1.20379
4.392615e-008 1.15476
4.412615e-008 1.07121
4.432615e-008 1.0063
4.452615e-008 1.00146
4.472615e-008 1.06465
4.492615e-008 1.11886
4.512615e-008 1.08157
4.532615e-008 0.996631
4.552615e-008 0.993523
4.572615e-008 1.07673
4.592615e-008 1.11471
4.612615e-008 1.1085
4.632615e-008 1.11678
4.652615e-008 1.0795
4.672615e-008 0.998012
4.692615e-008 0.961759
4.712615e-008 0.977986
4.732615e-008 0.993869
4.752615e-008 1.00354
4.772615e-008 1.04497
4.792615e-008 1.10021
4.812615e-008 1.08226
4.832615e-008 1.00319
4.852615e-008 0.983856
4.872615e-008 1.04911
4.892615e-008 1.10884
4.912615e-008 1.17065
4.932615e-008 1.27043
4.952615e-008 1.28424
4.972615e-008 1.15649
4.992615e-008 1.06672
5.012615e-008 1.12645
5.032615e-008 1.23038
5.052615e-008 1.26318
5.072615e-008 1.22796
5.092615e-008 1.18515
5.112615e-008 1.15166
5.132615e-008 1.12162
5.152615e-008 1.10056
5.172615e-008 1.07017
5.192615e-008 1.04462
5.212615e-008 1.07915
5.232615e-008 1.14268
5.252615e-008 1.12991
5.272615e-008 1.07017
5.292615e-008 1.11126
5.312615e-008 1.22278
5.332615e-008 1.23383
5.352615e-008 1.13267
5.372615e-008 1.06465
5.392615e-008 1.07846
5.412615e-008 1.08295
5.432615e-008 1.06638
5.452615e-008 1.11402
5.472615e-008 1.19102
5.492615e-008 1.18895
5.512615e-008 1.11782
5.532615e-008 1.04221
5.552615e-008 1.00906
5.572615e-008 1.07742
5.592615e-008 1.18722
5.612615e-008 1.21001
5.632615e-008 1.17997
5.652615e-008 1.15407
5.672615e-008 1.10194
5.692615e-008 1.04911
5.712615e-008 1.01597
5.732615e-008 1.02253
5.752615e-008 1.08951
5.772615e-008 1.12024
5.792615e-008 1.07363
5.812615e-008 1.05947
5.832615e-008 1.09434
5.852615e-008 1.11022
5.872615e-008 1.12438
5.892615e-008 1.15718
5.912615e-008 1.18584
5.932615e-008 1.19482
5.952615e-008 1.1779
5.972615e-008 1.16961
5.992615e-008 1.17306
6.012615e-008 1.12231
6.032615e-008 1.04877
6.052615e-008 1.08537
6.072615e-008 1.22175
6.092615e-008 1.30737
6.112615e-008 1.29943
6.132615e-008 1.19343
6.152615e-008 1.0315
6.172615e-008 0.992142
6.192615e-008 1.07811
6.212615e-008 1.13854
6.232615e-008 1.1596
6.252615e-008 1.18031
6.272615e-008 1.2252
6.292615e-008 1.25593
6.312615e-008 1.229
6.332615e-008 1.23176
6.352615e-008 1.26525
6.372615e-008 1.22037
6.392615e-008 1.13819
6.412615e-008 1.13819
6.432615e-008 1.17755
6.452615e-008 1.1451
6.472615e-008 1.0429
6.492615e-008 0.944495
6.512615e-008 0.935863
6.532615e-008 1.02011
6.552615e-008 1.11437
6.572615e-008 1.1817
6.592615e-008 1.20586
6.612615e-008 1.19274
6.632615e-008 1.18135
6.652615e-008 1.15062
6.672615e-008 1.11057
6.692615e-008 1.15166
6.712615e-008 1.22278
6.732615e-008 1.17652
6.752615e-008 1.07052
6.772615e-008 1.08571
6.792615e-008 1.18273
6.812615e-008 1.18549
6.832615e-008 1.0971
6.852615e-008 1.0467
6.872615e-008 1.06189
6.892615e-008 1.12611
6.912615e-008 1.19585
6.932615e-008 1.15338
6.952615e-008 1.07155
6.972615e-008 1.1047
6.992615e-008 1.1665
7.012615e-008 1.12956
7.032615e-008 1.06258
7.052615e-008 1.10919
7.072615e-008 1.2252
7.092615e-008 1.25662
7.112615e-008 1.23797
7.132615e-008 1.24523
7.152615e-008 1.21208
7.172615e-008 1.14303
7.192615e-008 1.13129
7.212615e-008 1.16236
7.232615e-008 1.16409
7.252615e-008 1.12058
7.272615e-008 1.06189
7.292615e-008 1.05774
7.312615e-008 1.1634
7.332615e-008 1.2435
7.352615e-008 1.1558
7.372615e-008 1.05636
7.392615e-008 1.07811
7.412615e-008 1.13025
7.432615e-008 1.11506
7.452615e-008 1.06983
7.472615e-008 1.08329
7.492615e-008 1.11471
7.512615e-008 1.1085
7.532615e-008 1.12783
7.552615e-008 1.1817
7.572615e-008 1.17099
7.592615e-008 1.1047
7.612615e-008 1.09849
7.632615e-008 1.1634
7.652615e-008 1.23003
7.672615e-008 1.229
7.692615e-008 1.10815
7.712615e-008 0.93828
7.732615e-008 0.879929
7.752615e-008 0.972117
7.772615e-008 1.09641
7.792615e-008 1.15822
7.812615e-008 1.15925
7.832615e-008 1.10815
7.852615e-008 1.02667
7.872615e-008 0.984546
7.892615e-008 1.03081
7.912615e-008 1.11402
7.932615e-008 1.14648
7.952615e-008 1.16132
7.972615e-008 1.20103
7.992615e-008 1.16685
8.012615e-008 1.0536
8.032615e-008 0.984546
8.052615e-008 0.990071
8.072615e-008 1.0246
8.092615e-008 1.03219
8.112615e-008 1.02253
8.132615e-008 1.09365
8.152615e-008 1.22037
8.172615e-008 1.24868
8.192615e-008 1.22555
8.212615e-008 1.2656
8.232615e-008 1.28907
8.252615e-008 1.31428
8.272615e-008 1.41406
8.292615e-008 1.43996
8.312615e-008 1.32602
8.332615e-008 1.21519
8.352615e-008 1.17548
8.372615e-008 1.17686
8.392615e-008 1.18826
8.412615e-008 1.14682
8.432615e-008 1.05187
8.452615e-008 1.02356
8.472615e-008 1.07984
8.492615e-008 1.12852
8.512615e-008 1.16754
8.532615e-008 1.17583
8.552615e-008 1.13336
8.572615e-008 1.14959
8.592615e-008 1.2145
8.612615e-008 1.20794
8.632615e-008 1.16063
8.652615e-008 1.13785
8.672615e-008 1.17997
8.692615e-008 1.33189
8.712615e-008 1.46654
8.732615e-008 1.42649
8.752615e-008 1.30289
8.772615e-008 1.24626
8.792615e-008 1.22693
8.812615e-008 1.18239
8.832615e-008 1.15062
8.852615e-008 1.14406
8.872615e-008 1.13025
8.892615e-008 1.11609
8.912615e-008 1.11575
8.932615e-008 1.12058
8.952615e-008 1.11092
8.972615e-008 1.08398
8.992615e-008 1.07846
9.012615e-008 1.10781
9.032615e-008 1.12991
9.052615e-008 1.13785
9.072615e-008 1.14406
9.092615e-008 1.14441
9.112615e-008 1.16409
9.132615e-008 1.19274
9.152615e-008 1.19551
9.172615e-008 1.19758
9.192615e-008 1.17617
9.212615e-008 1.13577
9.232615e-008 1.18377
9.252615e-008 1.24764
9.272615e-008 1.19585
9.292615e-008 1.13474
9.312615e-008 1.12335
9.332615e-008 1.08571
9.352615e-008 1.04221
9.372615e-008 1.05153
9.392615e-008 1.10194
9.412615e-008 1.15822
9.432615e-008 1.1596
9.452615e-008 1.1192
9.472615e-008 1.12852
9.492615e-008 1.16823
9.512615e-008 1.17755
9.532615e-008 1.1665
9.552615e-008 1.16063
9.572615e-008 1.17375
9.592615e-008 1.19102
9.612615e-008 1.15925
9.632615e-008 1.08778
9.652615e-008 1.04255
9.672615e-008 1.01907
9.692615e-008 1.01458
9.712615e-008 1.05256
9.732615e-008 1.07777
9.752615e-008 1.08329
9.772615e-008 1.15338
9.792615e-008 1.23107
9.812615e-008 1.2107
9.832615e-008 1.17755
9.852615e-008 1.17617
9.872615e-008 1.15442
9.892615e-008 1.22244
9.912615e-008 1.36296
9.932615e-008 1.37505
9.952615e-008 1.28666
9.972615e-008 1.20172
9.992615e-008 1.12852
1.001262e-007 1.12058
1.003262e-007 1.20725
1.005262e-007 1.29218
1.007262e-007 1.26801
1.009262e-007 1.16581
1.011262e-007 1.10953
1.013262e-007 1.1375
1.015262e-007 1.17514
1.017262e-007 1.18722
1.019262e-007 1.17824
1.021262e-007 1.13957
1.023262e-007 1.12956
1.025262e-007 1.19482
1.027262e-007 1.27388
1.029262e-007 1.29909
1.031262e-007 1.25938
1.033262e-007 1.20621
1.035262e-007 1.18135
1.037262e-007 1.16892
1.039262e-007 1.15028
1.041262e-007 1.11471
1.043262e-007 1.06534
1.045262e-007 1.0498
1.047262e-007 1.12645
1.049262e-007 1.23349
1.051262e-007 1.23107
1.053262e-007 1.12818
1.055262e-007 1.04255
1.057262e-007 1.01769
1.059262e-007 1.05878
1.061262e-007 1.13405
1.063262e-007 1.13301
1.065262e-007 1.07397
1.067262e-007 1.06741
1.069262e-007 1.06465
1.071262e-007 1.0208
1.073262e-007 1.02805
1.075262e-007 1.10125
1.077262e-007 1.15511
1.079262e-007 1.17997
1.081262e-007 1.18204
1.083262e-007 1.16443
1.085262e-007 1.19136
1.087262e-007 1.22865
1.089262e-007 1.17686
1.091262e-007 1.05878
1.093262e-007 1.00561
1.095262e-007 1.1047
1.097262e-007 1.25282
1.099262e-007 1.29909
1.101262e-007 1.27492
1.103262e-007 1.2763
1.105262e-007 1.2435
1.107262e-007 1.13267
1.109262e-007 1.12818
1.111262e-007 1.26422
1.113262e-007 1.3419
1.115262e-007 1.34087
1.117262e-007 1.2946
1.119262e-007 1.18342
1.121262e-007 1.08571
1.123262e-007 1.04704
1.125262e-007 1.02253
1.127262e-007 1.00285
1.129262e-007 1.01493
1.131262e-007 1.03634
1.133262e-007 1.06051
1.135262e-007 1.13785
1.137262e-007 1.25455
1.139262e-007 1.30012
1.141262e-007 1.2214
1.143262e-007 1.1375
1.145262e-007 1.18239
1.147262e-007 1.3022
1.149262e-007 1.37919
1.151262e-007 1.37436
1.153262e-007 1.29391
1.155262e-007 1.19413
1.157262e-007 1.15615
1.159262e-007 1.19861
1.161262e-007 1.25662
1.163262e-007 1.28182
1.165262e-007 1.28148
1.167262e-007 1.24143
1.169262e-007 1.1848
1.171262e-007 1.17997
1.173262e-007 1.20828
1.175262e-007 1.22934
1.177262e-007 1.22589
1.179262e-007 1.1634
1.181262e-007 1.08916
1.183262e-007 1.11886
1.185262e-007 1.25248
1.187262e-007 1.37263
1.189262e-007 1.40992
1.191262e-007 1.37263
1.193262e-007 1.27354
1.195262e-007 1.12335
1.197262e-007 0.986273
1.199262e-007 0.957961
1.201262e-007 1.01493
1.203262e-007 1.04048
1.205262e-007 0.994904
1.207262e-007 0.960723
1.209262e-007 1.02115
1.211262e-007 1.10746
1.213262e-007 1.09227
1.215262e-007 1.01389
1.217262e-007 0.984201
1.219262e-007 0.980403
1.221262e-007 0.965556
1.223262e-007 0.960723
1.225262e-007 0.93172
1.227262e-007 0.890288
1.229262e-007 0.929994
1.231262e-007 1.00146
1.233262e-007 1.02115
1.235262e-007 1.0795
1.237262e-007 1.17134
1.239262e-007 1.18204
1.241262e-007 1.15442
1.243262e-007 1.13301
1.245262e-007 1.11402
1.247262e-007 1.13647
1.249262e-007 1.18308
1.251262e-007 1.23383
1.253262e-007 1.24626
1.255262e-007 1.16788
1.257262e-007 1.13819
1.259262e-007 1.24384
1.261262e-007 1.32153
1.263262e-007 1.287
1.265262e-007 1.23936
1.267262e-007 1.22693
1.269262e-007 1.19551
1.271262e-007 1.12196
1.273262e-007 1.07501
1.275262e-007 1.10643
1.277262e-007 1.15373
1.279262e-007 1.14648
1.281262e-007 1.11644
1.283262e-007 1.12127
1.285262e-007 1.15546
1.287262e-007 1.16478
1.289262e-007 1.15546
1.291262e-007 1.18273
1.293262e-007 1.2069
1.295262e-007 1.20483
1.297262e-007 1.2397
1.299262e-007 1.31877
1.301262e-007 1.40957
1.303262e-007 1.45688
1.305262e-007 1.39922
1.307262e-007 1.31014
1.309262e-007 1.31324
1.311262e-007 1.38817
1.313262e-007 1.42131
1.315262e-007 1.35088
1.317262e-007 1.24039
1.319262e-007 1.16374
1.321262e-007 1.13163
1.323262e-007 1.1558
1.325262e-007 1.22796
1.327262e-007 1.30841
1.329262e-007 1.36538
1.331262e-007 1.40129
1.333262e-007 1.40681
1.335262e-007 1.37539
1.337262e-007 1.36365
1.339262e-007 1.36055
1.341262e-007 1.34087
1.343262e-007 1.33465
1.345262e-007 1.29633
1.347262e-007 1.24074
1.349262e-007 1.25731
1.351262e-007 1.30392
1.353262e-007 1.33396
1.355262e-007 1.36055
1.357262e-007 1.33845
1.359262e-007 1.26767
1.361262e-007 1.23003
1.363262e-007 1.24246
1.365262e-007 1.2908
1.367262e-007 1.37815
1.369262e-007 1.42373
1.371262e-007 1.38748
1.373262e-007 1.33914
1.375262e-007 1.29356
1.377262e-007 1.29425
1.379262e-007 1.3968
1.381262e-007 1.45239
1.383262e-007 1.35778
1.385262e-007 1.31911
1.387262e-007 1.43996
1.389262e-007 1.51488
1.391262e-007 1.4517
1.393262e-007 1.36296
1.395262e-007 1.35744
1.397262e-007 1.44065
1.399262e-007 1.47932
1.401262e-007 1.41855
1.403262e-007 1.3861
1.405262e-007 1.44203
1.407262e-007 1.52558
1.409262e-007 1.62053
1.411262e-007 1.66818
1.413262e-007 1.58739
1.415262e-007 1.47966
1.417262e-007 1.47345
1.419262e-007 1.51868
1.421262e-007 1.53318
1.423262e-007 1.52144
1.425262e-007 1.5356
1.427262e-007 1.57772
1.429262e-007 1.56495
1.431262e-007 1.50211
1.433262e-007 1.50798
1.435262e-007 1.57634
1.437262e-007 1.60672
1.439262e-007 1.59257
1.441262e-007 1.54596
1.443262e-007 1.49244
1.445262e-007 1.49037
1.447262e-007 1.52973
1.449262e-007 1.57496
1.451262e-007 1.57599
1.453262e-007 1.48484
1.455262e-007 1.42166
1.457262e-007 1.50936
1.459262e-007 1.62537
1.461262e-007 1.65333
1.463262e-007 1.63435
1.465262e-007 1.61052
1.467262e-007 1.62088
1.469262e-007 1.68717
1.471262e-007 1.73827
1.473262e-007 1.69926
1.475262e-007 1.64747
1.477262e-007 1.69995
1.479262e-007 1.76866
1.481262e-007 1.74967
1.483262e-007 1.71963
1.485262e-007 1.70754
1.487262e-007 1.64816
1.489262e-007 1.56564
1.491262e-007 1.54768
1.493262e-007 1.59119
1.495262e-007 1.61052
1.497262e-007 1.57876
1.499262e-007 1.54043
1.501262e-007 1.5394
1.503262e-007 1.61743
1.505262e-007 1.73068
1.507262e-007 1.77418
1.509262e-007 1.77211
1.511262e-007 1.82459
1.513262e-007 1.87742
1.515262e-007 1.80042
1.517262e-007 1.70133
1.519262e-007 1.74069
1.521262e-007 1.77694
1.523262e-007 1.71756
1.525262e-007 1.6851
1.527262e-007 1.69649
1.529262e-007 1.67785
1.531262e-007 1.61156
1.533262e-007 1.58497
1.535262e-007 1.62122
1.537262e-007 1.60845
1.539262e-007 1.62295
1.541262e-007 1.76451
1.543262e-007 1.79697
1.545262e-007 1.63676
1.547262e-007 1.59602
1.549262e-007 1.6958
1.551262e-007 1.70754
1.553262e-007 1.69546
1.555262e-007 1.73413
1.557262e-007 1.74103
1.559262e-007 1.74
1.561262e-007 1.74932
1.563262e-007 1.74207
1.565262e-007 1.79075
1.567262e-007 1.88708
1.569262e-007 1.90227
1.571262e-007 1.81941
1.573262e-007 1.70098
1.575262e-007 1.63642
1.577262e-007 1.69822
1.579262e-007 1.80456
1.581262e-007 1.8933
1.583262e-007 1.97409
1.585262e-007 1.9841
1.587262e-007 1.98272
1.589262e-007 2.05765
1.591262e-007 2.02968
1.593262e-007 1.86188
1.595262e-007 1.79455
1.597262e-007 1.82079
1.599262e-007 1.8056
1.601262e-007 1.79938
1.603262e-007 1.79282
1.605262e-007 1.74863
1.607262e-007 1.74656
1.609262e-007 1.7835
1.611262e-007 1.80629
1.613262e-007 1.81181
1.615262e-007 1.78454
1.617262e-007 1.75208
1.619262e-007 1.78385
1.621262e-007 1.8491
1.623262e-007 1.90297
1.625262e-007 2.00758
1.627262e-007 2.09183
1.629262e-007 2.03002
1.631262e-007 1.95924
1.633262e-007 1.98203
1.635262e-007 2.0138
1.637262e-007 2.0466
1.639262e-007 2.08009
1.641262e-007 2.08043
1.643262e-007 2.05868
1.645262e-007 2.01932
1.647262e-007 2.0138
1.649262e-007 2.09079
1.651262e-007 2.15121
1.653262e-007 2.09977
1.655262e-007 2.04107
1.657262e-007 2.03037
1.659262e-007 2.00275
1.661262e-007 2.0062
1.663262e-007 2.02795
1.665262e-007 1.95717
1.667262e-007 1.87016
1.669262e-007 1.89951
1.671262e-007 2.03728
1.673262e-007 2.16951
1.675262e-007 2.15501
1.677262e-007 2.00793
1.679262e-007 1.90124
1.681262e-007 1.92852
1.683262e-007 2.03728
1.685262e-007 2.13809
1.687262e-007 2.13395
1.689262e-007 2.04487
1.691262e-007 2.01863
1.693262e-007 2.05316
1.695262e-007 2.039
1.697262e-007 2.00965
1.699262e-007 2.00586
1.701262e-007 1.99308
1.703262e-007 2.01069
1.705262e-007 2.02139
1.707262e-007 1.94198
1.709262e-007 1.92196
1.711262e-007 2.0207
1.713262e-007 2.08147
1.715262e-007 2.09839
1.717262e-007 2.09632
1.719262e-007 2.03693
1.721262e-007 1.99584
1.723262e-007 2.02485
1.725262e-007 2.08078
1.727262e-007 2.14258
1.729262e-007 2.16641
1.731262e-007 2.13222
1.733262e-007 2.13533
1.735262e-007 2.16054
1.737262e-007 2.11254
1.739262e-007 2.11945
1.741262e-007 2.26032
1.743262e-007 2.35941
1.745262e-007 2.30969
1.747262e-007 2.19575
1.749262e-007 2.17746
1.751262e-007 2.23304
1.753262e-007 2.17884
1.755262e-007 2.09563
1.757262e-007 2.17573
1.759262e-007 2.29726
1.761262e-007 2.28587
1.763262e-007 2.23995
1.765262e-007 2.25411
1.767262e-007 2.24271
1.769262e-007 2.19921
1.771262e-007 2.1999
1.773262e-007 2.24824
1.775262e-007 2.30693
1.777262e-007 2.30969
1.779262e-007 2.2579
1.781262e-007 2.24098
1.783262e-007 2.25411
1.785262e-007 2.25203
1.787262e-007 2.27896
1.789262e-007 2.34388
1.791262e-007 2.37806
1.793262e-007 2.35631
1.795262e-007 2.29485
1.797262e-007 2.23891
1.799262e-007 2.24133
1.801262e-007 2.26067
1.803262e-007 2.26446
1.805262e-007 2.29174
1.807262e-007 2.32212
1.809262e-007 2.32281
1.811262e-007 2.29105
1.813262e-007 2.24824
1.815262e-007 2.24478
1.817262e-007 2.25825
1.819262e-007 2.25203
1.821262e-007 2.29934
1.823262e-007 2.40568
1.825262e-007 2.46852
1.827262e-007 2.51824
1.829262e-007 2.58142
1.831262e-007 2.55449
1.833262e-007 2.43641
1.835262e-007 2.34215
1.837262e-007 2.33006
1.839262e-007 2.36735
1.841262e-007 2.39256
1.843262e-007 2.38703
1.845262e-007 2.37737
1.847262e-007 2.34388
1.849262e-007 2.29208
1.851262e-007 2.28622
1.853262e-007 2.3128
1.855262e-007 2.28967
1.857262e-007 2.19575
1.859262e-007 2.15052
1.861262e-007 2.25583
1.863262e-007 2.43641
1.865262e-007 2.5355
1.867262e-007 2.48509
1.869262e-007 2.42674
1.871262e-007 2.46058
1.873262e-007 2.47024
1.875262e-007 2.44849
1.877262e-007 2.49303
1.879262e-007 2.54931
1.881262e-007 2.55207
1.883262e-007 2.54448
1.885262e-007 2.56485
1.887262e-007 2.57452
1.889262e-007 2.53757
1.891262e-007 2.45643
1.893262e-007 2.35492
1.895262e-007 2.29381
1.897262e-007 2.31798
1.899262e-007 2.42156
1.901262e-007 2.54482
1.903262e-007 2.61595
1.905262e-007 2.60973
1.907262e-007 2.53101
1.909262e-007 2.45402
1.911262e-007 2.4775
1.913262e-007 2.58764
1.915262e-007 2.65842
1.917262e-007 2.59972
1.919262e-007 2.5027
1.921262e-007 2.48198
1.923262e-007 2.48647
1.925262e-007 2.48164
1.927262e-007 2.49925
1.929262e-007 2.50753
1.931262e-007 2.52549
1.933262e-007 2.55104
1.935262e-007 2.4882
1.937262e-007 2.41397
1.939262e-007 2.4775
1.941262e-007 2.62251
1.943262e-007 2.63632
1.945262e-007 2.47024
1.947262e-007 2.39083
1.949262e-007 2.52238
1.951262e-007 2.68984
1.953262e-007 2.7841
1.955262e-007 2.75993
1.957262e-007 2.62458
1.959262e-007 2.56761
1.961262e-007 2.69467
1.963262e-007 2.8314
1.965262e-007 2.77615
1.967262e-007 2.60214
1.969262e-007 2.50097
1.971262e-007 2.4951
1.973262e-007 2.53516
1.975262e-007 2.59178
1.977262e-007 2.67257
1.979262e-007 2.77961
1.981262e-007 2.82138
1.983262e-007 2.76683
1.985262e-007 2.7033
1.987262e-007 2.71366
1.989262e-007 2.79307
1.991262e-007 2.83658
1.993262e-007 2.79031
1.995262e-007 2.76096
1.997262e-007 2.8017
1.999262e-007 2.81413
2.001262e-007 2.79169
2.003262e-007 2.78064
2.005262e-007 2.74197
2.007262e-007 2.72091
2.009262e-007 2.74922
2.011262e-007 2.7109
2.013262e-007 2.59938
2.015262e-007 2.5866
2.017262e-007 2.68707
2.019262e-007 2.71193
2.021262e-007 2.64012
2.023262e-007 2.57659
2.025262e-007 2.54897
2.027262e-007 2.59282
2.029262e-007 2.68155
2.031262e-007 2.71711
2.033262e-007 2.70952
2.035262e-007 2.69674
2.037262e-007 2.7071
2.039262e-007 2.80239
2.041262e-007 2.89631
2.043262e-007 2.85108
2.045262e-007 2.78202
2.047262e-007 2.78893
2.049262e-007 2.76027
2.051262e-007 2.73472
2.053262e-007 2.76959
2.055262e-007 2.74612
2.057262e-007 2.70296
2.059262e-007 2.76303
2.061262e-007 2.85315
2.063262e-007 2.83934
2.065262e-007 2.72713
2.067262e-007 2.67464
2.069262e-007 2.77305
2.071262e-007 2.91012
2.073262e-007 2.96329
2.075262e-007 2.94603
2.077262e-007 2.91392
2.079262e-007 2.8566
2.081262e-007 2.78237
2.083262e-007 2.8093
2.085262e-007 2.93118
2.087262e-007 2.96087
2.089262e-007 2.87317
2.091262e-007 2.80309
2.093262e-007 2.77926
2.095262e-007 2.79376
2.097262e-007 2.89251
2.099262e-007 3.00783
2.101262e-007 3.00127
2.103262e-007 2.89458
2.105262e-007 2.8528
2.107262e-007 2.93153
2.109262e-007 2.99264
2.111262e-007 2.97261
2.113262e-007 2.92427
2.115262e-007 2.88388
2.117262e-007 2.91979
2.119262e-007 2.98884
2.121262e-007 2.97676
2.123262e-007 2.9702
2.125262e-007 3.06169
2.127262e-007 3.09553
2.129262e-007 3.01888
2.131262e-007 3.02682
2.133262e-007 3.09104
2.135262e-007 2.98815
2.137262e-007 2.8093
2.139262e-007 2.85246
2.141262e-007 3.08206
2.143262e-007 3.20532
2.145262e-007 3.16562
2.147262e-007 3.16873
2.149262e-007 3.26471
2.151262e-007 3.28474
2.153262e-007 3.19117
2.155262e-007 3.06756
2.157262e-007 2.97227
2.159262e-007 2.95949
2.161262e-007 3.04063
2.163262e-007 3.13558
2.165262e-007 3.09484
2.167262e-007 2.89596
2.169262e-007 2.79066
2.171262e-007 2.95639
2.173262e-007 3.14387
2.175262e-007 3.1121
2.177262e-007 3.02717
2.179262e-007 3.05893
2.181262e-007 3.12177
2.183262e-007 3.17252
2.185262e-007 3.24469
2.187262e-007 3.24227
2.189262e-007 3.14041
2.191262e-007 3.0755
2.193262e-007 3.0686
2.195262e-007 3.05375
2.197262e-007 3.05997
2.199262e-007 3.07827
2.201262e-007 3.05997
2.203262e-007 3.07999
2.205262e-007 3.1487
2.207262e-007 3.13178
2.209262e-007 3.0686
2.211262e-007 3.07723
2.213262e-007 3.08068
2.215262e-007 3.01128
2.217262e-007 2.93187
2.219262e-007 2.95155
2.221262e-007 3.08344
2.223262e-007 3.19531
2.225262e-007 3.19773
2.227262e-007 3.10727
2.229262e-007 3.0244
2.231262e-007 3.06135
2.233262e-007 3.17805
2.235262e-007 3.24572
2.237262e-007 3.27127
2.239262e-007 3.25919
2.241262e-007 3.17149
2.243262e-007 3.12453
2.245262e-007 3.12902
2.247262e-007 3.09035
2.249262e-007 3.11763
2.251262e-007 3.26126
2.253262e-007 3.35414
2.255262e-007 3.31305
2.257262e-007 3.21499
2.259262e-007 3.16631
2.261262e-007 3.22742
2.263262e-007 3.31788
2.265262e-007 3.32513
2.267262e-007 3.31857
2.269262e-007 3.40386
2.271262e-007 3.47947
2.273262e-007 3.44149
2.275262e-007 3.39281
2.277262e-007 3.38107
2.279262e-007 3.33929
2.281262e-007 3.26195
2.283262e-007 3.20671
2.285262e-007 3.2143
2.287262e-007 3.26747
2.289262e-007 3.34654
2.291262e-007 3.38763
2.293262e-007 3.31995
2.295262e-007 3.22984
2.297262e-007 3.23536
2.299262e-007 3.34447
2.301262e-007 3.45357
2.303262e-007 3.42975
2.305262e-007 3.2982
2.307262e-007 3.24296
2.309262e-007 3.33653
2.311262e-007 3.41767
2.313262e-007 3.36588
2.315262e-007 3.27783
2.317262e-007 3.25815
2.319262e-007 3.31443
2.321262e-007 3.42561
2.323262e-007 3.47533
2.325262e-007 3.41042
2.327262e-007 3.39488
2.329262e-007 3.437
2.331262e-007 3.38935
2.333262e-007 3.31374
2.335262e-007 3.28439
2.337262e-007 3.25677
2.339262e-007 3.23364
2.341262e-007 3.22362
2.343262e-007 3.19531
2.345262e-007 3.18806
2.347262e-007 3.27231
2.349262e-007 3.37934
2.351262e-007 3.42906
2.353262e-007 3.43148
2.355262e-007 3.36346
2.357262e-007 3.26402
2.359262e-007 3.27645
2.361262e-007 3.38038
2.363262e-007 3.4301
2.365262e-007 3.41007
2.367262e-007 3.34447
2.369262e-007 3.2982
2.371262e-007 3.38176
2.373262e-007 3.50157
2.375262e-007 3.50019
2.377262e-007 3.437
2.379262e-007 3.45219
2.381262e-007 3.53506
2.383262e-007 3.56682
2.385262e-007 3.51538
2.387262e-007 3.45599
2.389262e-007 3.44425
2.391262e-007 3.44943
2.393262e-007 3.44253
2.395262e-007 3.45979
2.397262e-007 3.47947
2.399262e-007 3.45772
2.401262e-007 3.46566
2.403262e-007 3.50951
2.405262e-007 3.5102
2.407262e-007 3.48396
2.409262e-007 3.44322
2.411262e-007 3.40593
2.413262e-007 3.42906
2.415262e-007 3.49259
2.417262e-007 3.57062
2.419262e-007 3.64037
2.421262e-007 3.649
2.423262e-007 3.60722
2.425262e-007 3.60308
2.427262e-007 3.66039
2.429262e-007 3.70251
2.431262e-007 3.70666
2.433262e-007 3.68387
2.435262e-007 3.59928
2.437262e-007 3.52435
2.439262e-007 3.55025
2.441262e-007 3.58374
2.443262e-007 3.53989
2.445262e-007 3.49155
2.447262e-007 3.5026
2.449262e-007 3.55577
2.451262e-007 3.58996
2.453262e-007 3.5613
2.455262e-007 3.51849
2.457262e-007 3.53713
2.459262e-007 3.58029
2.461262e-007 3.5758
2.463262e-007 3.55923
2.465262e-007 3.60031
2.467262e-007 3.6528
2.469262e-007 3.6231
2.471262e-007 3.58374
2.473262e-007 3.64831
2.475262e-007 3.71667
2.477262e-007 3.66108
2.479262e-007 3.54265
2.481262e-007 3.48051
2.483262e-007 3.52228
2.485262e-007 3.62103
2.487262e-007 3.67075
2.489262e-007 3.65314
2.491262e-007 3.61033
2.493262e-007 3.54887
2.495262e-007 3.5102
2.497262e-007 3.53955
2.499262e-007 3.58374
2.501262e-007 3.57615
2.503262e-007 3.53644
2.505262e-007 3.51607
2.507262e-007 3.56682
2.509262e-007 3.6559
2.511262e-007 3.64589
2.513262e-007 3.53506
2.515262e-007 3.49224
2.517262e-007 3.58305
2.519262e-007 3.69181
2.521262e-007 3.70597
