-4.78261e-008 10.0879
-4.76261e-008 10.0904
-4.74261e-008 9.99023
-4.72261e-008 9.98056
-4.70261e-008 10.003
-4.68261e-008 10.033
-4.66261e-008 10.0676
-4.64261e-008 10.0365
-4.62261e-008 10.0251
-4.60261e-008 10.0444
-4.58261e-008 10.0106
-4.56261e-008 9.96986
-4.54261e-008 9.96848
-4.52261e-008 10.0258
-4.50261e-008 10.11
-4.48261e-008 10.1073
-4.46261e-008 10.0337
-4.44261e-008 10.023
-4.42261e-008 10.0569
-4.40261e-008 10.0921
-4.38261e-008 10.1895
-4.36261e-008 10.2333
-4.34261e-008 10.127
-4.32261e-008 10.0334
-4.30261e-008 10.0196
-4.28261e-008 10.013
-4.26261e-008 9.97987
-4.24261e-008 9.916
-4.22261e-008 9.87284
-4.20261e-008 9.93499
-4.18261e-008 10.1007
-4.16261e-008 10.2212
-4.14261e-008 10.1718
-4.12261e-008 10.0614
-4.10261e-008 10.0455
-4.08261e-008 10.0893
-4.06261e-008 10.0741
-4.04261e-008 9.98678
-4.02261e-008 9.94189
-4.00261e-008 9.95778
-3.98261e-008 9.94397
-3.96261e-008 9.91013
-3.94261e-008 9.90426
-3.92261e-008 9.93568
-3.90261e-008 10.0458
-3.88261e-008 10.214
-3.86261e-008 10.3093
-3.84261e-008 10.2844
-3.82261e-008 10.1919
-3.80261e-008 10.1066
-3.78261e-008 10.0776
-3.76261e-008 10.0299
-3.74261e-008 9.9671
-3.72261e-008 10.0161
-3.70261e-008 10.0873
-3.68261e-008 10.0047
-3.66261e-008 9.8756
-3.64261e-008 9.85212
-3.62261e-008 9.88872
-3.60261e-008 9.92739
-3.58261e-008 9.97055
-3.56261e-008 10.0161
-3.54261e-008 10.061
-3.52261e-008 10.1049
-3.50261e-008 10.1487
-3.48261e-008 10.1712
-3.46261e-008 10.1207
-3.44261e-008 10.0199
-3.42261e-008 9.99368
-3.40261e-008 10.0848
-3.38261e-008 10.1667
-3.36261e-008 10.128
-3.34261e-008 10.0113
-3.32261e-008 9.91151
-3.30261e-008 9.89632
-3.28261e-008 9.94569
-3.26261e-008 9.99783
-3.24261e-008 10.0299
-3.22261e-008 9.99092
-3.20261e-008 9.90184
-3.18261e-008 9.91911
-3.16261e-008 10.0434
-3.14261e-008 10.0883
-3.12261e-008 10.0261
-3.10261e-008 9.9816
-3.08261e-008 9.99023
-3.06261e-008 10.0292
-3.04261e-008 10.0817
-3.02261e-008 10.0859
-3.00261e-008 10.0151
-2.98261e-008 9.95778
-2.96261e-008 9.97504
-2.94261e-008 10.0106
-2.92261e-008 10.0254
-2.90261e-008 10.0403
-2.88261e-008 10.0299
-2.86261e-008 9.98885
-2.84261e-008 10.0006
-2.82261e-008 10.0631
-2.80261e-008 10.09
-2.78261e-008 10.0658
-2.76261e-008 9.99541
-2.74261e-008 9.92601
-2.72261e-008 9.9381
-2.70261e-008 9.99783
-2.68261e-008 9.97918
-2.66261e-008 9.86421
-2.64261e-008 9.81104
-2.62261e-008 9.86697
-2.60261e-008 9.92359
-2.58261e-008 9.98678
-2.56261e-008 10.0769
-2.54261e-008 10.1087
-2.52261e-008 10.0779
-2.50261e-008 10.0693
-2.48261e-008 10.0897
-2.46261e-008 10.0879
-2.44261e-008 10.0469
-2.42261e-008 10.012
-2.40261e-008 10.0258
-2.38261e-008 10.042
-2.36261e-008 10.0196
-2.34261e-008 9.97366
-2.32261e-008 9.89045
-2.30261e-008 9.80102
-2.28261e-008 9.8321
-2.26261e-008 9.9816
-2.24261e-008 10.1062
-2.22261e-008 10.1504
-2.20261e-008 10.1466
-2.18261e-008 10.1442
-2.16261e-008 10.1463
-2.14261e-008 10.1149
-2.12261e-008 10.0707
-2.10261e-008 10.0451
-2.08261e-008 10.0403
-2.06261e-008 10.0358
-2.04261e-008 9.99161
-2.02261e-008 9.92325
-2.00261e-008 9.92636
-1.98261e-008 10.0058
-1.96261e-008 10.0189
-1.94261e-008 9.98367
-1.92261e-008 10.0672
-1.90261e-008 10.1967
-1.88261e-008 10.1881
-1.86261e-008 10.0859
-1.84261e-008 10.0144
-1.82261e-008 10.0047
-1.80261e-008 10.0462
-1.78261e-008 10.0724
-1.76261e-008 10.0009
-1.74261e-008 9.88044
-1.72261e-008 9.80033
-1.70261e-008 9.73818
-1.68261e-008 9.71988
-1.66261e-008 9.7993
-1.64261e-008 9.88596
-1.62261e-008 9.89735
-1.60261e-008 9.8939
-1.58261e-008 9.94604
-1.56261e-008 10.0199
-1.54261e-008 10.0482
-1.52261e-008 10.022
-1.50261e-008 10.0265
-1.48261e-008 10.0824
-1.46261e-008 10.0665
-1.44261e-008 9.98609
-1.42261e-008 9.94431
-1.40261e-008 9.92567
-1.38261e-008 9.92118
-1.36261e-008 9.92498
-1.34261e-008 9.91634
-1.32261e-008 9.9557
-1.30261e-008 10.0486
-1.28261e-008 10.1207
-1.26261e-008 10.1242
-1.24261e-008 10.0911
-1.22261e-008 10.1242
-1.20261e-008 10.1808
-1.18261e-008 10.1107
-1.16261e-008 9.95778
-1.14261e-008 9.87802
-1.12261e-008 9.89287
-1.10261e-008 9.94397
-1.08261e-008 9.98643
-1.06261e-008 9.97193
-1.04261e-008 9.96399
-1.02261e-008 10.0444
-1.00261e-008 10.0962
-9.82606e-009 10.052
-9.62606e-009 10.0092
-9.42606e-009 9.97987
-9.22606e-009 9.95087
-9.02606e-009 9.96123
-8.82606e-009 9.9526
-8.62606e-009 9.93395
-8.42606e-009 10.0182
-8.22606e-009 10.1087
-8.02606e-009 10.0648
-7.82606e-009 9.99748
-7.62606e-009 10.004
-7.42606e-009 10.0185
-7.22606e-009 10.0082
-7.02606e-009 10.0103
-6.82606e-009 10.0482
-6.62606e-009 10.0817
-6.42606e-009 10.0579
-6.22606e-009 10.0061
-6.02606e-009 9.96503
-5.82606e-009 9.89287
-5.62606e-009 9.81552
-5.42606e-009 9.86835
-5.22606e-009 9.9999
-5.02606e-009 10.0344
-4.82606e-009 10.0327
-4.62606e-009 10.0676
-4.42606e-009 10.0375
-4.22606e-009 9.9709
-4.02606e-009 9.9816
-3.82606e-009 10.0306
-3.62606e-009 10.0196
-3.42606e-009 9.97642
-3.22606e-009 9.97815
-3.02606e-009 9.99403
-2.82606e-009 9.97573
-2.62606e-009 9.97469
-2.42606e-009 10.0469
-2.22606e-009 10.1263
-2.02606e-009 10.0835
-1.82606e-009 9.85696
-1.62606e-009 9.38221
-1.42606e-009 8.5798
-1.22606e-009 7.53053
-1.02606e-009 6.35454
-8.2606e-010 5.11674
-6.2606e-010 4.00428
-4.2606e-010 3.17218
-2.2606e-010 2.59627
-2.60597e-011 2.21785
1.7394e-010 1.93231
3.7394e-010 1.68061
5.7394e-010 1.54354
7.7394e-010 1.49175
9.7394e-010 1.41752
1.17394e-009 1.36296
1.37394e-009 1.36918
1.57394e-009 1.41096
1.77394e-009 1.45377
1.97394e-009 1.41026
2.17394e-009 1.29356
2.37394e-009 1.23763
2.57394e-009 1.21588
2.77394e-009 1.1596
2.97394e-009 1.13543
3.17394e-009 1.19067
3.37394e-009 1.31462
3.57394e-009 1.43478
3.77394e-009 1.43305
3.97394e-009 1.31601
4.17394e-009 1.23659
4.37394e-009 1.26249
4.57394e-009 1.32947
4.77394e-009 1.38437
4.97394e-009 1.36883
5.17394e-009 1.25835
5.37394e-009 1.15131
5.57394e-009 1.14303
5.77394e-009 1.23038
5.97394e-009 1.35813
6.17394e-009 1.42477
6.37394e-009 1.393
6.57394e-009 1.38368
6.77394e-009 1.39404
6.97394e-009 1.29115
7.17394e-009 1.18584
7.37394e-009 1.22037
7.57394e-009 1.26732
7.77394e-009 1.25662
7.97394e-009 1.25869
8.17394e-009 1.24315
8.37394e-009 1.20379
8.57394e-009 1.2397
8.77394e-009 1.32049
8.97394e-009 1.32291
9.17394e-009 1.28459
9.37394e-009 1.29494
9.57394e-009 1.258
9.77394e-009 1.13129
9.97394e-009 1.10125
1.01739e-008 1.19033
1.03739e-008 1.21726
1.05739e-008 1.19309
1.07739e-008 1.21035
1.09739e-008 1.20448
1.11739e-008 1.11886
1.13739e-008 1.04842
1.15739e-008 1.08778
1.17739e-008 1.15684
1.19739e-008 1.17514
1.21739e-008 1.20103
1.23739e-008 1.28182
1.25739e-008 1.37746
1.27739e-008 1.38161
1.29739e-008 1.28562
1.31739e-008 1.17755
1.33739e-008 1.08813
1.35739e-008 1.09365
1.37739e-008 1.22278
1.39739e-008 1.33879
1.41739e-008 1.36469
1.43739e-008 1.33534
1.45739e-008 1.287
1.47739e-008 1.23797
1.49739e-008 1.16167
1.51739e-008 1.04255
1.53739e-008 1.00561
1.55739e-008 1.13232
1.57739e-008 1.27285
1.59739e-008 1.28493
1.61739e-008 1.18722
1.63739e-008 1.06638
1.65739e-008 1.02805
1.67739e-008 1.08847
1.69739e-008 1.1192
1.71739e-008 1.11782
1.73739e-008 1.20586
1.75739e-008 1.27078
1.77739e-008 1.18446
1.79739e-008 1.0795
1.81739e-008 1.05464
1.83739e-008 1.08191
1.85739e-008 1.12956
1.87739e-008 1.17893
1.89739e-008 1.22313
1.91739e-008 1.22209
1.93739e-008 1.1306
1.95739e-008 1.03565
1.97739e-008 1.0467
1.99739e-008 1.11506
2.01739e-008 1.12093
2.03739e-008 1.05464
2.05739e-008 1.0208
2.07739e-008 1.08813
2.09739e-008 1.17583
2.11739e-008 1.13716
2.13739e-008 1.00664
2.15739e-008 0.945531
2.17739e-008 0.992833
2.19739e-008 1.08157
2.21739e-008 1.13681
2.23739e-008 1.12507
2.25739e-008 1.07086
2.27739e-008 1.02563
2.29739e-008 1.02943
2.31739e-008 1.05636
2.33739e-008 1.04117
2.35739e-008 1.01528
2.37739e-008 1.06707
2.39739e-008 1.14855
2.41739e-008 1.13508
2.43739e-008 1.02598
2.45739e-008 0.930339
2.47739e-008 0.947602
2.49739e-008 1.0612
2.51739e-008 1.14579
2.53739e-008 1.13405
2.55739e-008 1.08122
2.57739e-008 1.05878
2.59739e-008 1.05912
2.61739e-008 1.05498
2.63739e-008 1.06327
2.65739e-008 1.07881
2.67739e-008 1.08088
2.69739e-008 1.05464
2.71739e-008 0.990416
2.73739e-008 0.967283
2.75739e-008 1.04704
2.77739e-008 1.11402
2.79739e-008 1.06361
2.81739e-008 0.9697
2.83739e-008 0.946912
2.85739e-008 1.04808
2.87739e-008 1.18653
2.89739e-008 1.21829
2.91739e-008 1.18239
2.93739e-008 1.17341
2.95739e-008 1.18446
2.97739e-008 1.17962
2.99739e-008 1.12991
3.01739e-008 1.07121
3.03739e-008 1.05809
3.05739e-008 1.10608
3.07739e-008 1.17997
3.09739e-008 1.15511
3.11739e-008 1.00077
3.13739e-008 0.89374
3.15739e-008 0.94484
3.17739e-008 1.01838
3.19739e-008 1.00008
3.21739e-008 1.00112
3.23739e-008 1.08709
3.25739e-008 1.12645
3.27739e-008 1.06534
3.29739e-008 1.03254
3.31739e-008 1.08847
3.33739e-008 1.13957
3.35739e-008 1.15753
3.37739e-008 1.17962
3.39739e-008 1.17134
3.41739e-008 1.13923
3.43739e-008 1.13198
3.45739e-008 1.14061
3.47739e-008 1.15649
3.49739e-008 1.13647
3.51739e-008 1.06983
3.53739e-008 1.02149
3.55739e-008 0.963485
3.57739e-008 0.914802
3.59739e-008 0.983511
3.61739e-008 1.05567
3.63739e-008 1.02115
3.65739e-008 1.00699
3.67739e-008 1.03875
3.69739e-008 1.0429
3.71739e-008 1.05429
3.73739e-008 1.0574
3.75739e-008 1.00008
3.77739e-008 0.935863
3.79739e-008 0.945531
3.81739e-008 1.03599
3.83739e-008 1.11609
3.85739e-008 1.11126
3.87739e-008 1.0612
3.89739e-008 1.03772
3.91739e-008 1.06914
3.93739e-008 1.08709
3.95739e-008 1.03737
3.97739e-008 1.01493
3.99739e-008 1.04739
4.01739e-008 1.04359
4.03739e-008 0.975224
4.05739e-008 0.910313
4.07739e-008 0.934482
4.09739e-008 1.04083
4.11739e-008 1.17548
4.13739e-008 1.27147
4.15739e-008 1.23694
4.17739e-008 1.11817
4.19739e-008 1.04911
4.21739e-008 1.07846
4.23739e-008 1.14268
4.25739e-008 1.152
4.27739e-008 1.14337
4.29739e-008 1.18273
4.31739e-008 1.18895
4.33739e-008 1.08916
4.35739e-008 0.977296
4.37739e-008 0.942769
4.39739e-008 0.935518
4.41739e-008 0.953127
4.43739e-008 1.02598
4.45739e-008 1.08813
4.47739e-008 1.15994
4.49739e-008 1.24074
4.51739e-008 1.18998
4.53739e-008 1.04704
4.55739e-008 1.01873
4.57739e-008 1.12507
4.59739e-008 1.18929
4.61739e-008 1.14993
4.63739e-008 1.10539
4.65739e-008 1.09572
4.67739e-008 1.09641
4.69739e-008 1.12058
4.71739e-008 1.16098
4.73739e-008 1.16616
4.75739e-008 1.13232
4.77739e-008 1.11989
4.79739e-008 1.14993
4.81739e-008 1.17479
4.83739e-008 1.13923
4.85739e-008 1.05326
4.87739e-008 1.03737
4.89739e-008 1.11678
4.91739e-008 1.14717
4.93739e-008 1.09538
4.95739e-008 1.09089
4.97739e-008 1.16374
4.99739e-008 1.15615
5.01739e-008 1.0612
5.03739e-008 1.06638
5.05739e-008 1.13508
5.07739e-008 1.13232
5.09739e-008 1.12818
5.11739e-008 1.17341
5.13739e-008 1.19067
5.15739e-008 1.16892
5.17739e-008 1.13474
5.19739e-008 1.10988
5.21739e-008 1.13474
5.23739e-008 1.14026
