-2.480337e-007 10.0945
-2.478337e-007 10.0714
-2.476337e-007 9.98436
-2.474337e-007 9.94224
-2.472337e-007 9.96952
-2.470337e-007 9.98056
-2.468337e-007 9.98402
-2.466337e-007 10.0258
-2.464337e-007 10.061
-2.462337e-007 10.08
-2.460337e-007 10.1622
-2.458337e-007 10.272
-2.456337e-007 10.2478
-2.454337e-007 10.1259
-2.452337e-007 10.0852
-2.450337e-007 10.1038
-2.448337e-007 10.0776
-2.446337e-007 10.0603
-2.444337e-007 10.0973
-2.442337e-007 10.1156
-2.440337e-007 10.0859
-2.438337e-007 10.0268
-2.436337e-007 9.96296
-2.434337e-007 9.95087
-2.432337e-007 9.97884
-2.430337e-007 9.99092
-2.428337e-007 10.0389
-2.426337e-007 10.1066
-2.424337e-007 10.0582
-2.422337e-007 9.97504
-2.420337e-007 9.95501
-2.418337e-007 9.93326
-2.416337e-007 9.9633
-2.414337e-007 10.0679
-2.412337e-007 10.1252
-2.410337e-007 10.0969
-2.408337e-007 10.0479
-2.406337e-007 10.032
-2.404337e-007 10.0545
-2.402337e-007 10.0776
-2.400337e-007 10.0437
-2.398337e-007 9.99196
-2.396337e-007 10.0196
-2.394337e-007 10.08
-2.392337e-007 10.0672
-2.390337e-007 10.0306
-2.388337e-007 10.0793
-2.386337e-007 10.1743
-2.384337e-007 10.1991
-2.382337e-007 10.1422
-2.380337e-007 10.0617
-2.378337e-007 10.0555
-2.376337e-007 10.2008
-2.374337e-007 10.3051
-2.372337e-007 10.168
-2.370337e-007 9.96744
-2.368337e-007 9.90771
-2.366337e-007 9.945
-2.364337e-007 9.95156
-2.362337e-007 9.92739
-2.360337e-007 9.99403
-2.358337e-007 10.1245
-2.356337e-007 10.1442
-2.354337e-007 9.97504
-2.352337e-007 9.78238
-2.350337e-007 9.85454
-2.348337e-007 10.108
-2.346337e-007 10.1739
-2.344337e-007 10.052
-2.342337e-007 9.99403
-2.340337e-007 10.0534
-2.338337e-007 10.1346
-2.336337e-007 10.1501
-2.334337e-007 10.1059
-2.332337e-007 10.0765
-2.330337e-007 10.0507
-2.328337e-007 9.9854
-2.326337e-007 9.97124
-2.324337e-007 10.0441
-2.322337e-007 10.0614
-2.320337e-007 9.99645
-2.318337e-007 9.98125
-2.316337e-007 10.0437
-2.314337e-007 10.1125
-2.312337e-007 10.1456
-2.310337e-007 10.1232
-2.308337e-007 10.04
-2.306337e-007 9.95501
-2.304337e-007 9.93361
-2.302337e-007 9.96537
-2.300337e-007 10.0141
-2.298337e-007 10.0513
-2.296337e-007 10.0475
-2.294337e-007 10.0234
-2.292337e-007 10.0175
-2.290337e-007 10.0023
-2.288337e-007 9.97677
-2.286337e-007 9.98402
-2.284337e-007 10.0065
-2.282337e-007 9.98885
-2.280337e-007 9.95294
-2.278337e-007 9.96952
-2.276337e-007 9.95501
-2.274337e-007 9.85558
-2.272337e-007 9.84902
-2.270337e-007 9.93671
-2.268337e-007 9.93395
-2.266337e-007 9.88941
-2.264337e-007 9.91082
-2.262337e-007 9.91255
-2.260337e-007 9.86041
-2.258337e-007 9.88596
-2.256337e-007 10.0448
-2.254337e-007 10.176
-2.252337e-007 10.1532
-2.250337e-007 10.1135
-2.248337e-007 10.1342
-2.246337e-007 10.0897
-2.244337e-007 10.0217
-2.242337e-007 10.0368
-2.240337e-007 10.0327
-2.238337e-007 9.95812
-2.236337e-007 9.91255
-2.234337e-007 9.88044
-2.232337e-007 9.85074
-2.230337e-007 9.92705
-2.228337e-007 9.9961
-2.226337e-007 9.91462
-2.224337e-007 9.88561
-2.222337e-007 10.0382
-2.220337e-007 10.1863
-2.218337e-007 10.1919
-2.216337e-007 10.0683
-2.214337e-007 9.88665
-2.212337e-007 9.77098
-2.210337e-007 9.80413
-2.208337e-007 9.91738
-2.206337e-007 9.99507
-2.204337e-007 10.0472
-2.202337e-007 10.1169
-2.200337e-007 10.1245
-2.198337e-007 10.0272
-2.196337e-007 9.92739
-2.194337e-007 9.91772
-2.192337e-007 9.98056
-2.190337e-007 10.0241
-2.188337e-007 10.0596
-2.186337e-007 10.1453
-2.184337e-007 10.1853
-2.182337e-007 10.0924
-2.180337e-007 9.97228
-2.178337e-007 9.98781
-2.176337e-007 10.0993
-2.174337e-007 10.1504
-2.172337e-007 10.1494
-2.170337e-007 10.1777
-2.168337e-007 10.2005
-2.166337e-007 10.1542
-2.164337e-007 10.0765
-2.162337e-007 10.0016
-2.160337e-007 9.93741
-2.158337e-007 9.93982
-2.156337e-007 9.98367
-2.154337e-007 9.974
-2.152337e-007 9.91116
-2.150337e-007 9.86145
-2.148337e-007 9.86697
-2.146337e-007 9.91772
-2.144337e-007 10.0078
-2.142337e-007 10.1301
-2.140337e-007 10.1953
-2.138337e-007 10.1874
-2.136337e-007 10.1863
-2.134337e-007 10.1473
-2.132337e-007 10.0579
-2.130337e-007 10.0517
-2.128337e-007 10.0921
-2.126337e-007 10.04
-2.124337e-007 9.9633
-2.122337e-007 9.94638
-2.120337e-007 9.8794
-2.118337e-007 9.76201
-2.116337e-007 9.79964
-2.114337e-007 9.99507
-2.112337e-007 10.1435
-2.110337e-007 10.1245
-2.108337e-007 9.97193
-2.106337e-007 9.87664
-2.104337e-007 9.95294
-2.102337e-007 10.0313
-2.100337e-007 9.99472
-2.098337e-007 9.97746
-2.096337e-007 9.98781
-2.094337e-007 9.93084
-2.092337e-007 9.91772
-2.090337e-007 9.9671
-2.088337e-007 9.92152
-2.086337e-007 9.85489
-2.084337e-007 9.90426
-2.082337e-007 9.98816
-2.080337e-007 10.0075
-2.078337e-007 9.97435
-2.076337e-007 9.95847
-2.074337e-007 9.97677
-2.072337e-007 9.96606
-2.070337e-007 9.93326
-2.068337e-007 9.91565
-2.066337e-007 9.88838
-2.064337e-007 9.89528
-2.062337e-007 9.98333
-2.060337e-007 10.0648
-2.058337e-007 10.0721
-2.056337e-007 10.0475
-2.054337e-007 10.05
-2.052337e-007 10.1145
-2.050337e-007 10.2115
-2.048337e-007 10.2109
-2.046337e-007 10.079
-2.044337e-007 9.97159
-2.042337e-007 9.96054
-2.040337e-007 9.99161
-2.038337e-007 10.0576
-2.036337e-007 10.1232
-2.034337e-007 10.1118
-2.032337e-007 10.0317
-2.030337e-007 9.94466
-2.028337e-007 9.94362
-2.026337e-007 10.0703
-2.024337e-007 10.1774
-2.022337e-007 10.1463
-2.020337e-007 10.1004
-2.018337e-007 10.1321
-2.016337e-007 10.1587
-2.014337e-007 10.1442
-2.012337e-007 10.1194
-2.010337e-007 10.0952
-2.008337e-007 10.0955
-2.006337e-007 10.1252
-2.004337e-007 10.1349
-2.002337e-007 10.1163
-2.000337e-007 10.0748
-1.998337e-007 9.95847
-1.996337e-007 9.84556
-1.994337e-007 9.84763
-1.992337e-007 9.91842
-1.990337e-007 10.0258
-1.988337e-007 10.0917
-1.986337e-007 10.023
-1.984337e-007 9.94604
-1.982337e-007 9.95743
-1.980337e-007 10.0089
-1.978337e-007 10.1076
-1.976337e-007 10.2212
-1.974337e-007 10.2589
-1.972337e-007 10.2008
-1.970337e-007 10.051
-1.968337e-007 9.8687
-1.966337e-007 9.80413
-1.964337e-007 9.87595
-1.962337e-007 9.95156
-1.960337e-007 10.0037
-1.958337e-007 10.062
-1.956337e-007 10.0655
-1.954337e-007 10.0034
-1.952337e-007 9.92808
-1.950337e-007 9.87008
-1.948337e-007 9.8756
-1.946337e-007 9.92912
-1.944337e-007 9.93257
-1.942337e-007 9.89287
-1.940337e-007 9.8794
-1.938337e-007 9.91116
-1.936337e-007 10.0023
-1.934337e-007 10.0873
-1.932337e-007 10.0952
-1.930337e-007 10.0807
-1.928337e-007 10.0648
-1.926337e-007 10.0538
-1.924337e-007 10.099
-1.922337e-007 10.1073
-1.920337e-007 10.0386
-1.918337e-007 10.0244
-1.916337e-007 10.0337
-1.914337e-007 9.99645
-1.912337e-007 9.96882
-1.910337e-007 9.98402
-1.908337e-007 10.0417
-1.906337e-007 10.0879
-1.904337e-007 10.0724
-1.902337e-007 10.052
-1.900337e-007 10.0631
-1.898337e-007 10.0085
-1.896337e-007 9.87595
-1.894337e-007 9.8283
-1.892337e-007 9.89148
-1.890337e-007 9.96986
-1.888337e-007 10.0161
-1.886337e-007 9.99472
-1.884337e-007 9.97262
-1.882337e-007 10.0071
-1.880337e-007 10.0265
-1.878337e-007 10.0306
-1.876337e-007 10.0482
-1.874337e-007 10.0096
-1.872337e-007 9.95743
-1.870337e-007 10.0192
-1.868337e-007 10.1131
-1.866337e-007 10.0776
-1.864337e-007 9.98954
-1.862337e-007 9.98574
-1.860337e-007 10.0047
-1.858337e-007 10.0099
-1.856337e-007 10.07
-1.854337e-007 10.1332
-1.852337e-007 10.1114
-1.850337e-007 10.061
-1.848337e-007 10.108
-1.846337e-007 10.2509
-1.844337e-007 10.3034
-1.842337e-007 10.1836
-1.840337e-007 10.0841
-1.838337e-007 10.0734
-1.836337e-007 10.004
-1.834337e-007 9.93706
-1.832337e-007 9.98264
-1.830337e-007 10.0313
-1.828337e-007 9.99679
-1.826337e-007 9.93568
-1.824337e-007 9.97228
-1.822337e-007 10.1263
-1.820337e-007 10.2513
-1.818337e-007 10.2506
-1.816337e-007 10.2095
-1.814337e-007 10.2216
-1.812337e-007 10.197
-1.810337e-007 10.0738
-1.808337e-007 9.97504
-1.806337e-007 9.9633
-1.804337e-007 9.96952
-1.802337e-007 9.96157
-1.800337e-007 9.97815
-1.798337e-007 10.0089
-1.796337e-007 9.99127
-1.794337e-007 9.9854
-1.792337e-007 10.0455
-1.790337e-007 10.0893
-1.788337e-007 10.0828
-1.786337e-007 10.0551
-1.784337e-007 10.0061
-1.782337e-007 9.92256
-1.780337e-007 9.86697
-1.778337e-007 9.88769
-1.776337e-007 9.95605
-1.774337e-007 10.0358
-1.772337e-007 10.0607
-1.770337e-007 10.0317
-1.768337e-007 9.97159
-1.766337e-007 9.85281
-1.764337e-007 9.82208
-1.762337e-007 9.97262
-1.760337e-007 10.0759
-1.758337e-007 10.0009
-1.756337e-007 9.89873
-1.754337e-007 9.87215
-1.752337e-007 9.87629
-1.750337e-007 9.89494
-1.748337e-007 9.97538
-1.746337e-007 10.0945
-1.744337e-007 10.1397
-1.742337e-007 10.06
-1.740337e-007 9.97608
-1.738337e-007 10.0103
-1.736337e-007 10.061
-1.734337e-007 10.031
-1.732337e-007 10.003
-1.730337e-007 9.98402
-1.728337e-007 9.95398
-1.726337e-007 9.97159
-1.724337e-007 10.0096
-1.722337e-007 9.98298
-1.720337e-007 9.88389
-1.718337e-007 9.82795
-1.716337e-007 9.88734
-1.714337e-007 9.99058
-1.712337e-007 10.0355
-1.710337e-007 9.97193
-1.708337e-007 9.89287
-1.706337e-007 9.87974
-1.704337e-007 9.86904
-1.702337e-007 9.91116
-1.700337e-007 10.0603
-1.698337e-007 10.1832
-1.696337e-007 10.1946
-1.694337e-007 10.1473
-1.692337e-007 10.109
-1.690337e-007 10.0807
-1.688337e-007 10.0724
-1.686337e-007 10.1225
-1.684337e-007 10.1525
-1.682337e-007 10.0683
-1.680337e-007 9.97504
-1.678337e-007 10.0075
-1.676337e-007 10.0824
-1.674337e-007 10.0721
-1.672337e-007 10.0092
-1.670337e-007 9.99368
-1.668337e-007 10.0327
-1.666337e-007 10.05
-1.664337e-007 10.041
-1.662337e-007 10.0765
-1.660337e-007 10.1145
-1.658337e-007 10.0489
-1.656337e-007 9.93741
-1.654337e-007 9.94569
-1.652337e-007 10.0527
-1.650337e-007 10.0828
-1.648337e-007 10.0437
-1.646337e-007 10.0551
-1.644337e-007 10.0745
-1.642337e-007 10.032
-1.640337e-007 9.98885
-1.638337e-007 9.99023
-1.636337e-007 9.99403
-1.634337e-007 9.97193
-1.632337e-007 9.95191
-1.630337e-007 9.96399
-1.628337e-007 9.99679
-1.626337e-007 10.0248
-1.624337e-007 10.0444
-1.622337e-007 9.98781
-1.620337e-007 9.86352
-1.618337e-007 9.88561
-1.616337e-007 10.013
-1.614337e-007 10.0234
-1.612337e-007 10.0137
-1.610337e-007 10.0655
-1.608337e-007 10.0434
-1.606337e-007 9.97297
-1.604337e-007 10.002
-1.602337e-007 10.1242
-1.600337e-007 10.1756
-1.598337e-007 10.0952
-1.596337e-007 10.0089
-1.594337e-007 9.96641
-1.592337e-007 9.89356
-1.590337e-007 9.80448
-1.588337e-007 9.8428
-1.586337e-007 10.0279
-1.584337e-007 10.195
-1.582337e-007 10.2409
-1.580337e-007 10.1691
-1.578337e-007 10.0565
-1.576337e-007 9.99058
-1.574337e-007 9.9633
-1.572337e-007 9.98471
-1.570337e-007 10.033
-1.568337e-007 10.0082
-1.566337e-007 9.98264
-1.564337e-007 9.99541
-1.562337e-007 9.91013
-1.560337e-007 9.83175
-1.558337e-007 9.93395
-1.556337e-007 10.061
-1.554337e-007 10.0759
-1.552337e-007 10.0707
-1.550337e-007 10.1
-1.548337e-007 10.1563
-1.546337e-007 10.1756
-1.544337e-007 10.0538
-1.542337e-007 9.89735
-1.540337e-007 9.89943
-1.538337e-007 9.99679
-1.536337e-007 10.0576
-1.534337e-007 10.0755
-1.532337e-007 10.0631
-1.530337e-007 10.0538
-1.528337e-007 10.0558
-1.526337e-007 10.0051
-1.524337e-007 9.94258
-1.522337e-007 9.97262
-1.520337e-007 10.0147
-1.518337e-007 9.97297
-1.516337e-007 9.94397
-1.514337e-007 9.93982
-1.512337e-007 9.87111
-1.510337e-007 9.80448
-1.508337e-007 9.82795
-1.506337e-007 9.94569
-1.504337e-007 10.0845
-1.502337e-007 10.1342
-1.500337e-007 10.0717
-1.498337e-007 9.96019
-1.496337e-007 9.89148
-1.494337e-007 9.90633
-1.492337e-007 9.97642
-1.490337e-007 10.0368
-1.488337e-007 10.0434
-1.486337e-007 10.0368
-1.484337e-007 10.0234
-1.482337e-007 9.98851
-1.480337e-007 9.99196
-1.478337e-007 10.0272
-1.476337e-007 10.0154
-1.474337e-007 9.96572
-1.472337e-007 9.96503
-1.470337e-007 10.0151
-1.468337e-007 10.0203
-1.466337e-007 9.94914
-1.464337e-007 9.89148
-1.462337e-007 9.974
-1.460337e-007 10.1415
-1.458337e-007 10.1781
-1.456337e-007 10.0451
-1.454337e-007 9.90391
-1.452337e-007 9.91565
-1.450337e-007 10.0545
-1.448337e-007 10.0935
-1.446337e-007 9.98022
-1.444337e-007 9.93154
-1.442337e-007 9.98989
-1.440337e-007 10.0134
-1.438337e-007 9.99852
-1.436337e-007 9.98678
-1.434337e-007 9.9778
-1.432337e-007 9.98954
-1.430337e-007 9.99645
-1.428337e-007 9.99437
-1.426337e-007 10.0351
-1.424337e-007 10.0721
-1.422337e-007 10.0589
-1.420337e-007 10.0966
-1.418337e-007 10.1701
-1.416337e-007 10.1159
-1.414337e-007 9.99541
-1.412337e-007 9.98678
-1.410337e-007 10.0586
-1.408337e-007 10.0828
-1.406337e-007 9.98816
-1.404337e-007 9.86179
-1.402337e-007 9.87526
-1.400337e-007 9.97746
-1.398337e-007 9.98194
-1.396337e-007 9.90322
-1.394337e-007 9.91013
-1.392337e-007 10.0396
-1.390337e-007 10.1449
-1.388337e-007 10.1125
-1.386337e-007 10.0123
-1.384337e-007 9.97124
-1.382337e-007 10.0034
-1.380337e-007 10.0589
-1.378337e-007 10.0869
-1.376337e-007 10.0772
-1.374337e-007 10.0983
-1.372337e-007 10.1535
-1.370337e-007 10.1539
-1.368337e-007 10.069
-1.366337e-007 9.96503
-1.364337e-007 9.94914
-1.362337e-007 10.0227
-1.360337e-007 10.0614
-1.358337e-007 10.0147
-1.356337e-007 9.95398
-1.354337e-007 9.96226
-1.352337e-007 10.0292
-1.350337e-007 10.0803
-1.348337e-007 10.1062
-1.346337e-007 10.11
-1.344337e-007 10.1142
-1.342337e-007 10.1805
-1.340337e-007 10.1912
-1.338337e-007 10.04
-1.336337e-007 9.88769
-1.334337e-007 9.89079
-1.332337e-007 9.99679
-1.330337e-007 10.0603
-1.328337e-007 10.0217
-1.326337e-007 9.96675
-1.324337e-007 9.98574
-1.322337e-007 9.98954
-1.320337e-007 9.90564
-1.318337e-007 9.8977
-1.316337e-007 10.013
-1.314337e-007 10.1183
-1.312337e-007 10.1342
-1.310337e-007 10.0507
-1.308337e-007 10.0082
-1.306337e-007 10.0683
-1.304337e-007 10.08
-1.302337e-007 9.99541
-1.300337e-007 9.90944
-1.298337e-007 9.91082
-1.296337e-007 9.96192
-1.294337e-007 9.96537
-1.292337e-007 9.95881
-1.290337e-007 9.97884
-1.288337e-007 9.99886
-1.286337e-007 10.0096
-1.284337e-007 9.98436
-1.282337e-007 9.97262
-1.280337e-007 9.9671
-1.278337e-007 9.88147
-1.276337e-007 9.81
-1.274337e-007 9.80517
-1.272337e-007 9.82692
-1.270337e-007 9.93223
-1.268337e-007 10.0365
-1.266337e-007 10.0244
-1.264337e-007 9.9854
-1.262337e-007 9.99058
-1.260337e-007 10.0389
-1.258337e-007 10.1287
-1.256337e-007 10.1642
-1.254337e-007 10.1014
-1.252337e-007 10.0589
-1.250337e-007 10.0572
-1.248337e-007 10.0486
-1.246337e-007 10.0665
-1.244337e-007 10.0648
-1.242337e-007 10.0141
-1.240337e-007 10.0085
-1.238337e-007 10.0141
-1.236337e-007 9.97297
-1.234337e-007 9.97815
-1.232337e-007 10.0279
-1.230337e-007 10.0527
-1.228337e-007 10.0869
-1.226337e-007 10.0914
-1.224337e-007 10.0047
-1.222337e-007 9.9526
-1.220337e-007 9.99886
-1.218337e-007 10.0424
-1.216337e-007 10.0496
-1.214337e-007 10.0375
-1.212337e-007 10.0324
-1.210337e-007 10.0786
-1.208337e-007 10.0962
-1.206337e-007 9.99817
-1.204337e-007 9.92636
-1.202337e-007 10.0034
-1.200337e-007 10.1294
-1.198337e-007 10.1753
-1.196337e-007 10.0496
-1.194337e-007 9.85143
-1.192337e-007 9.85247
-1.190337e-007 9.98609
-1.188337e-007 9.98229
-1.186337e-007 9.91013
-1.184337e-007 9.97815
-1.182337e-007 10.1152
-1.180337e-007 10.1245
-1.178337e-007 10.0254
-1.176337e-007 10.003
-1.174337e-007 10.0862
-1.172337e-007 10.1201
-1.170337e-007 10.0679
-1.168337e-007 10.0292
-1.166337e-007 10.0579
-1.164337e-007 10.0911
-1.162337e-007 10.0037
-1.160337e-007 9.84246
-1.158337e-007 9.80862
-1.156337e-007 9.91842
-1.154337e-007 9.96365
-1.152337e-007 9.89425
-1.150337e-007 9.90115
-1.148337e-007 10.0282
-1.146337e-007 10.1111
-1.144337e-007 10.0717
-1.142337e-007 10.0213
-1.140337e-007 10.0534
-1.138337e-007 10.071
-1.136337e-007 9.99817
-1.134337e-007 9.98954
-1.132337e-007 10.1335
-1.130337e-007 10.2167
-1.128337e-007 10.1273
-1.126337e-007 10.0596
-1.124337e-007 10.0935
-1.122337e-007 10.1163
-1.120337e-007 10.0548
-1.118337e-007 9.92843
-1.116337e-007 9.86421
-1.114337e-007 9.91876
-1.112337e-007 9.96813
-1.110337e-007 9.9412
-1.108337e-007 9.93741
-1.106337e-007 10.0241
-1.104337e-007 10.1197
-1.102337e-007 10.1539
-1.100337e-007 10.1446
-1.098337e-007 10.1207
-1.096337e-007 10.0627
-1.094337e-007 9.96365
-1.092337e-007 9.90633
-1.090337e-007 9.94258
-1.088337e-007 9.98367
-1.086337e-007 9.96123
-1.084337e-007 9.95018
-1.082337e-007 9.9343
-1.080337e-007 9.84487
-1.078337e-007 9.83037
-1.076337e-007 9.94466
-1.074337e-007 10.0085
-1.072337e-007 9.97746
-1.070337e-007 9.93602
-1.068337e-007 9.93533
-1.066337e-007 9.99265
-1.064337e-007 10.0441
-1.062337e-007 10.052
-1.060337e-007 10.0703
-1.058337e-007 10.0755
-1.056337e-007 10.0489
-1.054337e-007 10.0714
-1.052337e-007 10.1432
-1.050337e-007 10.1919
-1.048337e-007 10.1722
-1.046337e-007 10.0955
-1.044337e-007 10.0558
-1.042337e-007 10.0914
-1.040337e-007 10.0831
-1.038337e-007 10.0006
-1.036337e-007 9.95432
-1.034337e-007 9.96813
-1.032337e-007 10.0089
-1.030337e-007 10.0382
-1.028337e-007 9.99058
-1.026337e-007 9.88803
-1.024337e-007 9.86041
-1.022337e-007 9.96296
-1.020337e-007 10.1031
-1.018337e-007 10.1352
-1.016337e-007 10.033
-1.014337e-007 9.94673
-1.012337e-007 9.95536
-1.010337e-007 9.95398
-1.008337e-007 9.92567
-1.006337e-007 9.97124
-1.004337e-007 10.0189
-1.002337e-007 9.94155
-1.000337e-007 9.82278
-9.983373e-008 9.78928
-9.963373e-008 9.84073
-9.943373e-008 9.93223
-9.923373e-008 9.97677
-9.903373e-008 9.89494
-9.883373e-008 9.79895
-9.863373e-008 9.80793
-9.843373e-008 9.83244
-9.823373e-008 9.83451
-9.803373e-008 9.89217
-9.783373e-008 9.96641
-9.763373e-008 9.98229
-9.743373e-008 9.92946
-9.723373e-008 9.8428
-9.703373e-008 9.82139
-9.683373e-008 9.94224
-9.663373e-008 10.1308
-9.643373e-008 10.1946
-9.623373e-008 10.0755
-9.603373e-008 9.94086
-9.583373e-008 9.90702
-9.563373e-008 9.89701
-9.543373e-008 9.85799
-9.523373e-008 9.8687
-9.503373e-008 9.96296
-9.483373e-008 10.0448
-9.463373e-008 10.0717
-9.443373e-008 10.098
-9.423373e-008 10.0779
-9.403373e-008 9.99679
-9.383373e-008 9.96606
-9.363373e-008 10.0061
-9.343373e-008 10.0503
-9.323373e-008 10.05
-9.303373e-008 9.98056
-9.283373e-008 9.88182
-9.263373e-008 9.86214
-9.243373e-008 9.91082
-9.223373e-008 9.91013
-9.203373e-008 9.88044
-9.183373e-008 9.9046
-9.163373e-008 9.94569
-9.143373e-008 9.93913
-9.123373e-008 9.95536
-9.103373e-008 10.0627
-9.083373e-008 10.1484
-9.063373e-008 10.1176
-9.043373e-008 10.0355
-9.023373e-008 9.9557
-9.003373e-008 9.89148
-8.983373e-008 9.92877
-8.963373e-008 10.0603
-8.943373e-008 10.1014
-8.923373e-008 9.9923
-8.903373e-008 9.92187
-8.883373e-008 10.0261
-8.863373e-008 10.1715
-8.843373e-008 10.1598
-8.823373e-008 10.0403
-8.803373e-008 10.0082
-8.783373e-008 10.051
-8.763373e-008 10.041
-8.743373e-008 10.0099
-8.723373e-008 10.0151
-8.703373e-008 10.0282
-8.683373e-008 10.0406
-8.663373e-008 10.0292
-8.643373e-008 9.98885
-8.623373e-008 10.0116
-8.603373e-008 10.1214
-8.583373e-008 10.2043
-8.563373e-008 10.1936
-8.543373e-008 10.1415
-8.523373e-008 10.1301
-8.503373e-008 10.1556
-8.483373e-008 10.1125
-8.463373e-008 9.96779
-8.443373e-008 9.9015
-8.423373e-008 10.0282
-8.403373e-008 10.1242
-8.383373e-008 10.0327
-8.363373e-008 9.93741
-8.343373e-008 9.95191
-8.323373e-008 9.9778
-8.303373e-008 9.96744
-8.283373e-008 9.97677
-8.263373e-008 10.0065
-8.243373e-008 9.94742
-8.223373e-008 9.81863
-8.203373e-008 9.78549
-8.183373e-008 9.89563
-8.163373e-008 10.0507
-8.143373e-008 10.1283
-8.123373e-008 10.1239
-8.103373e-008 10.0883
-8.083373e-008 10.0144
-8.063373e-008 9.93637
-8.043373e-008 9.92428
-8.023373e-008 9.98989
-8.003373e-008 10.0472
-7.983373e-008 10.0317
-7.963373e-008 9.98574
-7.943373e-008 9.96641
-7.923373e-008 9.98712
-7.903373e-008 9.99955
-7.883373e-008 9.98505
-7.863373e-008 10.0196
-7.843373e-008 10.1028
-7.823373e-008 10.0859
-7.803373e-008 9.9633
-7.783373e-008 9.94086
-7.763373e-008 10.0317
-7.743373e-008 10.0565
-7.723373e-008 10.042
-7.703373e-008 10.0745
-7.683373e-008 10.07
-7.663373e-008 10.0344
-7.643373e-008 10.0248
-7.623373e-008 9.96882
-7.603373e-008 9.88665
-7.583373e-008 9.87802
-7.563373e-008 9.93602
-7.543373e-008 10.022
-7.523373e-008 10.1066
-7.503373e-008 10.1608
-7.483373e-008 10.1736
-7.463373e-008 10.1169
-7.443373e-008 10.0292
-7.423373e-008 10.0417
-7.403373e-008 10.1418
-7.383373e-008 10.2015
-7.363373e-008 10.197
-7.343373e-008 10.0897
-7.323373e-008 9.91427
-7.303373e-008 9.87111
-7.283373e-008 9.9709
-7.263373e-008 10.0593
-7.243373e-008 10.0955
-7.223373e-008 10.09
-7.203373e-008 10.0669
-7.183373e-008 10.0838
-7.163373e-008 10.109
-7.143373e-008 10.0451
-7.123373e-008 9.93844
-7.103373e-008 9.90357
-7.083373e-008 9.91772
-7.063373e-008 9.98609
-7.043373e-008 10.1563
-7.023373e-008 10.2668
-7.003373e-008 10.1908
-6.983373e-008 10.0641
-6.963373e-008 10.0082
-6.943373e-008 9.98885
-6.923373e-008 9.96572
-6.903373e-008 9.974
-6.883373e-008 10.0393
-6.863373e-008 10.0797
-6.843373e-008 10.0268
-6.823373e-008 9.96296
-6.803373e-008 9.93982
-6.783373e-008 9.89873
-6.763373e-008 9.88009
-6.743373e-008 9.95329
-6.723373e-008 10.0821
-6.703373e-008 10.1756
-6.683373e-008 10.1525
-6.663373e-008 10.06
-6.643373e-008 10.0286
-6.623373e-008 10.0507
-6.603373e-008 10.0123
-6.583373e-008 9.92463
-6.563373e-008 9.9198
-6.543373e-008 10.0362
-6.523373e-008 10.1518
-6.503373e-008 10.1708
-6.483373e-008 10.139
-6.463373e-008 10.1138
-6.443373e-008 10.0955
-6.423373e-008 10.0973
-6.403373e-008 10.0821
-6.383373e-008 9.96641
-6.363373e-008 9.85592
-6.343373e-008 9.91393
-6.323373e-008 10.0579
-6.303373e-008 10.1484
-6.283373e-008 10.1615
-6.263373e-008 10.1159
-6.243373e-008 10.0655
-6.223373e-008 10.0106
-6.203373e-008 9.92152
-6.183373e-008 9.85454
-6.163373e-008 9.85109
-6.143373e-008 9.88251
-6.123373e-008 9.95778
-6.103373e-008 10.0596
-6.083373e-008 10.0248
-6.063373e-008 9.83624
-6.043373e-008 9.75407
-6.023373e-008 9.85903
-6.003373e-008 9.95191
-5.983373e-008 9.94293
-5.963373e-008 9.92014
-5.943373e-008 9.95156
-5.923373e-008 10.0355
-5.903373e-008 10.1508
-5.883373e-008 10.2264
-5.863373e-008 10.2022
-5.843373e-008 10.1156
-5.823373e-008 10.0313
-5.803373e-008 10.0113
-5.783373e-008 10.0648
-5.763373e-008 10.0879
-5.743373e-008 10.0324
-5.723373e-008 9.99541
-5.703373e-008 10.0365
-5.683373e-008 10.0841
-5.663373e-008 10.0845
-5.643373e-008 10.0793
-5.623373e-008 10.0679
-5.603373e-008 10.0223
-5.583373e-008 10.0106
-5.563373e-008 10.0665
-5.543373e-008 10.0669
-5.523373e-008 9.94811
-5.503373e-008 9.85419
-5.483373e-008 9.8977
-5.463373e-008 10.0303
-5.443373e-008 10.1228
-5.423373e-008 10.0859
-5.403373e-008 10.0437
-5.383373e-008 10.1435
-5.363373e-008 10.2689
-5.343373e-008 10.2523
-5.323373e-008 10.139
-5.303373e-008 10.0441
-5.283373e-008 9.98678
-5.263373e-008 9.96537
-5.243373e-008 9.97573
-5.223373e-008 9.96365
-5.203373e-008 9.90046
-5.183373e-008 9.82864
-5.163373e-008 9.82657
-5.143373e-008 9.91531
-5.123373e-008 10.0317
-5.103373e-008 10.0942
-5.083373e-008 10.0541
-5.063373e-008 9.9778
-5.043373e-008 9.96813
-5.023373e-008 10.013
-5.003373e-008 10.0513
-4.983373e-008 10.0372
-4.963373e-008 9.97608
-4.943373e-008 9.96123
-4.923373e-008 10.0652
-4.903373e-008 10.2029
-4.883373e-008 10.1901
-4.863373e-008 10.0082
-4.843373e-008 9.86697
-4.823373e-008 9.91669
-4.803373e-008 10.0344
-4.783373e-008 10.0413
-4.763373e-008 9.99161
-4.743373e-008 10.0192
-4.723373e-008 10.0472
-4.703373e-008 9.95778
-4.683373e-008 9.89597
-4.663373e-008 10.0168
-4.643373e-008 10.1656
-4.623373e-008 10.1819
-4.603373e-008 10.148
-4.583373e-008 10.1024
-4.563373e-008 10.0234
-4.543373e-008 9.96779
-4.523373e-008 9.96503
-4.503373e-008 9.99299
-4.483373e-008 10.0016
-4.463373e-008 9.95087
-4.443373e-008 9.89839
-4.423373e-008 9.93154
-4.403373e-008 9.98264
-4.383373e-008 9.97538
-4.363373e-008 9.98816
-4.343373e-008 10.0075
-4.323373e-008 9.96606
-4.303373e-008 9.94466
-4.283373e-008 9.96434
-4.263373e-008 9.95536
-4.243373e-008 9.9557
-4.223373e-008 10.003
-4.203373e-008 10.0738
-4.183373e-008 10.1135
-4.163373e-008 10.0486
-4.143373e-008 9.94845
-4.123373e-008 9.96054
-4.103373e-008 10.0538
-4.083373e-008 10.1328
-4.063373e-008 10.1591
-4.043373e-008 10.0769
-4.023373e-008 9.93257
-4.003373e-008 9.91324
-3.983373e-008 10.0658
-3.963373e-008 10.2081
-3.943373e-008 10.2012
-3.923373e-008 10.0752
-3.903373e-008 9.97366
-3.883373e-008 10.0168
-3.863373e-008 10.1083
-3.843373e-008 10.11
-3.823373e-008 10.0786
-3.803373e-008 10.081
-3.783373e-008 10.0935
-3.763373e-008 10.0848
-3.743373e-008 10.0665
-3.723373e-008 10.0748
-3.703373e-008 10.0838
-3.683373e-008 10.0071
-3.663373e-008 9.85765
-3.643373e-008 9.81242
-3.623373e-008 9.92532
-3.603373e-008 10.0303
-3.583373e-008 10.0458
-3.563373e-008 10.0821
-3.543373e-008 10.1794
-3.523373e-008 10.2005
-3.503373e-008 10.0969
-3.483373e-008 9.99127
-3.463373e-008 9.98229
-3.443373e-008 9.99265
-3.423373e-008 9.9198
-3.403373e-008 9.8687
-3.383373e-008 9.92152
-3.363373e-008 9.9671
-3.343373e-008 9.95087
-3.323373e-008 9.9412
-3.303373e-008 9.95639
-3.283373e-008 9.97538
-3.263373e-008 9.97608
-3.243373e-008 9.94811
-3.223373e-008 9.94983
-3.203373e-008 9.98229
-3.183373e-008 9.98125
-3.163373e-008 9.96882
-3.143373e-008 10.0099
-3.123373e-008 10.0938
-3.103373e-008 10.1294
-3.083373e-008 10.0904
-3.063373e-008 10.0669
-3.043373e-008 10.0631
-3.023373e-008 10.0254
-3.003373e-008 9.98022
-2.983373e-008 9.9892
-2.963373e-008 10.0731
-2.943373e-008 10.1408
-2.923373e-008 10.1342
-2.903373e-008 10.0879
-2.883373e-008 10.0109
-2.863373e-008 9.92498
-2.843373e-008 9.85627
-2.823373e-008 9.86145
-2.803373e-008 9.94017
-2.783373e-008 9.9305
-2.763373e-008 9.85489
-2.743373e-008 9.90012
-2.723373e-008 9.97608
-2.703373e-008 9.96123
-2.683373e-008 10.0065
-2.663373e-008 10.1497
-2.643373e-008 10.2368
-2.623373e-008 10.2271
-2.603373e-008 10.1857
-2.583373e-008 10.1667
-2.563373e-008 10.1314
-2.543373e-008 10.0482
-2.523373e-008 10.032
-2.503373e-008 10.0772
-2.483373e-008 10.031
-2.463373e-008 9.96503
-2.443373e-008 10.0589
-2.423373e-008 10.1791
-2.403373e-008 10.119
-2.383373e-008 9.99196
-2.363373e-008 9.94086
-2.343373e-008 9.92428
-2.323373e-008 9.92221
-2.303373e-008 9.91496
-2.283373e-008 9.84729
-2.263373e-008 9.81552
-2.243373e-008 9.9488
-2.223373e-008 10.1463
-2.203373e-008 10.2302
-2.183373e-008 10.1915
-2.163373e-008 10.1211
-2.143373e-008 10.07
-2.123373e-008 10.0223
-2.103373e-008 9.96744
-2.083373e-008 9.93188
-2.063373e-008 9.89425
-2.043373e-008 9.83797
-2.023373e-008 9.84211
-2.003373e-008 9.93913
-1.983373e-008 10.0348
-1.963373e-008 10.0652
-1.943373e-008 10.033
-1.923373e-008 9.9595
-1.903373e-008 9.88113
-1.883373e-008 9.81449
-1.863373e-008 9.80689
-1.843373e-008 9.88044
-1.823373e-008 9.96123
-1.803373e-008 10.0165
-1.783373e-008 10.041
-1.763373e-008 9.99955
-1.743373e-008 9.9122
-1.723373e-008 9.87629
-1.703373e-008 9.9381
-1.683373e-008 10.0351
-1.663373e-008 10.0886
-1.643373e-008 10.0955
-1.623373e-008 10.1031
-1.603373e-008 10.0617
-1.583373e-008 9.96813
-1.563373e-008 9.96226
-1.543373e-008 10.0258
-1.523373e-008 10.003
-1.503373e-008 9.91738
-1.483373e-008 9.93084
-1.463373e-008 10.0096
-1.443373e-008 10.051
-1.423373e-008 10.1135
-1.403373e-008 10.177
-1.383373e-008 10.1667
-1.363373e-008 10.109
-1.343373e-008 10.0406
-1.323373e-008 10.0265
-1.303373e-008 10.1104
-1.283373e-008 10.175
-1.263373e-008 10.1335
-1.243373e-008 10.0545
-1.223373e-008 9.95743
-1.203373e-008 9.83106
-1.183373e-008 9.7879
-1.163373e-008 9.87008
-1.143373e-008 9.93223
-1.123373e-008 9.92221
-1.103373e-008 9.94258
-1.083373e-008 10.0313
-1.063373e-008 10.1201
-1.043373e-008 10.0969
-1.023373e-008 9.98333
-1.003373e-008 9.93326
-9.833729e-009 10.0002
-9.633729e-009 10.1035
-9.433729e-009 10.1349
-9.233729e-009 10.0776
-9.033729e-009 10.0496
-8.833729e-009 10.0838
-8.633729e-009 10.0821
-8.433729e-009 10.0465
-8.233729e-009 10.0141
-8.033729e-009 9.98298
-7.833729e-009 10.0375
-7.633729e-009 10.1863
-7.433729e-009 10.2171
-7.233729e-009 10.0551
-7.033729e-009 9.92739
-6.833729e-009 9.92152
-6.633729e-009 9.91738
-6.433729e-009 9.94638
-6.233729e-009 10.0562
-6.033729e-009 10.127
-5.833729e-009 10.0904
-5.633729e-009 9.96813
-5.433729e-009 9.84349
-5.233729e-009 9.82208
-5.033729e-009 9.86697
-4.833729e-009 9.93015
-4.633729e-009 10.022
-4.433729e-009 10.0541
-4.233729e-009 9.97884
-4.033729e-009 9.90081
-3.833729e-009 9.91289
-3.633729e-009 10.0089
-3.433729e-009 10.0786
-3.233729e-009 10.0027
-3.033729e-009 9.84487
-2.833729e-009 9.80966
-2.633729e-009 9.90702
-2.433729e-009 9.95916
-2.233729e-009 9.95156
-2.033729e-009 9.94397
-1.833729e-009 9.82588
-1.633729e-009 9.48234
-1.433729e-009 8.8719
-1.233729e-009 7.93208
-1.033729e-009 6.69532
-8.337293e-010 5.35912
-6.337293e-010 4.14032
-4.337293e-010 3.19635
-2.337293e-010 2.54102
-3.372929e-011 2.06352
1.662707e-010 1.78005
3.662707e-010 1.68234
5.662707e-010 1.56218
7.662707e-010 1.38368
9.662707e-010 1.29702
1.166271e-009 1.33948
1.366271e-009 1.40163
1.566271e-009 1.35053
1.766271e-009 1.22416
1.966271e-009 1.19033
2.166271e-009 1.27768
2.366271e-009 1.34881
2.566271e-009 1.32947
2.766271e-009 1.29978
2.966271e-009 1.32049
3.166271e-009 1.31601
3.366271e-009 1.20794
3.566271e-009 1.10746
3.766271e-009 1.15546
3.966271e-009 1.26007
4.166271e-009 1.34052
4.366271e-009 1.42995
4.566271e-009 1.43512
4.766271e-009 1.35191
4.966271e-009 1.33534
5.166271e-009 1.39266
5.366271e-009 1.45964
5.566271e-009 1.49417
5.766271e-009 1.45066
5.966271e-009 1.40336
6.166271e-009 1.4151
6.366271e-009 1.35847
6.566271e-009 1.21312
6.766271e-009 1.18411
6.966271e-009 1.29046
7.166271e-009 1.36607
7.366271e-009 1.39611
7.566271e-009 1.4258
7.766271e-009 1.46033
7.966271e-009 1.4952
8.166271e-009 1.4517
8.366271e-009 1.32705
8.566271e-009 1.26836
8.766271e-009 1.28113
8.966271e-009 1.24833
9.166271e-009 1.21968
9.366271e-009 1.2328
9.566271e-009 1.20345
9.766271e-009 1.19827
9.966271e-009 1.29494
1.016627e-008 1.38368
1.036627e-008 1.38989
1.056627e-008 1.33016
1.076627e-008 1.25558
1.096627e-008 1.19723
1.116627e-008 1.12611
1.136627e-008 1.07673
1.156627e-008 1.09469
1.176627e-008 1.12749
1.196627e-008 1.1306
1.216627e-008 1.12024
1.236627e-008 1.09503
1.256627e-008 1.0353
1.276627e-008 0.991107
1.296627e-008 1.02943
1.316627e-008 1.12231
1.336627e-008 1.19343
1.356627e-008 1.21829
1.376627e-008 1.20379
1.396627e-008 1.1703
1.416627e-008 1.13198
1.436627e-008 1.07604
1.456627e-008 1.04773
1.476627e-008 1.07881
1.496627e-008 1.10919
1.516627e-008 1.12921
1.536627e-008 1.14786
1.556627e-008 1.15891
1.576627e-008 1.16754
1.596627e-008 1.12335
1.616627e-008 1.06189
1.636627e-008 1.05671
1.656627e-008 1.03254
1.676627e-008 0.969354
1.696627e-008 0.989035
1.716627e-008 1.09434
1.736627e-008 1.13267
1.756627e-008 1.07501
1.776627e-008 1.04497
1.796627e-008 1.07811
1.816627e-008 1.14268
1.836627e-008 1.17375
1.856627e-008 1.09641
1.876627e-008 1.017
1.896627e-008 1.07328
1.916627e-008 1.15166
1.936627e-008 1.12335
1.956627e-008 1.0536
1.976627e-008 1.03185
1.996627e-008 1.08122
2.016627e-008 1.13681
2.036627e-008 1.09365
2.056627e-008 0.983856
2.076627e-008 0.96314
2.096627e-008 1.09296
2.116627e-008 1.20725
2.136627e-008 1.15511
2.156627e-008 1.02322
2.176627e-008 0.967628
2.196627e-008 1.03841
2.216627e-008 1.17721
2.236627e-008 1.28493
2.256627e-008 1.29529
2.276627e-008 1.24246
2.296627e-008 1.22382
2.316627e-008 1.20414
2.336627e-008 1.12645
2.356627e-008 1.09503
2.376627e-008 1.1337
2.396627e-008 1.13439
2.416627e-008 1.0757
2.436627e-008 1.02391
2.456627e-008 1.00561
2.476627e-008 0.983511
2.496627e-008 0.970045
2.516627e-008 1.01631
2.536627e-008 1.08019
2.556627e-008 1.07397
2.576627e-008 1.01735
2.596627e-008 1.04566
2.616627e-008 1.1634
2.636627e-008 1.19171
2.656627e-008 1.094
2.676627e-008 1.0101
2.696627e-008 1.00664
2.716627e-008 1.03323
2.736627e-008 1.06258
2.756627e-008 1.12852
2.776627e-008 1.1741
2.796627e-008 1.09054
2.816627e-008 0.970736
2.836627e-008 0.972117
2.856627e-008 1.0353
2.876627e-008 1.06396
2.896627e-008 1.06154
2.916627e-008 1.03047
2.936627e-008 1.01079
2.956627e-008 1.05878
2.976627e-008 1.09227
2.996627e-008 1.04221
3.016627e-008 1.03599
3.036627e-008 1.10781
3.056627e-008 1.11126
3.076627e-008 1.04255
3.096627e-008 1.00906
3.116627e-008 1.05533
3.136627e-008 1.16858
3.156627e-008 1.24419
3.176627e-008 1.19792
3.196627e-008 1.10332
3.216627e-008 1.0574
3.236627e-008 1.07432
3.256627e-008 1.10505
3.276627e-008 1.0971
3.296627e-008 1.09434
3.316627e-008 1.152
3.336627e-008 1.20517
3.356627e-008 1.19171
3.376627e-008 1.15856
3.396627e-008 1.12093
3.416627e-008 1.03254
3.436627e-008 0.948984
3.456627e-008 0.962104
3.476627e-008 1.03806
3.496627e-008 1.08951
3.516627e-008 1.07984
3.536627e-008 1.03875
3.556627e-008 1.00768
3.576627e-008 1.00077
3.596627e-008 1.04117
3.616627e-008 1.11092
3.636627e-008 1.14199
3.656627e-008 1.11782
3.676627e-008 1.07846
3.696627e-008 1.08571
3.716627e-008 1.15615
3.736627e-008 1.19861
3.756627e-008 1.15476
3.776627e-008 1.11575
3.796627e-008 1.13025
3.816627e-008 1.12645
3.836627e-008 1.09676
3.856627e-008 1.13198
3.876627e-008 1.22037
3.896627e-008 1.21519
3.916627e-008 1.13888
3.936627e-008 1.13888
3.956627e-008 1.1558
3.976627e-008 1.09365
3.996627e-008 1.01148
4.016627e-008 1.02805
4.036627e-008 1.1489
4.056627e-008 1.18204
4.076627e-008 1.09538
4.096627e-008 1.0574
4.116627e-008 1.07673
4.136627e-008 1.09469
4.156627e-008 1.10332
4.176627e-008 1.07881
4.196627e-008 1.04566
4.216627e-008 1.07639
4.236627e-008 1.14164
4.256627e-008 1.1413
4.276627e-008 1.08537
4.296627e-008 1.0467
4.316627e-008 0.999048
4.336627e-008 0.940352
4.356627e-008 0.969009
4.376627e-008 1.05326
4.396627e-008 1.07017
4.416627e-008 1.0353
4.436627e-008 1.04152
4.456627e-008 1.08985
4.476627e-008 1.04842
4.496627e-008 0.885799
4.516627e-008 0.846438
4.536627e-008 1.05429
4.556627e-008 1.22244
4.576627e-008 1.15994
4.596627e-008 1.05084
4.616627e-008 1.01976
4.636627e-008 1.00285
4.656627e-008 1.01597
4.676627e-008 1.11299
4.696627e-008 1.22831
4.716627e-008 1.26594
4.736627e-008 1.20725
4.756627e-008 1.11161
4.776627e-008 1.03565
4.796627e-008 0.97695
4.816627e-008 0.948638
4.836627e-008 0.946912
4.856627e-008 0.922052
4.876627e-008 0.956925
4.896627e-008 1.1413
4.916627e-008 1.31152
4.936627e-008 1.28251
4.956627e-008 1.12887
4.976627e-008 1.08122
4.996627e-008 1.18515
5.016627e-008 1.22278
5.036627e-008 1.1306
5.056627e-008 1.08847
5.076627e-008 1.1306
5.096627e-008 1.14648
5.116627e-008 1.10263
5.136627e-008 1.01769
5.156627e-008 0.928267
5.176627e-008 0.883727
5.196627e-008 0.908932
5.216627e-008 0.985582
5.236627e-008 1.06672
5.256627e-008 1.13336
5.276627e-008 1.19447
5.296627e-008 1.24833
5.316627e-008 1.24695
5.336627e-008 1.1634
5.356627e-008 1.07121
5.376627e-008 1.06983
5.396627e-008 1.14406
5.416627e-008 1.19965
5.436627e-008 1.21381
5.456627e-008 1.22244
5.476627e-008 1.23314
5.496627e-008 1.19033
5.516627e-008 1.09572
5.536627e-008 1.02425
5.556627e-008 1.00008
5.576627e-008 1.05843
5.596627e-008 1.16132
5.616627e-008 1.16409
5.636627e-008 1.09641
5.656627e-008 1.0536
5.676627e-008 1.02011
5.696627e-008 1.04359
5.716627e-008 1.13923
5.736627e-008 1.18411
5.756627e-008 1.17652
5.776627e-008 1.23694
5.796627e-008 1.27285
5.816627e-008 1.14303
5.836627e-008 1.01079
5.856627e-008 1.0353
5.876627e-008 1.13163
5.896627e-008 1.16236
5.916627e-008 1.09538
5.936627e-008 1.00941
5.956627e-008 1.00526
5.976627e-008 1.07639
5.996627e-008 1.07811
6.016627e-008 0.986963
6.036627e-008 0.95727
6.056627e-008 1.01286
6.076627e-008 1.02943
6.096627e-008 0.970045
6.116627e-008 0.967283
6.136627e-008 1.0864
6.156627e-008 1.1596
6.176627e-008 1.08675
6.196627e-008 1.00595
6.216627e-008 0.985237
6.236627e-008 0.972462
6.256627e-008 0.994904
6.276627e-008 1.0719
6.296627e-008 1.14441
6.316627e-008 1.16409
6.336627e-008 1.14682
6.356627e-008 1.15787
6.376627e-008 1.16858
6.396627e-008 1.10228
6.416627e-008 1.02115
6.436627e-008 0.99594
6.456627e-008 1.01458
6.476627e-008 1.06051
6.496627e-008 1.05774
6.516627e-008 0.986273
6.536627e-008 0.996631
6.556627e-008 1.11333
6.576627e-008 1.15856
6.596627e-008 1.12127
6.616627e-008 1.11713
6.636627e-008 1.12024
6.656627e-008 1.08847
6.676627e-008 1.07639
6.696627e-008 1.09469
6.716627e-008 1.09365
6.736627e-008 1.10815
6.756627e-008 1.14682
6.776627e-008 1.12196
6.796627e-008 1.06707
6.816627e-008 1.03668
6.836627e-008 1.02356
6.856627e-008 1.0284
6.876627e-008 1.02287
6.896627e-008 1.06258
6.916627e-008 1.19827
6.936627e-008 1.29598
6.956627e-008 1.24868
6.976627e-008 1.17928
6.996627e-008 1.20863
7.016627e-008 1.25317
7.036627e-008 1.23418
7.056627e-008 1.20103
7.076627e-008 1.20897
7.096627e-008 1.21242
7.116627e-008 1.12231
7.136627e-008 1.0246
7.156627e-008 1.06776
7.176627e-008 1.15891
7.196627e-008 1.14959
7.216627e-008 1.08191
7.236627e-008 1.05395
7.256627e-008 1.0795
7.276627e-008 1.09641
7.296627e-008 1.03737
7.316627e-008 0.968319
7.336627e-008 1.00975
7.356627e-008 1.12404
7.376627e-008 1.20069
7.396627e-008 1.20863
7.416627e-008 1.17617
7.436627e-008 1.19723
7.456627e-008 1.29287
7.476627e-008 1.30634
7.496627e-008 1.21139
7.516627e-008 1.16581
7.536627e-008 1.1741
7.556627e-008 1.14717
7.576627e-008 1.11126
7.596627e-008 1.08744
7.616627e-008 1.04739
7.636627e-008 1.04152
7.656627e-008 1.07466
7.676627e-008 1.07639
7.696627e-008 1.06465
7.716627e-008 1.05015
7.736627e-008 1.02771
7.756627e-008 1.03565
7.776627e-008 1.04635
7.796627e-008 1.0353
7.816627e-008 1.03875
7.836627e-008 1.08813
7.856627e-008 1.16892
7.876627e-008 1.23349
7.896627e-008 1.21691
7.916627e-008 1.10297
7.936627e-008 1.0063
7.956627e-008 0.992142
7.976627e-008 1.01873
7.996627e-008 1.05187
8.016627e-008 1.05326
8.036627e-008 1.02045
8.056627e-008 0.987999
8.076627e-008 0.98869
8.096627e-008 1.03254
8.116627e-008 1.07915
8.136627e-008 1.07915
8.156627e-008 1.08537
8.176627e-008 1.16547
8.196627e-008 1.21277
8.216627e-008 1.17824
8.236627e-008 1.16236
8.256627e-008 1.14924
8.276627e-008 1.07328
8.296627e-008 0.974879
8.316627e-008 0.935518
8.336627e-008 0.998702
8.356627e-008 1.1085
8.376627e-008 1.15442
8.396627e-008 1.14337
8.416627e-008 1.1482
8.436627e-008 1.16616
8.456627e-008 1.14855
8.476627e-008 1.09227
8.496627e-008 1.06914
8.516627e-008 1.12438
8.536627e-008 1.20483
8.556627e-008 1.22278
8.576627e-008 1.19033
8.596627e-008 1.20794
8.616627e-008 1.25904
8.636627e-008 1.24764
8.656627e-008 1.20379
8.676627e-008 1.17237
8.696627e-008 1.18826
8.716627e-008 1.2908
8.736627e-008 1.33051
8.756627e-008 1.23107
8.776627e-008 1.15269
8.796627e-008 1.1306
8.816627e-008 1.1047
8.836627e-008 1.0902
8.856627e-008 1.06154
8.876627e-008 1.00112
8.896627e-008 0.990416
8.916627e-008 1.05153
8.936627e-008 1.09641
8.956627e-008 1.11092
8.976627e-008 1.14544
8.996627e-008 1.17514
9.016627e-008 1.17341
9.036627e-008 1.16305
9.056627e-008 1.16098
9.076627e-008 1.16409
9.096627e-008 1.15476
9.116627e-008 1.13923
9.136627e-008 1.12645
9.156627e-008 1.07294
9.176627e-008 1.02598
9.196627e-008 1.06154
9.216627e-008 1.10021
9.236627e-008 1.13163
9.256627e-008 1.20586
9.276627e-008 1.21035
9.296627e-008 1.10953
9.316627e-008 1.0536
9.336627e-008 1.10401
9.356627e-008 1.11678
9.376627e-008 1.00285
9.396627e-008 0.949674
9.416627e-008 1.04946
9.436627e-008 1.09987
9.456627e-008 1.0246
9.476627e-008 1.02701
9.496627e-008 1.17686
9.516627e-008 1.2145
9.536627e-008 1.08571
9.556627e-008 1.05395
9.576627e-008 1.12404
9.596627e-008 1.1009
9.616627e-008 1.00112
9.636627e-008 0.966247
9.656627e-008 1.00077
9.676627e-008 1.01148
9.696627e-008 1.03392
9.716627e-008 1.15891
9.736627e-008 1.30323
9.756627e-008 1.30841
9.776627e-008 1.21795
9.796627e-008 1.24384
9.816627e-008 1.34052
9.836627e-008 1.27457
9.856627e-008 1.14061
9.876627e-008 1.13267
9.896627e-008 1.16581
9.916627e-008 1.15373
9.936627e-008 1.14855
9.956627e-008 1.152
9.976627e-008 1.13301
9.996627e-008 1.12473
1.001663e-007 1.16202
1.003663e-007 1.19861
1.005663e-007 1.17583
1.007663e-007 1.13405
1.009663e-007 1.13992
1.011663e-007 1.21104
1.013663e-007 1.35191
1.015663e-007 1.4296
1.017663e-007 1.29805
1.019663e-007 1.14164
1.021663e-007 1.17099
1.023663e-007 1.24453
1.025663e-007 1.21104
1.027663e-007 1.18411
1.029663e-007 1.25489
1.031663e-007 1.28804
1.033663e-007 1.19654
1.035663e-007 1.11161
1.037663e-007 1.13854
1.039663e-007 1.18653
1.041663e-007 1.14717
1.043663e-007 1.08398
1.045663e-007 1.07811
1.047663e-007 1.07604
1.049663e-007 1.0429
1.051663e-007 1.0101
1.053663e-007 1.01079
1.055663e-007 1.10919
1.057663e-007 1.3053
1.059663e-007 1.45722
1.061663e-007 1.45239
1.063663e-007 1.31428
1.065663e-007 1.17514
1.067663e-007 1.18826
1.069663e-007 1.29356
1.071663e-007 1.30979
1.073663e-007 1.25558
1.075663e-007 1.23418
1.077663e-007 1.22555
1.079663e-007 1.1848
1.081663e-007 1.17341
1.083663e-007 1.18377
1.085663e-007 1.12507
1.087663e-007 1.07846
1.089663e-007 1.09538
1.091663e-007 1.08329
1.093663e-007 1.0826
1.095663e-007 1.09814
1.097663e-007 1.03806
1.099663e-007 1.00043
1.101663e-007 1.06465
1.103663e-007 1.12024
1.105663e-007 1.14751
1.107663e-007 1.19343
1.109663e-007 1.22278
1.111663e-007 1.21726
1.113663e-007 1.19516
1.115663e-007 1.16858
1.117663e-007 1.15649
1.119663e-007 1.17203
1.121663e-007 1.21381
1.123663e-007 1.21104
1.125663e-007 1.13025
1.127663e-007 1.0826
1.129663e-007 1.09572
1.131663e-007 1.12576
1.133663e-007 1.19551
1.135663e-007 1.25248
1.137663e-007 1.21519
1.139663e-007 1.15097
1.141663e-007 1.19861
1.143663e-007 1.29184
1.145663e-007 1.28286
1.147663e-007 1.258
1.149663e-007 1.28873
1.151663e-007 1.28597
1.153663e-007 1.26249
1.155663e-007 1.25593
1.157663e-007 1.18618
1.159663e-007 1.07639
1.161663e-007 1.08537
1.163663e-007 1.18101
1.165663e-007 1.18515
1.167663e-007 1.13025
1.169663e-007 1.21104
1.171663e-007 1.36814
1.173663e-007 1.33672
1.175663e-007 1.14026
1.177663e-007 1.04531
1.179663e-007 1.1703
1.181663e-007 1.37263
1.183663e-007 1.41579
1.185663e-007 1.30634
1.187663e-007 1.24833
1.189663e-007 1.28079
1.191663e-007 1.27665
1.193663e-007 1.15269
1.195663e-007 1.01424
1.197663e-007 1.01148
1.199663e-007 1.06776
1.201663e-007 1.08398
1.203663e-007 1.09054
1.205663e-007 1.08882
1.207663e-007 1.06465
1.209663e-007 1.02425
1.211663e-007 1.00837
1.213663e-007 1.03841
1.215663e-007 1.04255
1.217663e-007 1.01044
1.219663e-007 1.0208
1.221663e-007 1.09054
1.223663e-007 1.17548
1.225663e-007 1.23418
1.227663e-007 1.22589
1.229663e-007 1.08433
1.231663e-007 0.876822
1.233663e-007 0.834354
1.235663e-007 1.01113
1.237663e-007 1.17893
1.239663e-007 1.17134
1.241663e-007 1.09123
1.243663e-007 1.09331
1.245663e-007 1.1558
1.247663e-007 1.1634
1.249663e-007 1.07742
1.251663e-007 1.00388
1.253663e-007 1.0643
1.255663e-007 1.19654
1.257663e-007 1.26145
1.259663e-007 1.27043
1.261663e-007 1.26491
1.263663e-007 1.21829
1.265663e-007 1.17168
1.267663e-007 1.17237
1.269663e-007 1.18826
1.271663e-007 1.23521
1.273663e-007 1.32222
1.275663e-007 1.33569
1.277663e-007 1.23383
1.279663e-007 1.14199
1.281663e-007 1.12611
1.283663e-007 1.12887
1.285663e-007 1.11092
1.287663e-007 1.08122
1.289663e-007 1.07777
1.291663e-007 1.1413
1.293663e-007 1.25075
1.295663e-007 1.33085
1.297663e-007 1.3533
1.299663e-007 1.31359
1.301663e-007 1.22865
1.303663e-007 1.20379
1.305663e-007 1.27941
1.307663e-007 1.34466
1.309663e-007 1.33879
1.311663e-007 1.33707
1.313663e-007 1.34087
1.315663e-007 1.26629
1.317663e-007 1.17341
1.319663e-007 1.15787
1.321663e-007 1.15131
1.323663e-007 1.12991
1.325663e-007 1.21173
1.327663e-007 1.37815
1.329663e-007 1.44893
1.331663e-007 1.38264
1.333663e-007 1.35019
1.335663e-007 1.41993
1.337663e-007 1.44272
1.339663e-007 1.36987
1.341663e-007 1.3274
1.343663e-007 1.36193
1.345663e-007 1.38713
1.347663e-007 1.34915
1.349663e-007 1.30599
1.351663e-007 1.32775
1.353663e-007 1.3823
1.355663e-007 1.43547
1.357663e-007 1.48933
1.359663e-007 1.47932
1.361663e-007 1.42511
1.363663e-007 1.43374
1.365663e-007 1.44514
1.367663e-007 1.3678
1.369663e-007 1.28286
1.371663e-007 1.27112
1.373663e-007 1.32809
1.375663e-007 1.4258
1.377663e-007 1.48208
1.379663e-007 1.47863
1.381663e-007 1.51454
1.383663e-007 1.56287
1.385663e-007 1.52248
1.387663e-007 1.48139
1.389663e-007 1.48312
1.391663e-007 1.44307
1.393663e-007 1.40543
1.395663e-007 1.39611
1.397663e-007 1.38368
1.399663e-007 1.41406
1.401663e-007 1.48346
1.403663e-007 1.53974
1.405663e-007 1.55666
1.407663e-007 1.50038
1.409663e-007 1.4006
1.411663e-007 1.36503
1.413663e-007 1.38748
1.415663e-007 1.36124
1.417663e-007 1.31014
1.419663e-007 1.32464
1.421663e-007 1.39093
1.423663e-007 1.43996
1.425663e-007 1.4548
1.427663e-007 1.49865
1.429663e-007 1.57565
1.431663e-007 1.57565
1.433663e-007 1.51626
1.435663e-007 1.52006
1.437663e-007 1.5539
1.439663e-007 1.58428
1.441663e-007 1.65851
1.443663e-007 1.66369
1.445663e-007 1.55183
1.447663e-007 1.51385
1.449663e-007 1.57427
1.451663e-007 1.59464
1.453663e-007 1.60016
1.455663e-007 1.66197
1.457663e-007 1.71479
1.459663e-007 1.72135
1.461663e-007 1.70651
1.463663e-007 1.67888
1.465663e-007 1.67474
1.467663e-007 1.68303
1.469663e-007 1.66473
1.471663e-007 1.65541
1.473663e-007 1.65886
1.475663e-007 1.63055
1.477663e-007 1.6081
1.479663e-007 1.61087
1.481663e-007 1.61915
1.483663e-007 1.65264
1.485663e-007 1.63987
1.487663e-007 1.61225
1.489663e-007 1.6958
1.491663e-007 1.75623
1.493663e-007 1.73482
1.495663e-007 1.75174
1.497663e-007 1.72377
1.499663e-007 1.6416
1.501663e-007 1.73309
1.503663e-007 1.92472
1.505663e-007 1.91125
1.507663e-007 1.76313
1.509663e-007 1.69062
1.511663e-007 1.68614
1.513663e-007 1.72826
1.515663e-007 1.77487
1.517663e-007 1.78626
1.519663e-007 1.78557
1.521663e-007 1.75001
1.523663e-007 1.71652
1.525663e-007 1.73965
1.527663e-007 1.76969
1.529663e-007 1.80318
1.531663e-007 1.80456
1.533663e-007 1.69546
1.535663e-007 1.62571
1.537663e-007 1.6958
1.539663e-007 1.75312
1.541663e-007 1.77763
1.543663e-007 1.84392
1.545663e-007 1.85981
1.547663e-007 1.7545
1.549663e-007 1.6599
1.551663e-007 1.66611
1.553663e-007 1.68855
1.555663e-007 1.72377
1.557663e-007 1.77142
1.559663e-007 1.7324
1.561663e-007 1.64781
1.563663e-007 1.62364
1.565663e-007 1.6668
1.567663e-007 1.73137
1.569663e-007 1.75899
1.571663e-007 1.77901
1.573663e-007 1.81078
1.575663e-007 1.77142
1.577663e-007 1.7255
1.579663e-007 1.76831
1.581663e-007 1.8422
1.583663e-007 1.90538
1.585663e-007 1.90158
1.587663e-007 1.80318
1.589663e-007 1.72895
1.591663e-007 1.77176
1.593663e-007 1.87603
1.595663e-007 1.94854
1.597663e-007 1.9368
1.599663e-007 1.84427
1.601663e-007 1.78626
1.603663e-007 1.79938
1.605663e-007 1.76796
1.607663e-007 1.75001
1.609663e-007 1.87603
1.611663e-007 2.00137
1.613663e-007 1.97616
1.615663e-007 1.90435
1.617663e-007 1.88156
1.619663e-007 1.88812
1.621663e-007 1.92921
1.623663e-007 1.98376
1.625663e-007 1.95545
1.627663e-007 1.83944
1.629663e-007 1.74621
1.631663e-007 1.74449
1.633663e-007 1.82873
1.635663e-007 1.89917
1.637663e-007 1.87086
1.639663e-007 1.8163
1.641663e-007 1.79904
1.643663e-007 1.80111
1.645663e-007 1.85014
1.647663e-007 1.96373
1.649663e-007 2.10529
1.651663e-007 2.22338
1.653663e-007 2.20542
1.655663e-007 2.07318
1.657663e-007 2.03797
1.659663e-007 2.11703
1.661663e-007 2.18574
1.663663e-007 2.20128
1.665663e-007 2.14051
1.667663e-007 2.05074
1.669663e-007 2.00965
1.671663e-007 2.04798
1.673663e-007 2.17159
1.675663e-007 2.26412
1.677663e-007 2.20887
1.679663e-007 2.08354
1.681663e-007 2.03072
1.683663e-007 2.04556
1.685663e-007 2.03313
1.687663e-007 2.02174
1.689663e-007 2.05557
1.691663e-007 2.04901
1.693663e-007 1.97962
1.695663e-007 1.9917
1.697663e-007 2.16295
1.699663e-007 2.31349
1.701663e-007 2.30348
1.703663e-007 2.25065
1.705663e-007 2.21889
1.707663e-007 2.15087
1.709663e-007 2.09355
1.711663e-007 2.1084
1.713663e-007 2.14327
1.715663e-007 2.14776
1.717663e-007 2.14811
1.719663e-007 2.16951
1.721663e-007 2.18781
1.723663e-007 2.17538
1.725663e-007 2.11082
1.727663e-007 2.02795
1.729663e-007 2.02277
1.731663e-007 2.07077
1.733663e-007 2.08665
1.735663e-007 2.09632
1.737663e-007 2.11703
1.739663e-007 2.11047
1.741663e-007 2.11151
1.743663e-007 2.15881
1.745663e-007 2.20715
1.747663e-007 2.25031
1.749663e-007 2.30382
1.751663e-007 2.29692
1.753663e-007 2.18954
1.755663e-007 2.06904
1.757663e-007 2.03382
1.759663e-007 2.12739
1.761663e-007 2.31073
1.763663e-007 2.415
1.765663e-007 2.35458
1.767663e-007 2.30141
1.769663e-007 2.37391
1.771663e-007 2.39463
1.773663e-007 2.27551
1.775663e-007 2.17469
1.777663e-007 2.15121
1.779663e-007 2.16503
1.781663e-007 2.25169
1.783663e-007 2.37357
1.785663e-007 2.36321
1.787663e-007 2.21958
1.789663e-007 2.1229
1.791663e-007 2.13084
1.793663e-007 2.22959
1.795663e-007 2.36666
1.797663e-007 2.3677
1.799663e-007 2.24444
1.801663e-007 2.22786
1.803663e-007 2.28898
1.805663e-007 2.21405
1.807663e-007 2.07802
1.809663e-007 2.09321
1.811663e-007 2.24375
1.813663e-007 2.39498
1.815663e-007 2.46921
1.817663e-007 2.4989
1.819663e-007 2.57417
1.821663e-007 2.62458
1.823663e-007 2.55
1.825663e-007 2.45367
1.827663e-007 2.39463
1.829663e-007 2.35251
1.831663e-007 2.35631
1.833663e-007 2.3929
1.835663e-007 2.46852
1.837663e-007 2.5683
1.839663e-007 2.58764
1.841663e-007 2.50546
1.843663e-007 2.4081
1.845663e-007 2.31763
1.847663e-007 2.26481
1.849663e-007 2.33076
1.851663e-007 2.45747
1.853663e-007 2.54068
1.855663e-007 2.54724
1.857663e-007 2.46886
1.859663e-007 2.40913
1.861663e-007 2.46092
1.863663e-007 2.54172
1.865663e-007 2.54897
1.867663e-007 2.50166
1.869663e-007 2.47439
1.871663e-007 2.50443
1.873663e-007 2.53412
1.875663e-007 2.45609
1.877663e-007 2.33214
1.879663e-007 2.29692
1.881663e-007 2.3273
1.883663e-007 2.39049
1.885663e-007 2.46541
1.887663e-007 2.45816
1.889663e-007 2.38703
1.891663e-007 2.36735
1.893663e-007 2.36459
1.895663e-007 2.30279
1.897663e-007 2.28207
1.899663e-007 2.37357
1.901663e-007 2.47611
1.903663e-007 2.5103
1.905663e-007 2.48785
1.907663e-007 2.45989
1.909663e-007 2.49234
1.911663e-007 2.57831
1.913663e-007 2.64978
1.915663e-007 2.66601
1.917663e-007 2.60455
1.919663e-007 2.51444
1.921663e-007 2.5279
1.923663e-007 2.63977
1.925663e-007 2.68155
1.927663e-007 2.5904
1.929663e-007 2.47059
1.931663e-007 2.45333
1.933663e-007 2.56416
1.935663e-007 2.65945
1.937663e-007 2.61871
1.939663e-007 2.54068
1.941663e-007 2.57521
1.943663e-007 2.72333
1.945663e-007 2.83589
1.947663e-007 2.79998
1.949663e-007 2.71849
1.951663e-007 2.68535
1.953663e-007 2.62631
1.955663e-007 2.5279
1.957663e-007 2.49269
1.959663e-007 2.53619
1.961663e-007 2.56105
1.963663e-007 2.56347
1.965663e-007 2.58936
1.967663e-007 2.60904
1.969663e-007 2.63943
1.971663e-007 2.67603
1.973663e-007 2.64564
1.975663e-007 2.61181
1.977663e-007 2.63425
1.979663e-007 2.62078
1.981663e-007 2.62838
1.983663e-007 2.75682
1.985663e-007 2.85246
1.987663e-007 2.79514
1.989663e-007 2.70123
1.991663e-007 2.7033
1.993663e-007 2.76959
1.995663e-007 2.77754
1.997663e-007 2.72367
1.999663e-007 2.68224
2.001663e-007 2.67706
2.003663e-007 2.71055
2.005663e-007 2.75509
2.007663e-007 2.73645
2.009663e-007 2.66014
2.011663e-007 2.63114
2.013663e-007 2.6377
2.015663e-007 2.62596
2.017663e-007 2.69536
2.019663e-007 2.88699
2.021663e-007 3.05859
2.023663e-007 3.0938
2.025663e-007 3.03856
2.027663e-007 3.01232
2.029663e-007 2.9809
2.031663e-007 2.82518
2.033663e-007 2.67292
2.035663e-007 2.68707
2.037663e-007 2.76407
2.039663e-007 2.79169
2.041663e-007 2.77339
2.043663e-007 2.71608
2.045663e-007 2.6926
2.047663e-007 2.74888
2.049663e-007 2.76372
2.051663e-007 2.73679
2.053663e-007 2.83312
2.055663e-007 2.98539
2.057663e-007 2.96951
2.059663e-007 2.80239
2.061663e-007 2.67913
2.063663e-007 2.70779
2.065663e-007 2.83381
2.067663e-007 2.90632
2.069663e-007 2.88664
2.071663e-007 2.868
2.073663e-007 2.91495
2.075663e-007 3.00265
2.077663e-007 2.97158
2.079663e-007 2.77788
2.081663e-007 2.72505
2.083663e-007 2.93981
2.085663e-007 3.07101
2.087663e-007 2.89424
2.089663e-007 2.65048
2.091663e-007 2.63494
2.093663e-007 2.79998
2.095663e-007 2.90943
2.097663e-007 2.96295
2.099663e-007 3.07757
2.101663e-007 3.1777
2.103663e-007 3.17218
2.105663e-007 3.0938
2.107663e-007 2.99575
2.109663e-007 2.90287
2.111663e-007 2.8604
2.113663e-007 2.92013
2.115663e-007 3.01853
2.117663e-007 3.00783
2.119663e-007 2.87179
2.121663e-007 2.81034
2.123663e-007 2.91461
2.125663e-007 3.00127
2.127663e-007 2.98055
2.129663e-007 2.97745
2.131663e-007 3.05237
2.133663e-007 3.10071
2.135663e-007 3.0572
2.137663e-007 3.02682
2.139663e-007 3.07757
2.141663e-007 3.12626
2.143663e-007 3.12384
2.145663e-007 3.10692
2.147663e-007 3.09242
2.149663e-007 3.07171
2.151663e-007 3.08034
2.153663e-007 3.13385
2.155663e-007 3.1815
2.157663e-007 3.16769
2.159663e-007 3.08172
2.161663e-007 3.02613
2.163663e-007 3.05928
2.165663e-007 3.09933
2.167663e-007 3.08828
2.169663e-007 3.01646
2.171663e-007 2.95328
2.173663e-007 2.99022
2.175663e-007 3.06722
2.177663e-007 3.11107
2.179663e-007 3.13213
2.181663e-007 3.11486
2.183663e-007 3.08103
2.185663e-007 3.0869
2.187663e-007 3.11176
2.189663e-007 3.12798
2.191663e-007 3.11383
2.193663e-007 3.06031
2.195663e-007 3.07999
2.197663e-007 3.18254
2.199663e-007 3.16527
2.201663e-007 3.01335
2.203663e-007 2.95984
2.205663e-007 3.06135
2.207663e-007 3.15492
2.209663e-007 3.19186
2.211663e-007 3.21741
2.213663e-007 3.20498
2.215663e-007 3.15975
2.217663e-007 3.11694
2.219663e-007 3.08552
2.221663e-007 3.08862
2.223663e-007 3.07827
2.225663e-007 3.01784
2.227663e-007 3.01163
2.229663e-007 3.10761
2.231663e-007 3.22846
2.233663e-007 3.31132
2.235663e-007 3.33169
2.237663e-007 3.26885
2.239663e-007 3.13316
2.241663e-007 3.02268
2.243663e-007 3.0427
2.245663e-007 3.14007
2.247663e-007 3.18495
2.249663e-007 3.17632
2.251663e-007 3.22535
2.253663e-007 3.35621
2.255663e-007 3.41594
2.257663e-007 3.30304
2.259663e-007 3.14836
2.261663e-007 3.12695
2.263663e-007 3.25988
2.265663e-007 3.41767
2.267663e-007 3.43389
2.269663e-007 3.29889
2.271663e-007 3.15319
2.273663e-007 3.08724
2.275663e-007 3.06963
2.277663e-007 3.03925
2.279663e-007 3.03304
2.281663e-007 3.16148
2.283663e-007 3.40351
2.285663e-007 3.49466
2.287663e-007 3.34378
2.289663e-007 3.22259
2.291663e-007 3.24952
2.293663e-007 3.30925
2.295663e-007 3.33791
2.297663e-007 3.35966
2.299663e-007 3.41283
2.301663e-007 3.45703
2.303663e-007 3.44287
2.305663e-007 3.42319
2.307663e-007 3.43424
2.309663e-007 3.42285
2.311663e-007 3.37071
2.313663e-007 3.32444
2.315663e-007 3.31616
2.317663e-007 3.32859
2.319663e-007 3.32341
2.321663e-007 3.2951
2.323663e-007 3.29855
2.325663e-007 3.36415
2.327663e-007 3.41767
2.329663e-007 3.39039
2.331663e-007 3.34171
2.333663e-007 3.36933
2.335663e-007 3.42837
2.337663e-007 3.3935
2.339663e-007 3.34999
2.341663e-007 3.43666
2.343663e-007 3.51434
2.345663e-007 3.46428
2.347663e-007 3.38901
2.349663e-007 3.37278
2.351663e-007 3.3821
2.353663e-007 3.36691
2.355663e-007 3.37969
2.357663e-007 3.4553
2.359663e-007 3.54162
2.361663e-007 3.55543
2.363663e-007 3.43286
2.365663e-007 3.29026
2.367663e-007 3.27507
2.369663e-007 3.33964
2.371663e-007 3.37382
2.373663e-007 3.32893
2.375663e-007 3.25919
2.377663e-007 3.27472
2.379663e-007 3.38003
2.381663e-007 3.48534
2.383663e-007 3.52712
2.385663e-007 3.48499
2.387663e-007 3.3821
2.389663e-007 3.34136
2.391663e-007 3.43976
2.393663e-007 3.55094
2.395663e-007 3.53022
2.397663e-007 3.39833
2.399663e-007 3.2768
2.401663e-007 3.30407
2.403663e-007 3.46255
2.405663e-007 3.52539
2.407663e-007 3.41387
2.409663e-007 3.29199
2.411663e-007 3.32513
2.413663e-007 3.53022
2.415663e-007 3.69423
2.417663e-007 3.67696
2.419663e-007 3.60687
2.421663e-007 3.5834
2.423663e-007 3.58927
2.425663e-007 3.58685
2.427663e-007 3.55025
2.429663e-007 3.4736
2.431663e-007 3.41663
2.433663e-007 3.47809
2.435663e-007 3.57235
2.437663e-007 3.56959
2.439663e-007 3.50364
2.441663e-007 3.45219
2.443663e-007 3.49086
2.445663e-007 3.5537
2.447663e-007 3.51607
2.449663e-007 3.48154
2.451663e-007 3.57235
2.453663e-007 3.69181
2.455663e-007 3.73117
2.457663e-007 3.73704
2.459663e-007 3.72841
2.461663e-007 3.62655
2.463663e-007 3.49639
2.465663e-007 3.52125
2.467663e-007 3.66108
2.469663e-007 3.71805
2.471663e-007 3.67662
2.473663e-007 3.64589
2.475663e-007 3.6307
2.477663e-007 3.62414
2.479663e-007 3.64831
2.481663e-007 3.64762
2.483663e-007 3.60584
2.485663e-007 3.59237
2.487663e-007 3.62483
2.489663e-007 3.63933
2.491663e-007 3.63242
2.493663e-007 3.65832
2.495663e-007 3.65936
2.497663e-007 3.58478
2.499663e-007 3.55923
2.501663e-007 3.62138
2.503663e-007 3.60618
2.505663e-007 3.49017
2.507663e-007 3.43562
2.509663e-007 3.50226
2.511663e-007 3.61792
2.513663e-007 3.69699
2.515663e-007 3.68456
2.517663e-007 3.61136
2.519663e-007 3.57131
2.521663e-007 3.57304
