-2.480892e-007 9.97262
-2.478892e-007 10.0469
-2.476892e-007 10.0835
-2.474892e-007 10.0358
-2.472892e-007 9.94327
-2.470892e-007 9.89701
-2.468892e-007 9.94604
-2.466892e-007 9.97677
-2.464892e-007 9.97884
-2.462892e-007 10.0355
-2.460892e-007 10.0551
-2.458892e-007 10.0196
-2.456892e-007 10.0455
-2.454892e-007 10.079
-2.452892e-007 10.0365
-2.450892e-007 10.0103
-2.448892e-007 10.0396
-2.446892e-007 10.0037
-2.444892e-007 9.91393
-2.442892e-007 9.91911
-2.440892e-007 10.0068
-2.438892e-007 10.0762
-2.436892e-007 10.1007
-2.434892e-007 10.098
-2.432892e-007 10.079
-2.430892e-007 10.0417
-2.428892e-007 10.003
-2.426892e-007 9.99161
-2.424892e-007 9.97884
-2.422892e-007 9.94466
-2.420892e-007 9.95881
-2.418892e-007 9.99783
-2.416892e-007 9.97228
-2.414892e-007 9.96054
-2.412892e-007 10.0434
-2.410892e-007 10.1518
-2.408892e-007 10.1694
-2.406892e-007 10.0841
-2.404892e-007 10.0517
-2.402892e-007 10.1266
-2.400892e-007 10.1618
-2.398892e-007 10.1018
-2.396892e-007 10.0054
-2.394892e-007 9.91876
-2.392892e-007 9.90012
-2.390892e-007 9.91151
-2.388892e-007 9.8756
-2.386892e-007 9.89114
-2.384892e-007 9.99748
-2.382892e-007 10.06
-2.380892e-007 10.0541
-2.378892e-007 10.0437
-2.376892e-007 10.0551
-2.374892e-007 10.0955
-2.372892e-007 10.1156
-2.370892e-007 10.0648
-2.368892e-007 10.0303
-2.366892e-007 10.0593
-2.364892e-007 9.99299
-2.362892e-007 9.84936
-2.360892e-007 9.85765
-2.358892e-007 9.99783
-2.356892e-007 10.1042
-2.354892e-007 10.1011
-2.352892e-007 10.0002
-2.350892e-007 9.93706
-2.348892e-007 9.974
-2.346892e-007 10.0389
-2.344892e-007 10.0897
-2.342892e-007 10.1066
-2.340892e-007 10.0959
-2.338892e-007 10.0876
-2.336892e-007 10.1111
-2.334892e-007 10.1546
-2.332892e-007 10.1497
-2.330892e-007 10.0897
-2.328892e-007 10.0282
-2.326892e-007 10.0179
-2.324892e-007 10.0458
-2.322892e-007 10.0027
-2.320892e-007 9.92256
-2.318892e-007 9.96606
-2.316892e-007 10.0745
-2.314892e-007 10.1152
-2.312892e-007 10.1021
-2.310892e-007 10.0206
-2.308892e-007 9.91151
-2.306892e-007 9.93568
-2.304892e-007 10.0793
-2.302892e-007 10.1494
-2.300892e-007 10.0786
-2.298892e-007 10.022
-2.296892e-007 10.0745
-2.294892e-007 10.1107
-2.292892e-007 10.0807
-2.290892e-007 10.0475
-2.288892e-007 9.99403
-2.286892e-007 9.92083
-2.284892e-007 9.88147
-2.282892e-007 9.88182
-2.280892e-007 9.9267
-2.278892e-007 9.98471
-2.276892e-007 9.97711
-2.274892e-007 9.95501
-2.272892e-007 10.0065
-2.270892e-007 10.0213
-2.268892e-007 9.94155
-2.266892e-007 9.92083
-2.264892e-007 9.98712
-2.262892e-007 9.98229
-2.260892e-007 9.8359
-2.258892e-007 9.71263
-2.256892e-007 9.77789
-2.254892e-007 9.94983
-2.252892e-007 10.0904
-2.250892e-007 10.1328
-2.248892e-007 10.0582
-2.246892e-007 9.9778
-2.244892e-007 9.98954
-2.242892e-007 10.0206
-2.240892e-007 10.0355
-2.238892e-007 10.0403
-2.236892e-007 9.97228
-2.234892e-007 9.90391
-2.232892e-007 9.93775
-2.230892e-007 9.97228
-2.228892e-007 9.91531
-2.226892e-007 9.82934
-2.224892e-007 9.85454
-2.222892e-007 10.0234
-2.220892e-007 10.1352
-2.218892e-007 10.0479
-2.216892e-007 9.93844
-2.214892e-007 9.97987
-2.212892e-007 10.0748
-2.210892e-007 10.1107
-2.208892e-007 10.079
-2.206892e-007 10.0034
-2.204892e-007 9.93568
-2.202892e-007 9.91703
-2.200892e-007 9.95467
-2.198892e-007 10.0158
-2.196892e-007 10.0337
-2.194892e-007 9.97504
-2.192892e-007 9.92843
-2.190892e-007 9.95605
-2.188892e-007 10.0134
-2.186892e-007 10.109
-2.184892e-007 10.2309
-2.182892e-007 10.2948
-2.180892e-007 10.2533
-2.178892e-007 10.1435
-2.176892e-007 10.1007
-2.174892e-007 10.1794
-2.172892e-007 10.2078
-2.170892e-007 10.0783
-2.168892e-007 9.96054
-2.166892e-007 10.0006
-2.164892e-007 10.0859
-2.162892e-007 10.0862
-2.160892e-007 10.0455
-2.158892e-007 10.0341
-2.156892e-007 10.0341
-2.154892e-007 10.0368
-2.152892e-007 10.081
-2.150892e-007 10.1173
-2.148892e-007 10.07
-2.146892e-007 10.0199
-2.144892e-007 10.0538
-2.142892e-007 10.1042
-2.140892e-007 10.1511
-2.138892e-007 10.2264
-2.136892e-007 10.2261
-2.134892e-007 10.1563
-2.132892e-007 10.1677
-2.130892e-007 10.175
-2.128892e-007 10.0841
-2.126892e-007 10.0393
-2.124892e-007 10.0244
-2.122892e-007 9.93464
-2.120892e-007 9.89666
-2.118892e-007 9.98125
-2.116892e-007 10.0869
-2.114892e-007 10.1242
-2.112892e-007 10.0358
-2.110892e-007 9.90771
-2.108892e-007 9.91876
-2.106892e-007 10.021
-2.104892e-007 10.0482
-2.102892e-007 10.0096
-2.100892e-007 9.98989
-2.098892e-007 9.98678
-2.096892e-007 9.97021
-2.094892e-007 9.98643
-2.092892e-007 10.0855
-2.090892e-007 10.1677
-2.088892e-007 10.1059
-2.086892e-007 9.9816
-2.084892e-007 9.96365
-2.082892e-007 10.0009
-2.080892e-007 9.97262
-2.078892e-007 9.9595
-2.076892e-007 9.97746
-2.074892e-007 9.92221
-2.072892e-007 9.86317
-2.070892e-007 9.88561
-2.068892e-007 9.94569
-2.066892e-007 9.9999
-2.064892e-007 10.0196
-2.062892e-007 10.041
-2.060892e-007 10.1087
-2.058892e-007 10.1028
-2.056892e-007 9.96779
-2.054892e-007 9.89287
-2.052892e-007 9.9595
-2.050892e-007 10.0493
-2.048892e-007 10.1408
-2.046892e-007 10.2071
-2.044892e-007 10.1342
-2.042892e-007 10.0441
-2.040892e-007 10.0745
-2.038892e-007 10.061
-2.036892e-007 9.94397
-2.034892e-007 9.88769
-2.032892e-007 9.93223
-2.030892e-007 9.97538
-2.028892e-007 9.97228
-2.026892e-007 9.96779
-2.024892e-007 10.0234
-2.022892e-007 10.1204
-2.020892e-007 10.1881
-2.018892e-007 10.2323
-2.016892e-007 10.2371
-2.014892e-007 10.1701
-2.012892e-007 10.1031
-2.010892e-007 10.061
-2.008892e-007 10.0358
-2.006892e-007 10.0841
-2.004892e-007 10.1522
-2.002892e-007 10.1135
-2.000892e-007 10.0116
-1.998892e-007 9.9709
-1.996892e-007 10.0037
-1.994892e-007 10.0482
-1.992892e-007 10.0396
-1.990892e-007 9.9778
-1.988892e-007 9.94983
-1.986892e-007 10.0065
-1.984892e-007 10.0883
-1.982892e-007 10.0955
-1.980892e-007 10.0479
-1.978892e-007 10.0534
-1.976892e-007 10.0945
-1.974892e-007 10.0728
-1.972892e-007 9.98471
-1.970892e-007 9.97469
-1.968892e-007 10.0462
-1.966892e-007 10.0172
-1.964892e-007 9.92601
-1.962892e-007 9.88561
-1.960892e-007 9.86041
-1.958892e-007 9.87457
-1.956892e-007 9.9198
-1.954892e-007 9.90806
-1.952892e-007 9.88769
-1.950892e-007 9.9084
-1.948892e-007 9.92256
-1.946892e-007 9.95191
-1.944892e-007 9.95743
-1.942892e-007 9.90564
-1.940892e-007 9.91911
-1.938892e-007 9.97573
-1.936892e-007 9.95605
-1.934892e-007 9.90702
-1.932892e-007 9.91013
-1.930892e-007 9.96123
-1.928892e-007 9.99783
-1.926892e-007 9.97021
-1.924892e-007 9.92705
-1.922892e-007 9.9671
-1.920892e-007 10.0721
-1.918892e-007 10.1035
-1.916892e-007 10.0334
-1.914892e-007 9.96848
-1.912892e-007 9.92912
-1.910892e-007 9.89321
-1.908892e-007 9.89321
-1.906892e-007 9.9267
-1.904892e-007 9.99161
-1.902892e-007 10.0565
-1.900892e-007 10.0344
-1.898892e-007 9.97262
-1.896892e-007 9.95053
-1.894892e-007 9.94293
-1.892892e-007 9.94638
-1.890892e-007 9.96054
-1.888892e-007 10.0075
-1.886892e-007 10.0731
-1.884892e-007 10.0137
-1.882892e-007 9.86179
-1.880892e-007 9.82208
-1.878892e-007 9.87284
-1.876892e-007 9.86732
-1.874892e-007 9.85627
-1.872892e-007 9.93257
-1.870892e-007 10.0282
-1.868892e-007 10.0765
-1.866892e-007 10.1045
-1.864892e-007 10.1542
-1.862892e-007 10.1953
-1.860892e-007 10.1598
-1.858892e-007 10.1232
-1.856892e-007 10.1573
-1.854892e-007 10.1487
-1.852892e-007 10.0993
-1.850892e-007 10.1194
-1.848892e-007 10.1111
-1.846892e-007 10.0341
-1.844892e-007 10.0548
-1.842892e-007 10.1225
-1.840892e-007 10.0703
-1.838892e-007 9.99576
-1.836892e-007 10.002
-1.834892e-007 10.0189
-1.832892e-007 9.99817
-1.830892e-007 9.9633
-1.828892e-007 9.95916
-1.826892e-007 9.99161
-1.824892e-007 10.0141
-1.822892e-007 10.021
-1.820892e-007 10.0596
-1.818892e-007 10.1366
-1.816892e-007 10.204
-1.814892e-007 10.244
-1.812892e-007 10.2468
-1.810892e-007 10.1587
-1.808892e-007 10.0089
-1.806892e-007 9.93464
-1.804892e-007 9.98264
-1.802892e-007 10.0652
-1.800892e-007 10.0955
-1.798892e-007 10.0555
-1.796892e-007 9.97884
-1.794892e-007 9.90253
-1.792892e-007 9.89183
-1.790892e-007 9.95709
-1.788892e-007 9.94845
-1.786892e-007 9.84487
-1.784892e-007 9.84729
-1.782892e-007 9.93982
-1.780892e-007 9.93533
-1.778892e-007 9.88872
-1.776892e-007 9.92118
-1.774892e-007 9.98194
-1.772892e-007 10.0113
-1.770892e-007 10.0113
-1.768892e-007 9.99161
-1.766892e-007 9.95294
-1.764892e-007 9.92498
-1.762892e-007 9.98333
-1.760892e-007 10.1107
-1.758892e-007 10.1325
-1.756892e-007 10.0192
-1.754892e-007 9.97608
-1.752892e-007 10.0251
-1.750892e-007 9.98851
-1.748892e-007 9.91324
-1.746892e-007 9.93464
-1.744892e-007 9.97918
-1.742892e-007 10.0065
-1.740892e-007 10.0655
-1.738892e-007 10.11
-1.736892e-007 10.1266
-1.734892e-007 10.1836
-1.732892e-007 10.2423
-1.730892e-007 10.1767
-1.728892e-007 10.0365
-1.726892e-007 10.0355
-1.724892e-007 10.1387
-1.722892e-007 10.1159
-1.720892e-007 10.0158
-1.718892e-007 9.94914
-1.716892e-007 9.87457
-1.714892e-007 9.89183
-1.712892e-007 10.0538
-1.710892e-007 10.1881
-1.708892e-007 10.2088
-1.706892e-007 10.1722
-1.704892e-007 10.167
-1.702892e-007 10.245
-1.700892e-007 10.2834
-1.698892e-007 10.1701
-1.696892e-007 10.0538
-1.694892e-007 10.0562
-1.692892e-007 10.0413
-1.690892e-007 9.96606
-1.688892e-007 9.97815
-1.686892e-007 10.0531
-1.684892e-007 10.0393
-1.682892e-007 9.96399
-1.680892e-007 9.94569
-1.678892e-007 9.99886
-1.676892e-007 10.0434
-1.674892e-007 10.0389
-1.672892e-007 10.0444
-1.670892e-007 10.0821
-1.668892e-007 10.1042
-1.666892e-007 10.0762
-1.664892e-007 10.0051
-1.662892e-007 9.96986
-1.660892e-007 9.99334
-1.658892e-007 9.99058
-1.656892e-007 9.95778
-1.654892e-007 9.94845
-1.652892e-007 9.97884
-1.650892e-007 10.0244
-1.648892e-007 10.0396
-1.646892e-007 10.0403
-1.644892e-007 10.0034
-1.642892e-007 9.90391
-1.640892e-007 9.88285
-1.638892e-007 9.97608
-1.636892e-007 10.0237
-1.634892e-007 10.0054
-1.632892e-007 9.95225
-1.630892e-007 9.85454
-1.628892e-007 9.79619
-1.626892e-007 9.79895
-1.624892e-007 9.82899
-1.622892e-007 9.91289
-1.620892e-007 9.9854
-1.618892e-007 9.95916
-1.616892e-007 9.9046
-1.614892e-007 9.91911
-1.612892e-007 10.0199
-1.610892e-007 10.1346
-1.608892e-007 10.1491
-1.606892e-007 10.0828
-1.604892e-007 10.069
-1.602892e-007 10.0672
-1.600892e-007 9.98229
-1.598892e-007 9.95294
-1.596892e-007 10.0393
-1.594892e-007 10.0772
-1.592892e-007 10.0141
-1.590892e-007 9.93775
-1.588892e-007 9.90288
-1.586892e-007 9.92739
-1.584892e-007 10.0116
-1.582892e-007 10.118
-1.580892e-007 10.1573
-1.578892e-007 10.0803
-1.576892e-007 10.0103
-1.574892e-007 10.0372
-1.572892e-007 10.0803
-1.570892e-007 10.1052
-1.568892e-007 10.1097
-1.566892e-007 10.071
-1.564892e-007 10.0241
-1.562892e-007 9.97849
-1.560892e-007 9.91289
-1.558892e-007 9.84004
-1.556892e-007 9.79377
-1.554892e-007 9.85661
-1.552892e-007 10.0237
-1.550892e-007 10.1228
-1.548892e-007 10.1087
-1.546892e-007 10.0952
-1.544892e-007 10.0876
-1.542892e-007 10.0897
-1.540892e-007 10.158
-1.538892e-007 10.2243
-1.536892e-007 10.2115
-1.534892e-007 10.1632
-1.532892e-007 10.1097
-1.530892e-007 10.0213
-1.528892e-007 9.94327
-1.526892e-007 9.95778
-1.524892e-007 9.99921
-1.522892e-007 9.99472
-1.520892e-007 9.97849
-1.518892e-007 9.98678
-1.516892e-007 10.05
-1.514892e-007 10.1118
-1.512892e-007 10.0669
-1.510892e-007 9.95467
-1.508892e-007 9.9122
-1.506892e-007 10.0027
-1.504892e-007 10.1111
-1.502892e-007 10.1035
-1.500892e-007 10.0424
-1.498892e-007 10.0382
-1.496892e-007 10.0917
-1.494892e-007 10.1204
-1.492892e-007 10.0672
-1.490892e-007 9.99645
-1.488892e-007 9.9923
-1.486892e-007 10.0258
-1.484892e-007 10.0151
-1.482892e-007 9.96606
-1.480892e-007 9.92152
-1.478892e-007 9.88009
-1.476892e-007 9.83659
-1.474892e-007 9.8138
-1.472892e-007 9.87457
-1.470892e-007 9.94638
-1.468892e-007 9.92636
-1.466892e-007 9.92808
-1.464892e-007 9.9381
-1.462892e-007 9.86421
-1.460892e-007 9.84556
-1.458892e-007 9.94293
-1.456892e-007 10.0465
-1.454892e-007 10.0897
-1.452892e-007 10.0593
-1.450892e-007 10.0251
-1.448892e-007 10.0586
-1.446892e-007 10.1035
-1.444892e-007 10.1166
-1.442892e-007 10.0948
-1.440892e-007 10.0189
-1.438892e-007 9.95709
-1.436892e-007 9.97366
-1.434892e-007 10.0106
-1.432892e-007 10.0261
-1.430892e-007 10.0075
-1.428892e-007 9.93119
-1.426892e-007 9.89045
-1.424892e-007 9.97987
-1.422892e-007 10.1432
-1.420892e-007 10.2637
-1.418892e-007 10.2378
-1.416892e-007 10.0921
-1.414892e-007 9.96779
-1.412892e-007 9.94431
-1.410892e-007 10.0099
-1.408892e-007 10.0914
-1.406892e-007 10.0841
-1.404892e-007 9.96675
-1.402892e-007 9.87664
-1.400892e-007 9.91013
-1.398892e-007 9.92877
-1.396892e-007 9.86593
-1.394892e-007 9.89287
-1.392892e-007 10.002
-1.390892e-007 10.0279
-1.388892e-007 10.0413
-1.386892e-007 10.1273
-1.384892e-007 10.1639
-1.382892e-007 10.1021
-1.380892e-007 10.0047
-1.378892e-007 9.96192
-1.376892e-007 10.0462
-1.374892e-007 10.1314
-1.372892e-007 10.1069
-1.370892e-007 10.081
-1.368892e-007 10.0838
-1.366892e-007 10.0389
-1.364892e-007 9.99955
-1.362892e-007 10.0134
-1.360892e-007 10.0313
-1.358892e-007 10.031
-1.356892e-007 9.9923
-1.354892e-007 9.95743
-1.352892e-007 10.0362
-1.350892e-007 10.1183
-1.348892e-007 10.0189
-1.346892e-007 9.86973
-1.344892e-007 9.87871
-1.342892e-007 10.0313
-1.340892e-007 10.1632
-1.338892e-007 10.1314
-1.336892e-007 10.0448
-1.334892e-007 10.0631
-1.332892e-007 10.1004
-1.330892e-007 10.0382
-1.328892e-007 9.87284
-1.326892e-007 9.70884
-1.324892e-007 9.73197
-1.322892e-007 9.93637
-1.320892e-007 10.0589
-1.318892e-007 9.95087
-1.316892e-007 9.78825
-1.314892e-007 9.79723
-1.312892e-007 9.94327
-1.310892e-007 10.0292
-1.308892e-007 9.98402
-1.306892e-007 9.90909
-1.304892e-007 9.88044
-1.302892e-007 9.85281
-1.300892e-007 9.80793
-1.298892e-007 9.84487
-1.296892e-007 9.98229
-1.294892e-007 10.0914
-1.292892e-007 10.1235
-1.290892e-007 10.1321
-1.288892e-007 10.1049
-1.286892e-007 10.0065
-1.284892e-007 9.94949
-1.282892e-007 10.0413
-1.280892e-007 10.1346
-1.278892e-007 10.0983
-1.276892e-007 10.0334
-1.274892e-007 10.0158
-1.272892e-007 9.9999
-1.270892e-007 9.97677
-1.268892e-007 9.98505
-1.266892e-007 10.0175
-1.264892e-007 10.0797
-1.262892e-007 10.1549
-1.260892e-007 10.1591
-1.258892e-007 10.0917
-1.256892e-007 10.0365
-1.254892e-007 10.0313
-1.252892e-007 10.08
-1.250892e-007 10.1953
-1.248892e-007 10.2716
-1.246892e-007 10.1705
-1.244892e-007 9.99127
-1.242892e-007 9.89217
-1.240892e-007 9.86559
-1.238892e-007 9.87595
-1.236892e-007 9.89701
-1.234892e-007 9.89943
-1.232892e-007 9.95847
-1.230892e-007 10.0986
-1.228892e-007 10.1256
-1.226892e-007 9.98747
-1.224892e-007 9.95639
-1.222892e-007 10.1276
-1.220892e-007 10.2809
-1.218892e-007 10.3034
-1.216892e-007 10.2606
-1.214892e-007 10.1988
-1.212892e-007 10.1394
-1.210892e-007 10.1401
-1.208892e-007 10.1819
-1.206892e-007 10.1504
-1.204892e-007 10.0589
-1.202892e-007 10.0182
-1.200892e-007 10.0037
-1.198892e-007 9.94535
-1.196892e-007 9.92912
-1.194892e-007 10.0206
-1.192892e-007 10.1111
-1.190892e-007 10.0973
-1.188892e-007 9.99714
-1.186892e-007 9.916
-1.184892e-007 9.93464
-1.182892e-007 10.0223
-1.180892e-007 10.1194
-1.178892e-007 10.176
-1.176892e-007 10.1522
-1.174892e-007 10.1156
-1.172892e-007 10.157
-1.170892e-007 10.195
-1.168892e-007 10.1152
-1.166892e-007 9.98816
-1.164892e-007 9.90875
-1.162892e-007 9.90357
-1.160892e-007 9.98091
-1.158892e-007 10.04
-1.156892e-007 10.0317
-1.154892e-007 10.0645
-1.152892e-007 10.1242
-1.150892e-007 10.1328
-1.148892e-007 10.1042
-1.146892e-007 10.0058
-1.144892e-007 9.87353
-1.142892e-007 9.88458
-1.140892e-007 10.0096
-1.138892e-007 10.0665
-1.136892e-007 10.0627
-1.134892e-007 10.099
-1.132892e-007 10.1587
-1.130892e-007 10.1221
-1.128892e-007 9.99092
-1.126892e-007 9.93879
-1.124892e-007 10.0113
-1.122892e-007 10.062
-1.120892e-007 10.0078
-1.118892e-007 9.90737
-1.116892e-007 9.8832
-1.114892e-007 9.98609
-1.112892e-007 10.0928
-1.110892e-007 10.0586
-1.108892e-007 9.92394
-1.106892e-007 9.86041
-1.104892e-007 9.9412
-1.102892e-007 10.0859
-1.100892e-007 10.2136
-1.098892e-007 10.2402
-1.096892e-007 10.1204
-1.094892e-007 10.0078
-1.092892e-007 10.0027
-1.090892e-007 10.0051
-1.088892e-007 10.0372
-1.086892e-007 10.1453
-1.084892e-007 10.2036
-1.082892e-007 10.1529
-1.080892e-007 10.0627
-1.078892e-007 9.98678
-1.076892e-007 9.96986
-1.074892e-007 9.9999
-1.072892e-007 9.98125
-1.070892e-007 9.9412
-1.068892e-007 10.0009
-1.066892e-007 10.1335
-1.064892e-007 10.1998
-1.062892e-007 10.1546
-1.060892e-007 10.0645
-1.058892e-007 10.0082
-1.056892e-007 10.0203
-1.054892e-007 10.0638
-1.052892e-007 10.1056
-1.050892e-007 10.1045
-1.048892e-007 10.0358
-1.046892e-007 10.0027
-1.044892e-007 10.06
-1.042892e-007 10.1114
-1.040892e-007 10.129
-1.038892e-007 10.1511
-1.036892e-007 10.1428
-1.034892e-007 10.089
-1.032892e-007 10.0303
-1.030892e-007 10.0296
-1.028892e-007 10.0817
-1.026892e-007 10.0873
-1.024892e-007 10.0372
-1.022892e-007 9.98712
-1.020892e-007 9.97711
-1.018892e-007 10.0448
-1.016892e-007 10.1359
-1.014892e-007 10.1532
-1.012892e-007 10.1062
-1.010892e-007 10.0541
-1.008892e-007 9.98816
-1.006892e-007 9.90668
-1.004892e-007 9.90081
-1.002892e-007 10.0244
-1.000892e-007 10.1214
-9.988919e-008 10.0548
-9.968919e-008 9.97884
-9.948919e-008 10.0344
-9.928919e-008 10.09
-9.908919e-008 10.032
-9.888919e-008 9.97159
-9.868919e-008 10.0282
-9.848919e-008 10.079
-9.828919e-008 9.95398
-9.808919e-008 9.77409
-9.788919e-008 9.7154
-9.768919e-008 9.78963
-9.748919e-008 9.97262
-9.728919e-008 10.127
-9.708919e-008 10.1049
-9.688919e-008 10.0141
-9.668919e-008 9.99576
-9.648919e-008 10.022
-9.628919e-008 10.0455
-9.608919e-008 10.0327
-9.588919e-008 9.99886
-9.568919e-008 10.0251
-9.548919e-008 10.079
-9.528919e-008 10.0541
-9.508919e-008 9.97228
-9.488919e-008 9.94362
-9.468919e-008 10.0393
-9.448919e-008 10.233
-9.428919e-008 10.3621
-9.408919e-008 10.2955
-9.388919e-008 10.1335
-9.368919e-008 10.0406
-9.348919e-008 10.0217
-9.328919e-008 10.022
-9.308919e-008 10.0151
-9.288919e-008 10.0013
-9.268919e-008 10.0206
-9.248919e-008 10.0431
-9.228919e-008 10.0545
-9.208919e-008 10.0835
-9.188919e-008 10.0465
-9.168919e-008 9.97987
-9.148919e-008 10.0258
-9.128919e-008 10.0648
-9.108919e-008 9.98298
-9.088919e-008 9.94189
-9.068919e-008 10.0351
-9.048919e-008 10.1453
-9.028919e-008 10.1587
-9.008919e-008 10.1045
-8.988919e-008 10.0845
-8.968919e-008 10.1411
-8.948919e-008 10.2102
-8.928919e-008 10.1798
-8.908919e-008 10.0479
-8.888919e-008 9.92843
-8.868919e-008 9.9122
-8.848919e-008 9.95709
-8.828919e-008 9.9526
-8.808919e-008 9.94535
-8.788919e-008 9.9892
-8.768919e-008 10.0071
-8.748919e-008 10.0189
-8.728919e-008 10.0724
-8.708919e-008 10.109
-8.688919e-008 10.0807
-8.668919e-008 10.0047
-8.648919e-008 9.95709
-8.628919e-008 10.0002
-8.608919e-008 10.0955
-8.588919e-008 10.1549
-8.568919e-008 10.1529
-8.548919e-008 10.1118
-8.528919e-008 10.0676
-8.508919e-008 10.0779
-8.488919e-008 10.1073
-8.468919e-008 10.0469
-8.448919e-008 9.93913
-8.428919e-008 9.92498
-8.408919e-008 9.96848
-8.388919e-008 9.95225
-8.368919e-008 9.90875
-8.348919e-008 9.91186
-8.328919e-008 9.97193
-8.308919e-008 10.0448
-8.288919e-008 10.0479
-8.268919e-008 9.95916
-8.248919e-008 9.86421
-8.228919e-008 9.85281
-8.208919e-008 9.91358
-8.188919e-008 9.97918
-8.168919e-008 10.0337
-8.148919e-008 10.0962
-8.128919e-008 10.1542
-8.108919e-008 10.1863
-8.088919e-008 10.167
-8.068919e-008 10.118
-8.048919e-008 10.109
-8.028919e-008 10.1232
-8.008919e-008 10.0973
-7.988919e-008 10.0389
-7.968919e-008 9.9961
-7.948919e-008 9.97987
-7.928919e-008 9.94466
-7.908919e-008 9.88216
-7.888919e-008 9.87318
-7.868919e-008 9.95709
-7.848919e-008 10.0638
-7.828919e-008 10.1131
-7.808919e-008 10.0942
-7.788919e-008 10.0403
-7.768919e-008 9.98643
-7.748919e-008 9.95432
-7.728919e-008 9.96088
-7.708919e-008 9.99507
-7.688919e-008 10.0362
-7.668919e-008 10.0928
-7.648919e-008 10.0983
-7.628919e-008 9.99368
-7.608919e-008 9.91358
-7.588919e-008 9.94638
-7.568919e-008 9.97228
-7.548919e-008 9.9778
-7.528919e-008 10.0368
-7.508919e-008 10.023
-7.488919e-008 9.89908
-7.468919e-008 9.87388
-7.448919e-008 9.99714
-7.428919e-008 10.1214
-7.408919e-008 10.1511
-7.388919e-008 10.1204
-7.368919e-008 10.1352
-7.348919e-008 10.1857
-7.328919e-008 10.1418
-7.308919e-008 10.0217
-7.288919e-008 9.95398
-7.268919e-008 9.95122
-7.248919e-008 9.98229
-7.228919e-008 10.0569
-7.208919e-008 10.137
-7.188919e-008 10.1494
-7.168919e-008 10.0938
-7.148919e-008 10.0075
-7.128919e-008 9.91116
-7.108919e-008 9.88561
-7.088919e-008 9.97469
-7.068919e-008 10.0879
-7.048919e-008 10.1484
-7.028919e-008 10.098
-7.008919e-008 9.97504
-6.988919e-008 9.9854
-6.968919e-008 10.1304
-6.948919e-008 10.1729
-6.928919e-008 10.0803
-6.908919e-008 10.0158
-6.888919e-008 10.0179
-6.868919e-008 10.0061
-6.848919e-008 9.9778
-6.828919e-008 10.0158
-6.808919e-008 10.1042
-6.788919e-008 10.0983
-6.768919e-008 9.9999
-6.748919e-008 9.95985
-6.728919e-008 9.9381
-6.708919e-008 9.85489
-6.688919e-008 9.86524
-6.668919e-008 9.95329
-6.648919e-008 9.91151
-6.628919e-008 9.86559
-6.608919e-008 9.96572
-6.588919e-008 10.0486
-6.568919e-008 10.05
-6.548919e-008 10.0455
-6.528919e-008 10.0134
-6.508919e-008 9.98194
-6.488919e-008 10.0154
-6.468919e-008 10.0593
-6.448919e-008 10.061
-6.428919e-008 10.0579
-6.408919e-008 10.1011
-6.388919e-008 10.1501
-6.368919e-008 10.129
-6.348919e-008 10.0945
-6.328919e-008 10.1028
-6.308919e-008 10.0848
-6.288919e-008 10.0199
-6.268919e-008 9.99334
-6.248919e-008 10.0075
-6.228919e-008 9.99783
-6.208919e-008 10.0106
-6.188919e-008 10.0624
-6.168919e-008 10.0755
-6.148919e-008 10.0507
-6.128919e-008 10.0279
-6.108919e-008 10.0189
-6.088919e-008 10.0341
-6.068919e-008 10.0417
-6.048919e-008 10.0061
-6.028919e-008 9.94776
-6.008919e-008 9.91876
-5.988919e-008 9.94017
-5.968919e-008 9.9343
-5.948919e-008 9.84729
-5.928919e-008 9.80896
-5.908919e-008 9.91462
-5.888919e-008 10.0168
-5.868919e-008 10.0558
-5.848919e-008 10.1339
-5.828919e-008 10.1604
-5.808919e-008 10.0662
-5.788919e-008 10.0154
-5.768919e-008 10.0551
-5.748919e-008 10.0734
-5.728919e-008 10.0634
-5.708919e-008 10.0876
-5.688919e-008 10.1435
-5.668919e-008 10.1649
-5.648919e-008 10.098
-5.628919e-008 10.0144
-5.608919e-008 10.0106
-5.588919e-008 10.0486
-5.568919e-008 10.0821
-5.548919e-008 10.1235
-5.528919e-008 10.1484
-5.508919e-008 10.1321
-5.488919e-008 10.0752
-5.468919e-008 9.98574
-5.448919e-008 9.89908
-5.428919e-008 9.89977
-5.408919e-008 10.0051
-5.388919e-008 10.0493
-5.368919e-008 9.99334
-5.348919e-008 10.0379
-5.328919e-008 10.2167
-5.308919e-008 10.3258
-5.288919e-008 10.2564
-5.268919e-008 10.1218
-5.248919e-008 10.0496
-5.228919e-008 10.0389
-5.208919e-008 10.0462
-5.188919e-008 10.0393
-5.168919e-008 9.96848
-5.148919e-008 9.88147
-5.128919e-008 9.93154
-5.108919e-008 10.0545
-5.088919e-008 10.0545
-5.068919e-008 9.97815
-5.048919e-008 9.98851
-5.028919e-008 10.0745
-5.008919e-008 10.098
-4.988919e-008 10.0206
-4.968919e-008 9.96606
-4.948919e-008 9.99817
-4.928919e-008 10.0158
-4.908919e-008 9.98643
-4.888919e-008 9.94914
-4.868919e-008 9.90391
-4.848919e-008 9.9229
-4.828919e-008 9.99921
-4.808919e-008 10.0172
-4.788919e-008 10.0179
-4.768919e-008 10.0579
-4.748919e-008 10.061
-4.728919e-008 10.0147
-4.708919e-008 9.97711
-4.688919e-008 9.95916
-4.668919e-008 9.97608
-4.648919e-008 10.042
-4.628919e-008 10.1232
-4.608919e-008 10.1825
-4.588919e-008 10.1428
-4.568919e-008 9.98989
-4.548919e-008 9.92083
-4.528919e-008 10.0168
-4.508919e-008 10.0703
-4.488919e-008 10.0299
-4.468919e-008 10.032
-4.448919e-008 10.0386
-4.428919e-008 10.0168
-4.408919e-008 10.0396
-4.388919e-008 10.0341
-4.368919e-008 9.95743
-4.348919e-008 9.93395
-4.328919e-008 9.98609
-4.308919e-008 10.0213
-4.288919e-008 10.0027
-4.268919e-008 9.97435
-4.248919e-008 10.0051
-4.228919e-008 10.1018
-4.208919e-008 10.1667
-4.188919e-008 10.1111
-4.168919e-008 10.0386
-4.148919e-008 10.0579
-4.128919e-008 10.1
-4.108919e-008 10.1708
-4.088919e-008 10.235
-4.068919e-008 10.1563
-4.048919e-008 10.0317
-4.028919e-008 9.97573
-4.008919e-008 9.96641
-3.988919e-008 10.0127
-3.968919e-008 10.0192
-3.948919e-008 9.93879
-3.928919e-008 9.92118
-3.908919e-008 9.95536
-3.888919e-008 9.93844
-3.868919e-008 9.9412
-3.848919e-008 9.99299
-3.828919e-008 10.0424
-3.808919e-008 10.062
-3.788919e-008 10.0092
-3.768919e-008 9.94155
-3.748919e-008 9.9816
-3.728919e-008 10.0624
-3.708919e-008 10.0406
-3.688919e-008 9.95053
-3.668919e-008 9.89701
-3.648919e-008 9.93257
-3.628919e-008 10.0379
-3.608919e-008 10.0921
-3.588919e-008 10.041
-3.568919e-008 9.974
-3.548919e-008 9.93879
-3.528919e-008 9.96019
-3.508919e-008 10.022
-3.488919e-008 9.95812
-3.468919e-008 9.81587
-3.448919e-008 9.85765
-3.428919e-008 10.0199
-3.408919e-008 10.0672
-3.388919e-008 10.0037
-3.368919e-008 9.95881
-3.348919e-008 10.0009
-3.328919e-008 10.0731
-3.308919e-008 10.0379
-3.288919e-008 9.89148
-3.268919e-008 9.80171
-3.248919e-008 9.82278
-3.228919e-008 9.88009
-3.208919e-008 9.94362
-3.188919e-008 9.95639
-3.168919e-008 9.92843
-3.148919e-008 9.99265
-3.128919e-008 10.0907
-3.108919e-008 10.0569
-3.088919e-008 9.95674
-3.068919e-008 9.93775
-3.048919e-008 10.0103
-3.028919e-008 10.061
-3.008919e-008 10.0078
-2.988919e-008 9.97331
-2.968919e-008 10.0475
-2.948919e-008 10.0952
-2.928919e-008 10.0179
-2.908919e-008 9.91082
-2.888919e-008 9.89252
-2.868919e-008 9.94466
-2.848919e-008 9.97677
-2.828919e-008 9.96848
-2.808919e-008 9.94466
-2.788919e-008 9.91842
-2.768919e-008 9.88527
-2.748919e-008 9.839
-2.728919e-008 9.84522
-2.708919e-008 9.93948
-2.688919e-008 10.0444
-2.668919e-008 10.1121
-2.648919e-008 10.1546
-2.628919e-008 10.1808
-2.608919e-008 10.1656
-2.588919e-008 10.0759
-2.568919e-008 9.97504
-2.548919e-008 9.99403
-2.528919e-008 10.1111
-2.508919e-008 10.1522
-2.488919e-008 10.0589
-2.468919e-008 9.96088
-2.448919e-008 9.98402
-2.428919e-008 10.0793
-2.408919e-008 10.1335
-2.388919e-008 10.1618
-2.368919e-008 10.1984
-2.348919e-008 10.1591
-2.328919e-008 10.0455
-2.308919e-008 10.0109
-2.288919e-008 10.061
-2.268919e-008 10.0983
-2.248919e-008 10.1245
-2.228919e-008 10.1107
-2.208919e-008 10.021
-2.188919e-008 9.9961
-2.168919e-008 10.1394
-2.148919e-008 10.2937
-2.128919e-008 10.272
-2.108919e-008 10.071
-2.088919e-008 9.90529
-2.068919e-008 9.96434
-2.048919e-008 10.0824
-2.028919e-008 10.0745
-2.008919e-008 10.0413
-1.988919e-008 10.0258
-1.968919e-008 9.96675
-1.948919e-008 9.95087
-1.928919e-008 9.97746
-1.908919e-008 9.92498
-1.888919e-008 9.86421
-1.868919e-008 9.85212
-1.848919e-008 9.81414
-1.828919e-008 9.80309
-1.808919e-008 9.87836
-1.788919e-008 9.91807
-1.768919e-008 9.84936
-1.748919e-008 9.75925
-1.728919e-008 9.76512
-1.708919e-008 9.92877
-1.688919e-008 10.1111
-1.668919e-008 10.1366
-1.648919e-008 10.0731
-1.628919e-008 10.0258
-1.608919e-008 10.0337
-1.588919e-008 10.0952
-1.568919e-008 10.1011
-1.548919e-008 10.0265
-1.528919e-008 9.97849
-1.508919e-008 9.97849
-1.488919e-008 9.98264
-1.468919e-008 10.0044
-1.448919e-008 10.0324
-1.428919e-008 10.0341
-1.408919e-008 10.0362
-1.388919e-008 10.0589
-1.368919e-008 10.0986
-1.348919e-008 10.1263
-1.328919e-008 10.1111
-1.308919e-008 10.0969
-1.288919e-008 10.1311
-1.268919e-008 10.1694
-1.248919e-008 10.148
-1.228919e-008 10.0841
-1.208919e-008 10.0382
-1.188919e-008 10.0234
-1.168919e-008 10.0002
-1.148919e-008 9.98505
-1.128919e-008 10.0099
-1.108919e-008 10.012
-1.088919e-008 10.0034
-1.068919e-008 10.0658
-1.048919e-008 10.1235
-1.028919e-008 10.0983
-1.008919e-008 10.0817
-9.889187e-009 10.0976
-9.689187e-009 10.0759
-9.489187e-009 10.051
-9.289187e-009 10.0945
-9.089187e-009 10.1508
-8.889187e-009 10.1207
-8.689187e-009 10.0475
-8.489187e-009 9.98056
-8.289187e-009 9.90668
-8.089187e-009 9.91427
-7.889187e-009 10.0179
-7.689187e-009 10.0707
-7.489187e-009 10.0292
-7.289187e-009 9.98816
-7.089187e-009 9.99092
-6.889187e-009 10.0054
-6.689187e-009 10.0082
-6.489187e-009 10.0147
-6.289187e-009 10.0821
-6.089187e-009 10.2119
-5.889187e-009 10.2651
-5.689187e-009 10.1404
-5.489187e-009 9.95087
-5.289187e-009 9.87836
-5.089187e-009 9.91807
-4.889187e-009 9.9633
-4.689187e-009 9.98402
-4.489187e-009 9.96468
-4.289187e-009 9.9412
-4.089187e-009 9.97366
-3.889187e-009 10.0034
-3.689187e-009 9.99058
-3.489187e-009 10.0196
-3.289187e-009 10.1011
-3.089187e-009 10.1069
-2.889187e-009 10.0151
-2.689187e-009 9.93982
-2.489187e-009 9.93706
-2.289187e-009 9.92739
-2.089187e-009 9.8359
-1.889187e-009 9.72023
-1.689187e-009 9.57142
-1.489187e-009 9.13431
-1.289187e-009 8.21554
-1.089187e-009 7.00606
-8.891865e-010 5.81833
-6.891865e-010 4.72935
-4.891865e-010 3.7657
-2.891865e-010 2.9847
-8.918652e-011 2.30072
1.108135e-010 1.75105
3.108135e-010 1.52386
5.108135e-010 1.52558
7.108135e-010 1.50418
9.108135e-010 1.43443
1.110813e-009 1.37436
1.310813e-009 1.3129
1.510813e-009 1.31152
1.710813e-009 1.37505
1.910813e-009 1.37367
2.110813e-009 1.30634
2.310813e-009 1.24212
2.510813e-009 1.15718
2.710813e-009 1.11644
2.910813e-009 1.19654
3.110813e-009 1.26905
3.310813e-009 1.28562
3.510813e-009 1.33258
3.710813e-009 1.3236
3.910813e-009 1.18377
4.110813e-009 1.05291
4.310813e-009 1.03668
4.510813e-009 1.10712
4.710813e-009 1.24212
4.910813e-009 1.37159
5.110813e-009 1.39127
5.310813e-009 1.35502
5.510813e-009 1.36158
5.710813e-009 1.42097
5.910813e-009 1.48174
6.110813e-009 1.47034
6.310813e-009 1.44617
6.510813e-009 1.48761
6.710813e-009 1.5211
6.910813e-009 1.4624
7.110813e-009 1.35502
7.310813e-009 1.28562
7.510813e-009 1.24453
7.710813e-009 1.21933
7.910813e-009 1.23452
8.110813e-009 1.26939
8.310813e-009 1.27492
8.510813e-009 1.22106
8.710813e-009 1.17962
8.910813e-009 1.1962
9.110813e-009 1.17168
9.310813e-009 1.09054
9.510813e-009 1.0826
9.710813e-009 1.21795
9.910813e-009 1.36296
1.011081e-008 1.3526
1.031081e-008 1.26767
1.051081e-008 1.25766
1.071081e-008 1.30668
1.091081e-008 1.34639
1.111081e-008 1.35295
1.131081e-008 1.29874
1.151081e-008 1.19136
1.171081e-008 1.18549
1.191081e-008 1.31877
1.211081e-008 1.38541
1.231081e-008 1.32705
1.251081e-008 1.24315
1.271081e-008 1.17203
1.291081e-008 1.16547
1.311081e-008 1.21898
1.331081e-008 1.23763
1.351081e-008 1.21346
1.371081e-008 1.15649
1.391081e-008 1.04808
1.411081e-008 1.00872
1.431081e-008 1.10919
1.451081e-008 1.17652
1.471081e-008 1.12921
1.491081e-008 1.12438
1.511081e-008 1.21829
1.531081e-008 1.2511
1.551081e-008 1.17341
1.571081e-008 1.1375
1.591081e-008 1.19827
1.611081e-008 1.25179
1.631081e-008 1.21415
1.651081e-008 1.10712
1.671081e-008 1.02045
1.691081e-008 1.02805
1.711081e-008 1.10263
1.731081e-008 1.15546
1.751081e-008 1.16858
1.771081e-008 1.18895
1.791081e-008 1.23659
1.811081e-008 1.23521
1.831081e-008 1.1306
1.851081e-008 1.03116
1.871081e-008 1.04566
1.891081e-008 1.11644
1.911081e-008 1.13232
1.931081e-008 1.07984
1.951081e-008 1.02529
1.971081e-008 1.00457
1.991081e-008 0.971771
2.011081e-008 0.922743
2.031081e-008 0.927922
2.051081e-008 1.00112
2.071081e-008 1.08847
2.091081e-008 1.11368
2.111081e-008 1.07121
2.131081e-008 1.0391
2.151081e-008 1.03357
2.171081e-008 1.04186
2.191081e-008 1.08951
2.211081e-008 1.15718
2.231081e-008 1.17445
2.251081e-008 1.13543
2.271081e-008 1.08502
2.291081e-008 1.0498
2.311081e-008 1.06568
2.331081e-008 1.09331
2.351081e-008 1.07397
2.371081e-008 1.06879
2.391081e-008 1.10746
2.411081e-008 1.11126
2.431081e-008 1.03288
2.451081e-008 0.972807
2.471081e-008 1.0681
2.491081e-008 1.18584
2.511081e-008 1.08088
2.531081e-008 0.895467
2.551081e-008 0.906515
2.571081e-008 1.03979
2.591081e-008 1.10884
2.611081e-008 1.09503
2.631081e-008 1.06948
2.651081e-008 1.10056
2.671081e-008 1.18549
2.691081e-008 1.20276
2.711081e-008 1.11333
2.731081e-008 1.0353
2.751081e-008 1.00872
2.771081e-008 1.02529
2.791081e-008 1.11437
2.811081e-008 1.19309
2.831081e-008 1.15546
2.851081e-008 1.07294
2.871081e-008 1.07155
2.891081e-008 1.15442
2.911081e-008 1.18101
2.931081e-008 1.03979
2.951081e-008 0.864047
2.971081e-008 0.866809
2.991081e-008 1.01424
3.011081e-008 1.10263
3.031081e-008 1.0681
3.051081e-008 1.02909
3.071081e-008 1.06361
3.091081e-008 1.14303
3.111081e-008 1.21139
3.131081e-008 1.2069
3.151081e-008 1.15028
3.171081e-008 1.14544
3.191081e-008 1.19723
3.211081e-008 1.21484
3.231081e-008 1.16927
3.251081e-008 1.09434
3.271081e-008 1.03081
3.291081e-008 1.046
3.311081e-008 1.10436
3.331081e-008 1.06258
3.351081e-008 0.972807
3.371081e-008 1.0025
3.391081e-008 1.13163
3.411081e-008 1.21691
3.431081e-008 1.15649
3.451081e-008 1.03254
3.471081e-008 1.02529
3.491081e-008 1.07708
3.511081e-008 1.07155
3.531081e-008 1.07259
3.551081e-008 1.05464
3.571081e-008 0.971771
3.591081e-008 0.916873
3.611081e-008 0.949329
3.631081e-008 1.02149
3.651081e-008 1.05464
3.671081e-008 1.05187
3.691081e-008 1.05187
3.711081e-008 1.03219
3.731081e-008 1.00354
3.751081e-008 1.03357
3.771081e-008 1.10815
3.791081e-008 1.14406
3.811081e-008 1.152
3.831081e-008 1.17652
3.851081e-008 1.15062
3.871081e-008 1.06776
3.891081e-008 1.04911
3.911081e-008 1.094
3.931081e-008 1.10263
3.951081e-008 1.08882
3.971081e-008 1.12576
3.991081e-008 1.17686
4.011081e-008 1.15856
4.031081e-008 1.13474
4.051081e-008 1.18964
4.071081e-008 1.27078
4.091081e-008 1.28942
4.111081e-008 1.19136
4.131081e-008 1.02253
4.151081e-008 0.945876
4.171081e-008 1.02149
4.191081e-008 1.09193
4.211081e-008 1.0864
4.231081e-008 1.11575
4.251081e-008 1.19551
4.271081e-008 1.22313
4.291081e-008 1.18273
4.311081e-008 1.12852
4.331081e-008 1.08191
4.351081e-008 1.05153
4.371081e-008 1.04531
4.391081e-008 1.08537
4.411081e-008 1.13336
4.431081e-008 1.10228
4.451081e-008 1.03185
4.471081e-008 1.02045
4.491081e-008 1.06292
4.511081e-008 1.09054
4.531081e-008 1.06223
4.551081e-008 1.00008
4.571081e-008 0.989725
4.591081e-008 1.06258
4.611081e-008 1.12231
4.631081e-008 1.094
4.651081e-008 1.05395
4.671081e-008 1.07432
4.691081e-008 1.10574
4.711081e-008 1.12991
4.731081e-008 1.12749
4.751081e-008 1.07501
4.771081e-008 1.06948
4.791081e-008 1.1413
4.811081e-008 1.18826
4.831081e-008 1.14544
4.851081e-008 1.0284
4.871081e-008 0.95071
4.891081e-008 0.975915
4.911081e-008 1.02011
4.931081e-008 1.05636
4.951081e-008 1.12991
4.971081e-008 1.22002
4.991081e-008 1.2473
5.011081e-008 1.17168
5.031081e-008 1.07294
5.051081e-008 1.05671
5.071081e-008 1.12783
5.091081e-008 1.21001
5.111081e-008 1.20103
5.131081e-008 1.11575
5.151081e-008 1.07017
5.171081e-008 1.08537
5.191081e-008 1.13716
5.211081e-008 1.15891
5.231081e-008 1.05015
5.251081e-008 0.907896
5.271081e-008 0.888216
5.291081e-008 0.940697
5.311081e-008 0.994214
5.331081e-008 1.09089
5.351081e-008 1.22658
5.371081e-008 1.3053
5.391081e-008 1.23176
5.411081e-008 1.06189
5.431081e-008 1.02184
5.451081e-008 1.16547
5.471081e-008 1.28977
5.491081e-008 1.27906
5.511081e-008 1.21277
5.531081e-008 1.18687
5.551081e-008 1.19102
5.571081e-008 1.16685
5.591081e-008 1.13439
5.611081e-008 1.14303
5.631081e-008 1.14613
5.651081e-008 1.12127
5.671081e-008 1.14441
5.691081e-008 1.19447
5.711081e-008 1.16996
5.731081e-008 1.05636
5.751081e-008 0.962449
5.771081e-008 1.02529
5.791081e-008 1.17548
5.811081e-008 1.20172
5.831081e-008 1.12507
5.851081e-008 1.11575
5.871081e-008 1.1413
5.891081e-008 1.12921
5.911081e-008 1.12645
5.931081e-008 1.11989
5.951081e-008 1.08537
5.971081e-008 1.0757
5.991081e-008 1.10677
6.011081e-008 1.10884
6.031081e-008 1.06534
6.051081e-008 1.05049
6.071081e-008 1.08295
6.091081e-008 1.10919
6.111081e-008 1.08398
6.131081e-008 1.03427
6.151081e-008 1.01597
6.171081e-008 1.02736
6.191081e-008 1.03599
6.211081e-008 1.05636
6.231081e-008 1.10401
6.251081e-008 1.11333
6.271081e-008 1.06707
6.291081e-008 1.06016
6.311081e-008 1.12956
6.331081e-008 1.22002
6.351081e-008 1.23659
6.371081e-008 1.14613
6.391081e-008 1.0574
6.411081e-008 1.04911
6.431081e-008 1.0978
6.451081e-008 1.15822
6.471081e-008 1.15028
6.491081e-008 1.06154
6.511081e-008 1.03565
6.531081e-008 1.14613
6.551081e-008 1.29978
6.571081e-008 1.42097
6.591081e-008 1.43202
6.611081e-008 1.29874
6.631081e-008 1.18687
6.651081e-008 1.16443
6.671081e-008 1.12783
6.691081e-008 1.11989
6.711081e-008 1.17306
6.731081e-008 1.18273
6.751081e-008 1.11161
6.771081e-008 1.03081
6.791081e-008 1.05084
6.811081e-008 1.20483
6.831081e-008 1.32464
6.851081e-008 1.25593
6.871081e-008 1.11713
6.891081e-008 1.06534
6.911081e-008 1.10677
6.931081e-008 1.21173
6.951081e-008 1.30772
6.971081e-008 1.33672
6.991081e-008 1.29322
7.011081e-008 1.17237
7.031081e-008 1.09296
7.051081e-008 1.14095
7.071081e-008 1.18273
7.091081e-008 1.14441
7.111081e-008 1.09538
7.131081e-008 1.07225
7.151081e-008 1.08088
7.171081e-008 1.1123
7.191081e-008 1.1085
7.211081e-008 1.07432
7.231081e-008 1.09745
7.251081e-008 1.15062
7.271081e-008 1.15925
7.291081e-008 1.16547
7.311081e-008 1.17721
7.331081e-008 1.14648
7.351081e-008 1.15373
7.371081e-008 1.24384
7.391081e-008 1.29356
7.411081e-008 1.26698
7.431081e-008 1.25351
7.451081e-008 1.29287
7.471081e-008 1.31048
7.491081e-008 1.23625
7.511081e-008 1.17272
7.531081e-008 1.17859
7.551081e-008 1.13577
7.571081e-008 1.09503
7.591081e-008 1.19482
7.611081e-008 1.27561
7.631081e-008 1.15684
7.651081e-008 0.980403
7.671081e-008 0.943459
7.691081e-008 1.05671
7.711081e-008 1.21277
7.731081e-008 1.25696
7.751081e-008 1.16443
7.771081e-008 1.08847
7.791081e-008 1.08675
7.811081e-008 1.11057
7.831081e-008 1.17168
7.851081e-008 1.23867
7.871081e-008 1.21829
7.891081e-008 1.13439
7.911081e-008 1.10401
7.931081e-008 1.14544
7.951081e-008 1.17893
7.971081e-008 1.1634
7.991081e-008 1.13647
8.011081e-008 1.14475
8.031081e-008 1.13508
8.051081e-008 1.05153
8.071081e-008 0.971771
8.091081e-008 0.974534
8.111081e-008 1.03461
8.131081e-008 1.11713
8.151081e-008 1.22209
8.171081e-008 1.28459
8.191081e-008 1.22693
8.211081e-008 1.10056
8.231081e-008 1.03599
8.251081e-008 1.10194
8.271081e-008 1.18757
8.291081e-008 1.20207
8.311081e-008 1.2214
8.331081e-008 1.20379
8.351081e-008 1.10401
8.371081e-008 1.07639
8.391081e-008 1.12473
8.411081e-008 1.09365
8.431081e-008 0.999048
8.451081e-008 0.979022
8.471081e-008 1.03841
8.491081e-008 1.07432
8.511081e-008 1.10781
8.531081e-008 1.1848
8.551081e-008 1.22175
8.571081e-008 1.19689
8.591081e-008 1.19896
8.611081e-008 1.24281
8.631081e-008 1.25627
8.651081e-008 1.23418
8.671081e-008 1.26663
8.691081e-008 1.34087
8.711081e-008 1.33223
8.731081e-008 1.24868
8.751081e-008 1.1817
8.771081e-008 1.16685
8.791081e-008 1.18342
8.811081e-008 1.17065
8.831081e-008 1.10505
8.851081e-008 1.05498
8.871081e-008 1.094
8.891081e-008 1.15615
8.911081e-008 1.15097
8.931081e-008 1.09503
8.951081e-008 1.03599
8.971081e-008 1.0467
8.991081e-008 1.17928
9.011081e-008 1.33914
9.031081e-008 1.35744
9.051081e-008 1.23314
9.071081e-008 1.13439
9.091081e-008 1.14613
9.111081e-008 1.19309
9.131081e-008 1.16927
9.151081e-008 1.08951
9.171081e-008 1.06154
9.191081e-008 1.13439
9.211081e-008 1.2328
9.231081e-008 1.20656
9.251081e-008 1.07673
9.271081e-008 1.06638
9.291081e-008 1.19654
9.311081e-008 1.24108
9.331081e-008 1.15442
9.351081e-008 1.05774
9.371081e-008 0.991797
9.391081e-008 0.990761
9.411081e-008 1.06568
9.431081e-008 1.14441
9.451081e-008 1.16616
9.471081e-008 1.13647
9.491081e-008 1.12093
9.511081e-008 1.11609
9.531081e-008 1.07535
9.551081e-008 1.09538
9.571081e-008 1.19343
9.591081e-008 1.24039
9.611081e-008 1.2542
9.631081e-008 1.25593
9.651081e-008 1.18757
9.671081e-008 1.12024
9.691081e-008 1.13267
9.711081e-008 1.14855
9.731081e-008 1.10366
9.751081e-008 1.0826
9.771081e-008 1.15787
9.791081e-008 1.28804
9.811081e-008 1.40336
9.831081e-008 1.40888
9.851081e-008 1.27492
9.871081e-008 1.15373
9.891081e-008 1.15028
9.911081e-008 1.15615
9.931081e-008 1.11195
9.951081e-008 1.08329
9.971081e-008 1.08985
9.991081e-008 1.11195
1.001108e-007 1.12714
1.003108e-007 1.14648
1.005108e-007 1.18101
1.007108e-007 1.17548
1.009108e-007 1.12887
1.011108e-007 1.1268
1.013108e-007 1.21933
1.015108e-007 1.34846
1.017108e-007 1.38126
1.019108e-007 1.28321
1.021108e-007 1.19758
1.023108e-007 1.21588
1.025108e-007 1.2504
1.027108e-007 1.22002
1.029108e-007 1.13232
1.031108e-007 1.02667
1.033108e-007 1.01044
1.035108e-007 1.14959
1.037108e-007 1.3091
1.039108e-007 1.32395
1.041108e-007 1.21001
1.043108e-007 1.094
1.045108e-007 1.09572
1.047108e-007 1.21139
1.049108e-007 1.24695
1.051108e-007 1.14095
1.053108e-007 1.07328
1.055108e-007 1.12231
1.057108e-007 1.23694
1.059108e-007 1.33292
1.061108e-007 1.31462
1.063108e-007 1.22278
1.065108e-007 1.22244
1.067108e-007 1.32084
1.069108e-007 1.31911
1.071108e-007 1.20656
1.073108e-007 1.14924
1.075108e-007 1.1817
1.077108e-007 1.25351
1.079108e-007 1.30841
1.081108e-007 1.32395
1.083108e-007 1.34432
1.085108e-007 1.36918
1.087108e-007 1.33845
1.089108e-007 1.25386
1.091108e-007 1.16029
1.093108e-007 1.07052
1.095108e-007 1.03841
1.097108e-007 1.08951
1.099108e-007 1.12714
1.101108e-007 1.10919
1.103108e-007 1.12404
1.105108e-007 1.21277
1.107108e-007 1.30323
1.109108e-007 1.29149
1.111108e-007 1.20276
1.113108e-007 1.17928
1.115108e-007 1.21415
1.117108e-007 1.21001
1.119108e-007 1.20621
1.121108e-007 1.24005
1.123108e-007 1.25317
1.125108e-007 1.20172
1.127108e-007 1.11471
1.129108e-007 1.04911
1.131108e-007 1.02391
1.133108e-007 1.02529
1.135108e-007 1.04393
1.137108e-007 1.10366
1.139108e-007 1.18273
1.141108e-007 1.18929
1.143108e-007 1.13163
1.145108e-007 1.11195
1.147108e-007 1.15891
1.149108e-007 1.20241
1.151108e-007 1.1779
1.153108e-007 1.11126
1.155108e-007 1.07708
1.157108e-007 1.08847
1.159108e-007 1.08122
1.161108e-007 1.06223
1.163108e-007 1.12438
1.165108e-007 1.2504
1.167108e-007 1.29287
1.169108e-007 1.18687
1.171108e-007 1.09538
1.173108e-007 1.15822
1.175108e-007 1.24281
1.177108e-007 1.23521
1.179108e-007 1.22555
1.181108e-007 1.22762
1.183108e-007 1.22071
1.185108e-007 1.27181
1.187108e-007 1.32464
1.189108e-007 1.28079
1.191108e-007 1.21484
1.193108e-007 1.22106
1.195108e-007 1.25662
1.197108e-007 1.25351
1.199108e-007 1.18515
1.201108e-007 1.10919
1.203108e-007 1.10781
1.205108e-007 1.11126
1.207108e-007 1.08847
1.209108e-007 1.1123
1.211108e-007 1.10677
1.213108e-007 1.03047
1.215108e-007 0.984546
1.217108e-007 0.985927
1.219108e-007 1.01113
1.221108e-007 1.06189
1.223108e-007 1.09193
1.225108e-007 1.12818
1.227108e-007 1.21864
1.229108e-007 1.23763
1.231108e-007 1.12507
1.233108e-007 1.03875
1.235108e-007 1.02874
1.237108e-007 1.00941
1.239108e-007 0.981784
1.241108e-007 0.95727
1.243108e-007 0.957961
1.245108e-007 1.06465
1.247108e-007 1.17686
1.249108e-007 1.15476
1.251108e-007 1.09883
1.253108e-007 1.08019
1.255108e-007 1.0826
1.257108e-007 1.15373
1.259108e-007 1.24246
1.261108e-007 1.258
1.263108e-007 1.23349
1.265108e-007 1.21104
1.267108e-007 1.21312
1.269108e-007 1.22106
1.271108e-007 1.20034
1.273108e-007 1.21242
1.275108e-007 1.27872
1.277108e-007 1.29667
1.279108e-007 1.25731
1.281108e-007 1.26111
1.283108e-007 1.25558
1.285108e-007 1.18549
1.287108e-007 1.15235
1.289108e-007 1.1337
1.291108e-007 1.09331
1.293108e-007 1.13992
1.295108e-007 1.23521
1.297108e-007 1.25006
1.299108e-007 1.2
1.301108e-007 1.13681
1.303108e-007 1.07915
1.305108e-007 1.09158
1.307108e-007 1.20207
1.309108e-007 1.29943
1.311108e-007 1.30392
1.313108e-007 1.27354
1.315108e-007 1.24281
1.317108e-007 1.22175
1.319108e-007 1.24626
1.321108e-007 1.29425
1.323108e-007 1.30116
1.325108e-007 1.2542
1.327108e-007 1.23694
1.329108e-007 1.31393
1.331108e-007 1.38886
1.333108e-007 1.37505
1.335108e-007 1.32395
1.337108e-007 1.31324
1.339108e-007 1.39369
1.341108e-007 1.51074
1.343108e-007 1.52144
1.345108e-007 1.44168
1.347108e-007 1.42477
1.349108e-007 1.42649
1.351108e-007 1.33258
1.353108e-007 1.24453
1.355108e-007 1.27008
1.357108e-007 1.36262
1.359108e-007 1.43685
1.361108e-007 1.3968
1.363108e-007 1.23901
1.365108e-007 1.16858
1.367108e-007 1.26629
1.369108e-007 1.35295
1.371108e-007 1.3564
1.373108e-007 1.30703
1.375108e-007 1.26974
1.377108e-007 1.36227
1.379108e-007 1.51523
1.381108e-007 1.59844
1.383108e-007 1.63987
1.385108e-007 1.62882
1.387108e-007 1.54699
1.389108e-007 1.4914
1.391108e-007 1.48001
1.393108e-007 1.42822
1.395108e-007 1.34743
1.397108e-007 1.32705
1.399108e-007 1.39127
1.401108e-007 1.45135
1.403108e-007 1.4151
1.405108e-007 1.32809
1.407108e-007 1.28044
1.409108e-007 1.2946
1.411108e-007 1.34673
1.413108e-007 1.40163
1.415108e-007 1.41303
1.417108e-007 1.40957
1.419108e-007 1.49313
1.421108e-007 1.57841
1.423108e-007 1.50073
1.425108e-007 1.33672
1.427108e-007 1.28907
1.429108e-007 1.42822
1.431108e-007 1.6081
1.433108e-007 1.65092
1.435108e-007 1.5936
1.437108e-007 1.56391
1.439108e-007 1.55424
1.441108e-007 1.54906
1.443108e-007 1.58221
1.445108e-007 1.59567
1.447108e-007 1.54423
1.449108e-007 1.53353
1.451108e-007 1.61432
1.453108e-007 1.66646
1.455108e-007 1.64367
1.457108e-007 1.60845
1.459108e-007 1.58463
1.461108e-007 1.58842
1.463108e-007 1.6081
1.465108e-007 1.64574
1.467108e-007 1.69511
1.469108e-007 1.66646
1.471108e-007 1.60707
1.473108e-007 1.63124
1.475108e-007 1.64954
1.477108e-007 1.61225
1.479108e-007 1.60431
1.481108e-007 1.605
1.483108e-007 1.58497
1.485108e-007 1.58842
1.487108e-007 1.6081
1.489108e-007 1.65644
1.491108e-007 1.77522
1.493108e-007 1.86464
1.495108e-007 1.84289
1.497108e-007 1.79559
1.499108e-007 1.76831
1.501108e-007 1.76451
1.503108e-007 1.79351
1.505108e-007 1.74932
1.507108e-007 1.62537
1.509108e-007 1.64298
1.511108e-007 1.7911
1.513108e-007 1.83184
1.515108e-007 1.79248
1.517108e-007 1.7797
1.519108e-007 1.76935
1.521108e-007 1.7362
1.523108e-007 1.663
1.525108e-007 1.64919
1.527108e-007 1.74656
1.529108e-007 1.75001
1.531108e-007 1.63918
1.533108e-007 1.64608
1.535108e-007 1.73275
1.537108e-007 1.73482
1.539108e-007 1.73689
1.541108e-007 1.78316
1.543108e-007 1.79835
1.545108e-007 1.80871
1.547108e-007 1.80836
1.549108e-007 1.75036
1.551108e-007 1.69787
1.553108e-007 1.71203
1.555108e-007 1.75588
1.557108e-007 1.78592
1.559108e-007 1.75899
1.561108e-007 1.68579
1.563108e-007 1.67094
1.565108e-007 1.73551
1.567108e-007 1.81527
1.569108e-007 1.81906
1.571108e-007 1.68406
1.573108e-007 1.60603
1.575108e-007 1.74828
1.577108e-007 1.88708
1.579108e-007 1.84807
1.581108e-007 1.77729
1.583108e-007 1.80456
1.585108e-007 1.86015
1.587108e-007 1.84531
1.589108e-007 1.79904
1.591108e-007 1.81216
1.593108e-007 1.88743
1.595108e-007 1.97271
1.597108e-007 1.99688
1.599108e-007 1.94405
1.601108e-007 1.87603
1.603108e-007 1.81803
1.605108e-007 1.82114
1.607108e-007 1.92817
1.609108e-007 2.00586
1.611108e-007 1.96097
1.613108e-007 1.87707
1.615108e-007 1.84496
1.617108e-007 1.93956
1.619108e-007 2.09045
1.621108e-007 2.09597
1.623108e-007 1.99135
1.625108e-007 1.93646
1.627108e-007 1.93369
1.629108e-007 1.94958
1.631108e-007 1.94336
1.633108e-007 1.93542
1.635108e-007 2.01173
1.637108e-007 2.06248
1.639108e-007 1.97582
1.641108e-007 1.91885
1.643108e-007 2.00862
1.645108e-007 2.1015
1.647108e-007 2.04418
1.649108e-007 1.88467
1.651108e-007 1.8422
1.653108e-007 2.01483
1.655108e-007 2.19403
1.657108e-007 2.19161
1.659108e-007 2.06524
1.661108e-007 1.95199
1.663108e-007 1.9589
1.665108e-007 2.06386
1.667108e-007 2.116
1.669108e-007 2.08492
1.671108e-007 2.04763
1.673108e-007 2.00413
1.675108e-007 2.01276
1.677108e-007 2.12843
1.679108e-007 2.17469
1.681108e-007 2.06179
1.683108e-007 1.95476
1.685108e-007 1.97167
1.687108e-007 2.06731
1.689108e-007 2.09079
1.691108e-007 2.01
1.693108e-007 1.98756
1.695108e-007 2.06455
1.697108e-007 2.09666
1.699108e-007 2.068
1.701108e-007 2.13602
1.703108e-007 2.3128
1.705108e-007 2.42467
1.707108e-007 2.35734
1.709108e-007 2.18988
1.711108e-007 2.12739
1.713108e-007 2.19748
1.715108e-007 2.20646
1.717108e-007 2.16019
1.719108e-007 2.18678
1.721108e-007 2.13671
1.723108e-007 1.94474
1.725108e-007 1.85394
1.727108e-007 1.92368
1.729108e-007 2.00724
1.731108e-007 2.06248
1.733108e-007 2.12946
1.735108e-007 2.21164
1.737108e-007 2.20646
1.739108e-007 2.08976
1.741108e-007 2.0321
1.743108e-007 2.10909
1.745108e-007 2.20749
1.747108e-007 2.26619
1.749108e-007 2.30728
1.751108e-007 2.29243
1.753108e-007 2.24168
1.755108e-007 2.28518
1.757108e-007 2.37288
1.759108e-007 2.35285
1.761108e-007 2.23926
1.763108e-007 2.14431
1.765108e-007 2.16364
1.767108e-007 2.24444
1.769108e-007 2.24098
1.771108e-007 2.145
1.773108e-007 2.09425
1.775108e-007 2.15501
1.777108e-007 2.24616
1.779108e-007 2.29726
1.781108e-007 2.30555
1.783108e-007 2.28173
1.785108e-007 2.27206
1.787108e-007 2.28863
1.789108e-007 2.30797
1.791108e-007 2.35216
1.793108e-007 2.36079
1.795108e-007 2.26101
1.797108e-007 2.13775
1.799108e-007 2.07698
1.801108e-007 2.1198
1.803108e-007 2.25065
1.805108e-007 2.36563
1.807108e-007 2.40257
1.809108e-007 2.35596
1.811108e-007 2.28622
1.813108e-007 2.31315
1.815108e-007 2.43365
1.817108e-007 2.49614
1.819108e-007 2.44193
1.821108e-007 2.3822
1.823108e-007 2.38358
1.825108e-007 2.40395
1.827108e-007 2.44124
1.829108e-007 2.52307
1.831108e-007 2.54931
1.833108e-007 2.43157
1.835108e-007 2.30762
1.837108e-007 2.33041
1.839108e-007 2.43434
1.841108e-007 2.45781
1.843108e-007 2.36356
1.845108e-007 2.28207
1.847108e-007 2.31073
1.849108e-007 2.38013
1.851108e-007 2.44573
1.853108e-007 2.48751
1.855108e-007 2.44746
1.857108e-007 2.40982
1.859108e-007 2.42329
1.861108e-007 2.4188
1.863108e-007 2.45471
1.865108e-007 2.51271
1.867108e-007 2.46507
1.869108e-007 2.40671
1.871108e-007 2.42778
1.873108e-007 2.46541
1.875108e-007 2.52376
1.877108e-007 2.56347
1.879108e-007 2.56796
1.881108e-007 2.61146
1.883108e-007 2.59351
1.885108e-007 2.48406
1.887108e-007 2.48716
1.889108e-007 2.54931
1.891108e-007 2.48992
1.893108e-007 2.44677
1.895108e-007 2.50995
1.897108e-007 2.50201
1.899108e-007 2.39843
1.901108e-007 2.35665
1.903108e-007 2.41258
1.905108e-007 2.51996
1.907108e-007 2.61181
1.909108e-007 2.62803
1.911108e-007 2.61457
1.913108e-007 2.59592
1.915108e-007 2.55138
1.917108e-007 2.52031
1.919108e-007 2.53619
1.921108e-007 2.59523
1.923108e-007 2.65255
1.925108e-007 2.61871
1.927108e-007 2.52238
1.929108e-007 2.45989
1.931108e-007 2.38496
1.933108e-007 2.33524
1.935108e-007 2.45229
1.937108e-007 2.63943
1.939108e-007 2.71435
1.941108e-007 2.67568
1.943108e-007 2.60835
1.945108e-007 2.60145
1.947108e-007 2.67706
1.949108e-007 2.71435
1.951108e-007 2.656
1.953108e-007 2.59178
1.955108e-007 2.55932
1.957108e-007 2.54793
1.959108e-007 2.5973
1.961108e-007 2.66118
1.963108e-007 2.58833
1.965108e-007 2.45436
1.967108e-007 2.48026
1.969108e-007 2.6339
1.971108e-007 2.74957
1.973108e-007 2.77788
1.975108e-007 2.77236
1.977108e-007 2.77477
1.979108e-007 2.77857
1.981108e-007 2.77857
1.983108e-007 2.74473
1.985108e-007 2.68949
1.987108e-007 2.68259
1.989108e-007 2.6667
1.991108e-007 2.59661
1.993108e-007 2.63252
1.995108e-007 2.77892
1.997108e-007 2.83623
1.999108e-007 2.81448
2.001108e-007 2.8017
2.003108e-007 2.78513
2.005108e-007 2.79445
2.007108e-007 2.81413
2.009108e-007 2.75164
2.011108e-007 2.63597
2.013108e-007 2.60835
2.015108e-007 2.70434
2.017108e-007 2.8093
2.019108e-007 2.8642
2.021108e-007 2.92427
2.023108e-007 2.95017
2.025108e-007 2.85177
2.027108e-007 2.69053
2.029108e-007 2.63874
2.031108e-007 2.76372
2.033108e-007 2.87525
2.035108e-007 2.80101
2.037108e-007 2.68397
2.039108e-007 2.7071
2.041108e-007 2.78789
2.043108e-007 2.80378
2.045108e-007 2.78064
2.047108e-007 2.72574
2.049108e-007 2.61767
2.051108e-007 2.53412
2.053108e-007 2.57555
2.055108e-007 2.71504
2.057108e-007 2.79998
2.059108e-007 2.74715
2.061108e-007 2.66947
2.063108e-007 2.67568
2.065108e-007 2.74819
2.067108e-007 2.84452
2.069108e-007 2.90632
2.071108e-007 2.90563
2.073108e-007 2.897
2.075108e-007 2.92876
2.077108e-007 2.95397
2.079108e-007 2.93981
2.081108e-007 2.94844
2.083108e-007 2.93567
2.085108e-007 2.86213
2.087108e-007 2.8528
2.089108e-007 2.89769
2.091108e-007 2.87076
2.093108e-007 2.80101
2.095108e-007 2.80999
2.097108e-007 2.93601
2.099108e-007 3.03925
2.101108e-007 2.98573
2.103108e-007 2.92255
2.105108e-007 2.97814
2.107108e-007 2.99713
2.109108e-007 2.90494
2.111108e-007 2.8352
2.113108e-007 2.88906
2.115108e-007 2.98435
2.117108e-007 2.99575
2.119108e-007 2.9664
2.121108e-007 2.96605
2.123108e-007 2.98815
2.125108e-007 2.99471
2.127108e-007 2.97814
2.129108e-007 2.97054
2.131108e-007 2.93084
2.133108e-007 2.89734
2.135108e-007 2.99816
2.137108e-007 3.15319
2.139108e-007 3.22328
2.141108e-007 3.20532
2.143108e-007 3.10209
2.145108e-007 3.00956
2.147108e-007 3.04754
2.149108e-007 3.10209
2.151108e-007 3.04961
2.153108e-007 3.00162
2.155108e-007 3.0389
2.157108e-007 3.02371
2.159108e-007 2.91633
2.161108e-007 2.88595
2.163108e-007 2.99022
2.165108e-007 3.05582
2.167108e-007 3.00679
2.169108e-007 2.99091
2.171108e-007 3.03821
2.173108e-007 3.05893
2.175108e-007 3.09173
2.177108e-007 3.18461
2.179108e-007 3.21603
2.181108e-007 3.09622
2.183108e-007 2.98055
2.185108e-007 3.02924
2.187108e-007 3.17149
2.189108e-007 3.25366
2.191108e-007 3.21016
2.193108e-007 3.11486
2.195108e-007 3.08966
2.197108e-007 3.15802
2.199108e-007 3.23122
2.201108e-007 3.19807
2.203108e-007 3.06411
2.205108e-007 2.95569
2.207108e-007 2.9771
2.209108e-007 3.09622
2.211108e-007 3.12591
2.213108e-007 2.98435
2.215108e-007 2.88491
2.217108e-007 2.94672
2.219108e-007 2.99989
2.221108e-007 3.00334
2.223108e-007 3.09622
2.225108e-007 3.21603
2.227108e-007 3.22362
2.229108e-007 3.18564
2.231108e-007 3.18426
2.233108e-007 3.19807
2.235108e-007 3.18012
2.237108e-007 3.13627
2.239108e-007 3.12798
2.241108e-007 3.15146
2.243108e-007 3.16113
2.245108e-007 3.15561
2.247108e-007 3.16182
2.249108e-007 3.18841
2.251108e-007 3.21672
2.253108e-007 3.26091
2.255108e-007 3.30994
2.257108e-007 3.29026
2.259108e-007 3.22293
2.261108e-007 3.24158
2.263108e-007 3.35897
2.265108e-007 3.43424
2.267108e-007 3.40731
2.269108e-007 3.35241
2.271108e-007 3.32375
2.273108e-007 3.27852
2.275108e-007 3.17356
2.277108e-007 3.10899
2.279108e-007 3.1563
2.281108e-007 3.21465
2.283108e-007 3.20463
2.285108e-007 3.1922
2.287108e-007 3.24814
2.289108e-007 3.28232
2.291108e-007 3.26264
2.293108e-007 3.29958
2.295108e-007 3.3424
2.297108e-007 3.29958
2.299108e-007 3.29199
2.301108e-007 3.37209
2.303108e-007 3.36829
2.305108e-007 3.25021
2.307108e-007 3.21361
2.309108e-007 3.31995
2.311108e-007 3.44287
2.313108e-007 3.48879
2.315108e-007 3.47429
2.317108e-007 3.42354
2.319108e-007 3.33653
2.321108e-007 3.25919
2.323108e-007 3.25159
2.325108e-007 3.31788
2.327108e-007 3.35206
2.329108e-007 3.29579
2.331108e-007 3.26609
2.333108e-007 3.33204
2.335108e-007 3.44011
2.337108e-007 3.51779
2.339108e-007 3.52919
2.341108e-007 3.50847
2.343108e-007 3.5102
2.345108e-007 3.52988
2.347108e-007 3.5026
2.349108e-007 3.43148
2.351108e-007 3.40662
2.353108e-007 3.40144
2.355108e-007 3.32997
2.357108e-007 3.30649
2.359108e-007 3.3897
2.361108e-007 3.42457
2.363108e-007 3.40558
2.365108e-007 3.41076
2.367108e-007 3.40972
2.369108e-007 3.43942
2.371108e-007 3.48327
2.373108e-007 3.43286
2.375108e-007 3.3676
2.377108e-007 3.33238
2.379108e-007 3.2768
2.381108e-007 3.32272
2.383108e-007 3.44529
2.385108e-007 3.43597
2.387108e-007 3.33515
2.389108e-007 3.28577
2.391108e-007 3.2944
2.393108e-007 3.35586
2.395108e-007 3.44874
2.397108e-007 3.49121
2.399108e-007 3.51779
2.401108e-007 3.62345
2.403108e-007 3.70597
2.405108e-007 3.62069
2.407108e-007 3.4446
2.409108e-007 3.32997
2.411108e-007 3.31926
2.413108e-007 3.38452
2.415108e-007 3.46186
2.417108e-007 3.47533
2.419108e-007 3.44287
2.421108e-007 3.45116
2.423108e-007 3.4988
2.425108e-007 3.51123
2.427108e-007 3.48776
2.429108e-007 3.48741
2.431108e-007 3.50709
2.433108e-007 3.54611
2.435108e-007 3.62863
2.437108e-007 3.67627
2.439108e-007 3.62034
2.441108e-007 3.5209
2.443108e-007 3.45392
2.445108e-007 3.46531
2.447108e-007 3.52297
2.449108e-007 3.51503
2.451108e-007 3.437
2.453108e-007 3.43666
2.455108e-007 3.55198
2.457108e-007 3.63311
2.459108e-007 3.65176
2.461108e-007 3.67593
2.463108e-007 3.65832
2.465108e-007 3.60031
2.467108e-007 3.57649
2.469108e-007 3.61067
2.471108e-007 3.66212
2.473108e-007 3.67731
2.475108e-007 3.69768
2.477108e-007 3.73359
2.479108e-007 3.70631
2.481108e-007 3.63001
2.483108e-007 3.58201
2.485108e-007 3.57062
2.487108e-007 3.54887
2.489108e-007 3.50053
2.491108e-007 3.43666
2.493108e-007 3.38797
2.495108e-007 3.43666
2.497108e-007 3.63242
2.499108e-007 3.84477
2.501108e-007 3.86997
2.503108e-007 3.74187
2.505108e-007 3.66281
2.507108e-007 3.70459
2.509108e-007 3.7329
2.511108e-007 3.6597
2.513108e-007 3.61412
2.515108e-007 3.67006
2.517108e-007 3.73601
2.519108e-007 3.75879
2.521108e-007 3.78814
