-2.480862e-007 10.0206
-2.478862e-007 9.92187
-2.476862e-007 9.86317
-2.474862e-007 9.83244
-2.472862e-007 9.84004
-2.470862e-007 9.91738
-2.468862e-007 10.0058
-2.466862e-007 10.052
-2.464862e-007 10.1038
-2.462862e-007 10.1404
-2.460862e-007 10.0921
-2.458862e-007 10.0417
-2.456862e-007 10.0213
-2.454862e-007 9.94397
-2.452862e-007 9.8794
-2.450862e-007 9.92808
-2.448862e-007 10.0099
-2.446862e-007 10.0182
-2.444862e-007 9.99265
-2.442862e-007 10.0054
-2.440862e-007 10.041
-2.438862e-007 10.1135
-2.436862e-007 10.1587
-2.434862e-007 10.0507
-2.432862e-007 9.9229
-2.430862e-007 9.94155
-2.428862e-007 10.0348
-2.426862e-007 10.1104
-2.424862e-007 10.1252
-2.422862e-007 10.0728
-2.420862e-007 10.0299
-2.418862e-007 10.0237
-2.416862e-007 10.0137
-2.414862e-007 10.0113
-2.412862e-007 10.0248
-2.410862e-007 10.0082
-2.408862e-007 9.96468
-2.406862e-007 9.92359
-2.404862e-007 9.88078
-2.402862e-007 9.83624
-2.400862e-007 9.8024
-2.398862e-007 9.82726
-2.396862e-007 9.9015
-2.394862e-007 9.96054
-2.392862e-007 10.0199
-2.390862e-007 10.098
-2.388862e-007 10.1377
-2.386862e-007 10.1359
-2.384862e-007 10.1342
-2.382862e-007 10.081
-2.380862e-007 10.0085
-2.378862e-007 10.0355
-2.376862e-007 10.0696
-2.374862e-007 10.0365
-2.372862e-007 10.0897
-2.370862e-007 10.1867
-2.368862e-007 10.1235
-2.366862e-007 10.0462
-2.364862e-007 10.1328
-2.362862e-007 10.1998
-2.360862e-007 10.1235
-2.358862e-007 9.99921
-2.356862e-007 9.90978
-2.354862e-007 9.92187
-2.352862e-007 10.0092
-2.350862e-007 10.0213
-2.348862e-007 9.96123
-2.346862e-007 9.94983
-2.344862e-007 9.95709
-2.342862e-007 9.96192
-2.340862e-007 10.0368
-2.338862e-007 10.1377
-2.336862e-007 10.1453
-2.334862e-007 10.07
-2.332862e-007 10.0227
-2.330862e-007 10.023
-2.328862e-007 9.99437
-2.326862e-007 9.92843
-2.324862e-007 9.8832
-2.322862e-007 9.86904
-2.320862e-007 9.91116
-2.318862e-007 10.0165
-2.316862e-007 10.0589
-2.314862e-007 9.98194
-2.312862e-007 9.92152
-2.310862e-007 9.97366
-2.308862e-007 10.033
-2.306862e-007 10.0109
-2.304862e-007 9.99403
-2.302862e-007 10.031
-2.300862e-007 10.0603
-2.298862e-007 10.0344
-2.296862e-007 9.98333
-2.294862e-007 9.96503
-2.292862e-007 9.92221
-2.290862e-007 9.8359
-2.288862e-007 9.84315
-2.286862e-007 9.93015
-2.284862e-007 9.96572
-2.282862e-007 9.95743
-2.280862e-007 9.95536
-2.278862e-007 9.96952
-2.276862e-007 9.98609
-2.274862e-007 9.97538
-2.272862e-007 9.96641
-2.270862e-007 9.96744
-2.268862e-007 9.95985
-2.266862e-007 10.022
-2.264862e-007 10.1553
-2.262862e-007 10.1895
-2.260862e-007 10.0783
-2.258862e-007 9.96641
-2.256862e-007 9.91462
-2.254862e-007 9.9015
-2.252862e-007 9.93395
-2.250862e-007 9.93741
-2.248862e-007 9.8718
-2.246862e-007 9.84902
-2.244862e-007 9.8977
-2.242862e-007 9.94258
-2.240862e-007 9.98333
-2.238862e-007 10.0261
-2.236862e-007 10.0058
-2.234862e-007 9.96261
-2.232862e-007 10.0109
-2.230862e-007 10.1301
-2.228862e-007 10.2067
-2.226862e-007 10.1042
-2.224862e-007 9.88078
-2.222862e-007 9.84349
-2.220862e-007 10.0507
-2.218862e-007 10.2157
-2.216862e-007 10.1525
-2.214862e-007 9.95709
-2.212862e-007 9.85247
-2.210862e-007 9.90737
-2.208862e-007 9.99092
-2.206862e-007 10.0403
-2.204862e-007 10.0828
-2.202862e-007 10.0824
-2.200862e-007 10.0248
-2.198862e-007 9.98436
-2.196862e-007 9.96986
-2.194862e-007 9.9557
-2.192862e-007 9.98747
-2.190862e-007 10.0141
-2.188862e-007 9.95674
-2.186862e-007 9.90633
-2.184862e-007 9.95432
-2.182862e-007 10.0859
-2.180862e-007 10.2102
-2.178862e-007 10.2178
-2.176862e-007 10.1463
-2.174862e-007 10.0793
-2.172862e-007 10.0172
-2.170862e-007 9.99576
-2.168862e-007 10.0199
-2.166862e-007 10.023
-2.164862e-007 9.99299
-2.162862e-007 9.96019
-2.160862e-007 9.94914
-2.158862e-007 9.95639
-2.156862e-007 9.97262
-2.154862e-007 9.98643
-2.152862e-007 9.97435
-2.150862e-007 9.97677
-2.148862e-007 10.004
-2.146862e-007 9.97953
-2.144862e-007 9.93948
-2.142862e-007 9.98989
-2.140862e-007 10.0759
-2.138862e-007 10.0531
-2.136862e-007 9.92808
-2.134862e-007 9.85247
-2.132862e-007 9.89287
-2.130862e-007 9.9633
-2.128862e-007 9.9923
-2.126862e-007 9.99955
-2.124862e-007 10.0158
-2.122862e-007 10.0196
-2.120862e-007 9.97159
-2.118862e-007 9.91047
-2.116862e-007 9.87422
-2.114862e-007 9.82795
-2.112862e-007 9.79067
-2.110862e-007 9.83693
-2.108862e-007 9.97435
-2.106862e-007 10.0907
-2.104862e-007 10.0824
-2.102862e-007 10.0306
-2.100862e-007 10.0413
-2.098862e-007 10.0745
-2.096862e-007 10.0914
-2.094862e-007 10.0855
-2.092862e-007 10.0455
-2.090862e-007 9.99092
-2.088862e-007 9.93188
-2.086862e-007 9.8535
-2.084862e-007 9.79205
-2.082862e-007 9.80793
-2.080862e-007 9.87733
-2.078862e-007 9.92601
-2.076862e-007 9.91807
-2.074862e-007 9.88907
-2.072862e-007 9.916
-2.070862e-007 9.99023
-2.068862e-007 10.0379
-2.066862e-007 10.0389
-2.064862e-007 10.0137
-2.062862e-007 10.0168
-2.060862e-007 10.0928
-2.058862e-007 10.1822
-2.056862e-007 10.1857
-2.054862e-007 10.1021
-2.052862e-007 10.0203
-2.050862e-007 9.95709
-2.048862e-007 9.88631
-2.046862e-007 9.89287
-2.044862e-007 9.98471
-2.042862e-007 10.0116
-2.040862e-007 9.96572
-2.038862e-007 9.93223
-2.036862e-007 9.92739
-2.034862e-007 9.93637
-2.032862e-007 9.94017
-2.030862e-007 9.9709
-2.028862e-007 10.0348
-2.026862e-007 10.0569
-2.024862e-007 10.031
-2.022862e-007 10.0161
-2.020862e-007 10.0103
-2.018862e-007 9.99092
-2.016862e-007 9.99714
-2.014862e-007 10.0931
-2.012862e-007 10.1453
-2.010862e-007 9.97573
-2.008862e-007 9.80309
-2.006862e-007 9.8832
-2.004862e-007 10.023
-2.002862e-007 9.98229
-2.000862e-007 9.87595
-1.998862e-007 9.86939
-1.996862e-007 9.95916
-1.994862e-007 10.0765
-1.992862e-007 10.0731
-1.990862e-007 9.9557
-1.988862e-007 9.95294
-1.986862e-007 10.0493
-1.984862e-007 10.0907
-1.982862e-007 10.1352
-1.980862e-007 10.1929
-1.978862e-007 10.1328
-1.976862e-007 9.95053
-1.974862e-007 9.82416
-1.972862e-007 9.87767
-1.970862e-007 10.0127
-1.968862e-007 10.0793
-1.966862e-007 10.0658
-1.964862e-007 10.041
-1.962862e-007 10.0289
-1.960862e-007 10.0223
-1.958862e-007 10.0344
-1.956862e-007 10.0189
-1.954862e-007 9.93257
-1.952862e-007 9.87595
-1.950862e-007 9.94189
-1.948862e-007 10.0372
-1.946862e-007 10.0334
-1.944862e-007 9.9557
-1.942862e-007 9.88976
-1.940862e-007 9.91703
-1.938862e-007 10.0569
-1.936862e-007 10.1587
-1.934862e-007 10.1328
-1.932862e-007 10.0693
-1.930862e-007 10.0386
-1.928862e-007 10.0175
-1.926862e-007 9.96468
-1.924862e-007 9.90978
-1.922862e-007 9.92014
-1.920862e-007 9.98574
-1.918862e-007 10.0137
-1.916862e-007 9.98885
-1.914862e-007 9.98298
-1.912862e-007 10.002
-1.910862e-007 10.0206
-1.908862e-007 10.031
-1.906862e-007 10.0175
-1.904862e-007 10.0206
-1.902862e-007 10.0596
-1.900862e-007 10.0607
-1.898862e-007 10.0141
-1.896862e-007 9.97711
-1.894862e-007 9.94845
-1.892862e-007 9.92877
-1.890862e-007 9.95329
-1.888862e-007 9.98954
-1.886862e-007 9.99265
-1.884862e-007 10.0141
-1.882862e-007 10.0869
-1.880862e-007 10.1152
-1.878862e-007 9.99023
-1.876862e-007 9.78618
-1.874862e-007 9.7078
-1.872862e-007 9.81622
-1.870862e-007 9.98505
-1.868862e-007 10.0993
-1.866862e-007 10.1352
-1.864862e-007 10.1225
-1.862862e-007 10.1629
-1.860862e-007 10.2702
-1.858862e-007 10.2809
-1.856862e-007 10.138
-1.854862e-007 9.97884
-1.852862e-007 9.92187
-1.850862e-007 9.945
-1.848862e-007 9.95743
-1.846862e-007 9.91911
-1.844862e-007 9.88009
-1.842862e-007 9.87008
-1.840862e-007 9.85765
-1.838862e-007 9.88872
-1.836862e-007 9.95812
-1.834862e-007 9.9595
-1.832862e-007 9.93568
-1.830862e-007 9.96192
-1.828862e-007 9.96882
-1.826862e-007 9.91703
-1.824862e-007 9.84315
-1.822862e-007 9.80379
-1.820862e-007 9.89183
-1.818862e-007 10.0545
-1.816862e-007 10.0769
-1.814862e-007 9.96296
-1.812862e-007 9.93154
-1.810862e-007 10.0393
-1.808862e-007 10.1608
-1.806862e-007 10.1732
-1.804862e-007 10.0603
-1.802862e-007 9.94431
-1.800862e-007 9.92394
-1.798862e-007 9.97746
-1.796862e-007 10.0434
-1.794862e-007 10.0786
-1.792862e-007 10.0793
-1.790862e-007 10.0362
-1.788862e-007 9.96744
-1.786862e-007 9.9488
-1.784862e-007 10.0096
-1.782862e-007 10.0897
-1.780862e-007 10.0945
-1.778862e-007 10.0144
-1.776862e-007 9.95501
-1.774862e-007 9.9854
-1.772862e-007 10.0261
-1.770862e-007 9.96157
-1.768862e-007 9.84936
-1.766862e-007 9.83521
-1.764862e-007 9.90184
-1.762862e-007 9.9267
-1.760862e-007 9.91013
-1.758862e-007 9.91945
-1.756862e-007 9.92946
-1.754862e-007 9.93982
-1.752862e-007 9.96192
-1.750862e-007 9.96606
-1.748862e-007 9.9816
-1.746862e-007 9.98643
-1.744862e-007 9.94949
-1.742862e-007 9.95743
-1.740862e-007 10.0175
-1.738862e-007 10.0451
-1.736862e-007 10.0548
-1.734862e-007 10.0717
-1.732862e-007 10.0752
-1.730862e-007 10.0593
-1.728862e-007 10.0096
-1.726862e-007 9.97642
-1.724862e-007 10.0261
-1.722862e-007 10.0541
-1.720862e-007 9.95709
-1.718862e-007 9.87146
-1.716862e-007 9.88907
-1.714862e-007 9.9122
-1.712862e-007 9.90046
-1.710862e-007 9.86628
-1.708862e-007 9.85972
-1.706862e-007 9.91324
-1.704862e-007 9.96572
-1.702862e-007 10.0513
-1.700862e-007 10.1615
-1.698862e-007 10.1266
-1.696862e-007 10.0006
-1.694862e-007 9.96261
-1.692862e-007 9.96157
-1.690862e-007 9.94914
-1.688862e-007 9.97677
-1.686862e-007 10.0127
-1.684862e-007 10.0472
-1.682862e-007 10.1014
-1.680862e-007 10.0869
-1.678862e-007 9.99783
-1.676862e-007 9.9633
-1.674862e-007 9.97228
-1.672862e-007 9.93084
-1.670862e-007 9.8901
-1.668862e-007 9.93533
-1.666862e-007 10.0296
-1.664862e-007 10.099
-1.662862e-007 10.09
-1.660862e-007 10.021
-1.658862e-007 9.99196
-1.656862e-007 10.0286
-1.654862e-007 10.0714
-1.652862e-007 10.1045
-1.650862e-007 10.0907
-1.648862e-007 10.0096
-1.646862e-007 10.0096
-1.644862e-007 10.1042
-1.642862e-007 10.1014
-1.640862e-007 10.0227
-1.638862e-007 9.97746
-1.636862e-007 9.92498
-1.634862e-007 9.87733
-1.632862e-007 9.91116
-1.630862e-007 10.004
-1.628862e-007 10.0441
-1.626862e-007 10.0034
-1.624862e-007 9.98851
-1.622862e-007 10.0213
-1.620862e-007 10.0586
-1.618862e-007 10.1135
-1.616862e-007 10.1308
-1.614862e-007 10.0527
-1.612862e-007 9.9229
-1.610862e-007 9.83072
-1.608862e-007 9.83279
-1.606862e-007 9.88492
-1.604862e-007 9.93188
-1.602862e-007 9.96192
-1.600862e-007 9.95674
-1.598862e-007 9.92359
-1.596862e-007 9.94776
-1.594862e-007 10.0662
-1.592862e-007 10.1629
-1.590862e-007 10.1863
-1.588862e-007 10.185
-1.586862e-007 10.1463
-1.584862e-007 10.0904
-1.582862e-007 10.0417
-1.580862e-007 9.97849
-1.578862e-007 9.95087
-1.576862e-007 9.97366
-1.574862e-007 9.98954
-1.572862e-007 10.0296
-1.570862e-007 10.0928
-1.568862e-007 10.0679
-1.566862e-007 9.98298
-1.564862e-007 9.97573
-1.562862e-007 10.0469
-1.560862e-007 10.1042
-1.558862e-007 10.1087
-1.556862e-007 10.0696
-1.554862e-007 9.98022
-1.552862e-007 9.87629
-1.550862e-007 9.8611
-1.548862e-007 9.95605
-1.546862e-007 10.0676
-1.544862e-007 10.1035
-1.542862e-007 10.0786
-1.540862e-007 10.1038
-1.538862e-007 10.1884
-1.536862e-007 10.1857
-1.534862e-007 10.0786
-1.532862e-007 10.0234
-1.530862e-007 10.0541
-1.528862e-007 10.0489
-1.526862e-007 9.96848
-1.524862e-007 9.91082
-1.522862e-007 9.93119
-1.520862e-007 9.96744
-1.518862e-007 9.97055
-1.516862e-007 9.94845
-1.514862e-007 9.91876
-1.512862e-007 9.90599
-1.510862e-007 9.93326
-1.508862e-007 9.99023
-1.506862e-007 9.98851
-1.504862e-007 9.91358
-1.502862e-007 9.87905
-1.500862e-007 9.92739
-1.498862e-007 10.0196
-1.496862e-007 10.0762
-1.494862e-007 10.042
-1.492862e-007 9.99058
-1.490862e-007 9.96537
-1.488862e-007 9.93084
-1.486862e-007 9.91531
-1.484862e-007 9.93292
-1.482862e-007 9.94327
-1.480862e-007 9.97262
-1.478862e-007 10.0341
-1.476862e-007 10.0341
-1.474862e-007 9.94707
-1.472862e-007 9.9084
-1.470862e-007 9.98091
-1.468862e-007 10.0831
-1.466862e-007 10.1232
-1.464862e-007 10.0696
-1.462862e-007 10.0179
-1.460862e-007 10.0645
-1.458862e-007 10.1411
-1.456862e-007 10.1491
-1.454862e-007 10.0817
-1.452862e-007 9.9816
-1.450862e-007 9.93913
-1.448862e-007 10.0134
-1.446862e-007 10.0513
-1.444862e-007 9.93775
-1.442862e-007 9.83279
-1.440862e-007 9.86076
-1.438862e-007 10.0034
-1.436862e-007 10.148
-1.434862e-007 10.1359
-1.432862e-007 10.0182
-1.430862e-007 9.98643
-1.428862e-007 10.0617
-1.426862e-007 10.0848
-1.424862e-007 9.99886
-1.422862e-007 9.93015
-1.420862e-007 9.97159
-1.418862e-007 10.0841
-1.416862e-007 10.128
-1.414862e-007 10.0486
-1.412862e-007 9.97608
-1.410862e-007 9.9923
-1.408862e-007 10.0545
-1.406862e-007 10.0897
-1.404862e-007 10.0251
-1.402862e-007 9.8939
-1.400862e-007 9.86214
-1.398862e-007 9.95156
-1.396862e-007 9.96813
-1.394862e-007 9.83106
-1.392862e-007 9.6933
-1.390862e-007 9.72886
-1.388862e-007 9.91807
-1.386862e-007 10.0531
-1.384862e-007 9.98851
-1.382862e-007 9.86835
-1.380862e-007 9.88734
-1.378862e-007 10.0013
-1.376862e-007 10.1276
-1.374862e-007 10.1415
-1.372862e-007 9.96192
-1.370862e-007 9.83348
-1.368862e-007 9.89873
-1.366862e-007 9.99507
-1.364862e-007 10.0113
-1.362862e-007 9.99472
-1.360862e-007 10.0082
-1.358862e-007 9.99748
-1.356862e-007 9.94466
-1.354862e-007 9.9526
-1.352862e-007 10.0289
-1.350862e-007 10.0835
-1.348862e-007 10.0962
-1.346862e-007 10.0617
-1.344862e-007 9.9923
-1.342862e-007 9.98125
-1.340862e-007 10.0016
-1.338862e-007 9.95605
-1.336862e-007 9.91047
-1.334862e-007 9.96675
-1.332862e-007 10.0993
-1.330862e-007 10.167
-1.328862e-007 10.089
-1.326862e-007 9.98747
-1.324862e-007 9.98264
-1.322862e-007 10.0265
-1.320862e-007 9.98574
-1.318862e-007 9.86801
-1.316862e-007 9.84384
-1.314862e-007 9.94258
-1.312862e-007 10.0362
-1.310862e-007 10.0538
-1.308862e-007 10.0179
-1.306862e-007 10.0237
-1.304862e-007 10.1266
-1.302862e-007 10.2136
-1.300862e-007 10.1843
-1.298862e-007 10.1021
-1.296862e-007 10.0437
-1.294862e-007 10.0524
-1.292862e-007 10.0741
-1.290862e-007 9.98954
-1.288862e-007 9.89804
-1.286862e-007 9.9633
-1.284862e-007 10.0821
-1.282862e-007 10.0745
-1.280862e-007 9.97608
-1.278862e-007 9.92705
-1.276862e-007 9.94569
-1.274862e-007 9.9778
-1.272862e-007 10.0023
-1.270862e-007 10.0213
-1.268862e-007 10.0527
-1.266862e-007 10.0793
-1.264862e-007 10.0776
-1.262862e-007 10.09
-1.260862e-007 10.1176
-1.258862e-007 10.1228
-1.256862e-007 10.1256
-1.254862e-007 10.1366
-1.252862e-007 10.1504
-1.250862e-007 10.1511
-1.248862e-007 10.1031
-1.246862e-007 10.0541
-1.244862e-007 10.0545
-1.242862e-007 10.0493
-1.240862e-007 10.013
-1.238862e-007 9.98056
-1.236862e-007 9.98264
-1.234862e-007 10.0375
-1.232862e-007 10.0437
-1.230862e-007 9.91703
-1.228862e-007 9.81794
-1.226862e-007 9.87388
-1.224862e-007 9.97987
-1.222862e-007 10.0582
-1.220862e-007 10.1466
-1.218862e-007 10.1957
-1.216862e-007 10.1394
-1.214862e-007 10.0721
-1.212862e-007 10.0272
-1.210862e-007 9.96917
-1.208862e-007 9.98505
-1.206862e-007 10.0431
-1.204862e-007 10.0116
-1.202862e-007 9.93671
-1.200862e-007 9.86939
-1.198862e-007 9.81794
-1.196862e-007 9.85523
-1.194862e-007 9.94983
-1.192862e-007 10.0002
-1.190862e-007 9.99507
-1.188862e-007 9.94535
-1.186862e-007 9.90978
-1.184862e-007 9.97021
-1.182862e-007 10.0569
-1.180862e-007 10.0962
-1.178862e-007 10.1131
-1.176862e-007 10.118
-1.174862e-007 10.1042
-1.172862e-007 10.0545
-1.170862e-007 9.96606
-1.168862e-007 9.85523
-1.166862e-007 9.79274
-1.164862e-007 9.80896
-1.162862e-007 9.83382
-1.160862e-007 9.88872
-1.158862e-007 9.99748
-1.156862e-007 10.0703
-1.154862e-007 10.0469
-1.152862e-007 10.0047
-1.150862e-007 10.0772
-1.148862e-007 10.1936
-1.146862e-007 10.1511
-1.144862e-007 9.97642
-1.142862e-007 9.90253
-1.140862e-007 9.99403
-1.138862e-007 10.0579
-1.136862e-007 10.0441
-1.134862e-007 10.1062
-1.132862e-007 10.1677
-1.130862e-007 10.0565
-1.128862e-007 9.92152
-1.126862e-007 9.93913
-1.124862e-007 9.99092
-1.122862e-007 9.93257
-1.120862e-007 9.8504
-1.118862e-007 9.89943
-1.116862e-007 9.98816
-1.114862e-007 9.95467
-1.112862e-007 9.92325
-1.110862e-007 9.96019
-1.108862e-007 9.92877
-1.106862e-007 9.89252
-1.104862e-007 9.93637
-1.102862e-007 9.9854
-1.100862e-007 10.0617
-1.098862e-007 10.137
-1.096862e-007 10.1042
-1.094862e-007 10.0348
-1.092862e-007 10.0254
-1.090862e-007 10.0572
-1.088862e-007 10.0803
-1.086862e-007 10.0765
-1.084862e-007 10.1004
-1.082862e-007 10.1435
-1.080862e-007 10.1276
-1.078862e-007 10.1073
-1.076862e-007 10.1401
-1.074862e-007 10.1149
-1.072862e-007 9.99541
-1.070862e-007 9.94258
-1.068862e-007 9.9999
-1.066862e-007 10.0351
-1.064862e-007 10.0355
-1.062862e-007 10.0683
-1.060862e-007 10.0914
-1.058862e-007 10.0548
-1.056862e-007 10.002
-1.054862e-007 10.0196
-1.052862e-007 10.1201
-1.050862e-007 10.1577
-1.048862e-007 10.0365
-1.046862e-007 9.89666
-1.044862e-007 9.87215
-1.042862e-007 9.93257
-1.040862e-007 10.0016
-1.038862e-007 10.0244
-1.036862e-007 10.0089
-1.034862e-007 9.97573
-1.032862e-007 9.92705
-1.030862e-007 9.93257
-1.028862e-007 10.0058
-1.026862e-007 9.98402
-1.024862e-007 9.85178
-1.022862e-007 9.84902
-1.020862e-007 9.95018
-1.018862e-007 9.92739
-1.016862e-007 9.91531
-1.014862e-007 10.0317
-1.012862e-007 10.0538
-1.010862e-007 9.96399
-1.008862e-007 9.97228
-1.006862e-007 10.0959
-1.004862e-007 10.1653
-1.002862e-007 10.0683
-1.000862e-007 9.91496
-9.988624e-008 9.87802
-9.968624e-008 9.96157
-9.948624e-008 10.0538
-9.928624e-008 10.0648
-9.908624e-008 10.0158
-9.888624e-008 10.0196
-9.868624e-008 10.1156
-9.848624e-008 10.1674
-9.828624e-008 10.0852
-9.808624e-008 9.98643
-9.788624e-008 9.94017
-9.768624e-008 9.89217
-9.748624e-008 9.87836
-9.728624e-008 9.94397
-9.708624e-008 10.0248
-9.688624e-008 10.0393
-9.668624e-008 9.96226
-9.648624e-008 9.84591
-9.628624e-008 9.79067
-9.608624e-008 9.86593
-9.588624e-008 10.0175
-9.568624e-008 10.128
-9.548624e-008 10.1459
-9.528624e-008 10.1166
-9.508624e-008 10.1145
-9.488624e-008 10.1142
-9.468624e-008 10.07
-9.448624e-008 10.0334
-9.428624e-008 10.0475
-9.408624e-008 10.119
-9.388624e-008 10.1808
-9.368624e-008 10.1111
-9.348624e-008 10.0013
-9.328624e-008 10.0455
-9.308624e-008 10.1311
-9.288624e-008 10.0648
-9.268624e-008 9.97918
-9.248624e-008 10.042
-9.228624e-008 10.1366
-9.208624e-008 10.1218
-9.188624e-008 10.0513
-9.168624e-008 10.0137
-9.148624e-008 10.0151
-9.128624e-008 9.99437
-9.108624e-008 9.90909
-9.088624e-008 9.88734
-9.068624e-008 9.99748
-9.048624e-008 10.0952
-9.028624e-008 10.11
-9.008624e-008 10.0828
-8.988624e-008 10.0493
-8.968624e-008 10.0372
-8.948624e-008 10.0116
-8.928624e-008 9.94086
-8.908624e-008 9.89252
-8.888624e-008 9.91186
-8.868624e-008 9.99921
-8.848624e-008 10.0862
-8.828624e-008 10.0196
-8.808624e-008 9.86939
-8.788624e-008 9.84487
-8.768624e-008 9.88872
-8.748624e-008 9.88631
-8.728624e-008 9.92325
-8.708624e-008 10.0037
-8.688624e-008 10.0071
-8.668624e-008 9.98022
-8.648624e-008 9.98298
-8.628624e-008 9.92877
-8.608624e-008 9.83141
-8.588624e-008 9.82864
-8.568624e-008 9.97055
-8.548624e-008 10.1373
-8.528624e-008 10.1649
-8.508624e-008 10.0638
-8.488624e-008 9.98056
-8.468624e-008 9.97849
-8.448624e-008 9.99403
-8.428624e-008 9.96503
-8.408624e-008 9.91634
-8.388624e-008 9.91082
-8.368624e-008 9.94742
-8.348624e-008 9.96054
-8.328624e-008 9.94051
-8.308624e-008 9.96261
-8.288624e-008 10.0545
-8.268624e-008 10.1428
-8.248624e-008 10.1297
-8.228624e-008 10.0089
-8.208624e-008 9.9198
-8.188624e-008 9.97677
-8.168624e-008 10.09
-8.148624e-008 10.1494
-8.128624e-008 10.1522
-8.108624e-008 10.0589
-8.088624e-008 9.91842
-8.068624e-008 9.91496
-8.048624e-008 10.0054
-8.028624e-008 10.012
-8.008624e-008 9.96986
-7.988624e-008 9.9343
-7.968624e-008 9.8611
-7.948624e-008 9.85834
-7.928624e-008 10.003
-7.908624e-008 10.1387
-7.888624e-008 10.1656
-7.868624e-008 10.1301
-7.848624e-008 10.1121
-7.828624e-008 10.1636
-7.808624e-008 10.1867
-7.788624e-008 10.099
-7.768624e-008 10.04
-7.748624e-008 10.0524
-7.728624e-008 10.021
-7.708624e-008 10.0037
-7.688624e-008 10.0748
-7.668624e-008 10.1484
-7.648624e-008 10.1256
-7.628624e-008 10.0275
-7.608624e-008 9.97193
-7.588624e-008 9.97677
-7.568624e-008 9.96261
-7.548624e-008 9.92187
-7.528624e-008 9.89079
-7.508624e-008 9.89494
-7.488624e-008 9.94983
-7.468624e-008 10.0099
-7.448624e-008 10.0545
-7.428624e-008 10.1149
-7.408624e-008 10.1218
-7.388624e-008 10.0161
-7.368624e-008 9.91358
-7.348624e-008 9.93879
-7.328624e-008 10.0141
-7.308624e-008 10.0061
-7.288624e-008 9.96537
-7.268624e-008 9.96779
-7.248624e-008 10.0051
-7.228624e-008 10.0703
-7.208624e-008 10.0793
-7.188624e-008 9.99437
-7.168624e-008 9.93119
-7.148624e-008 9.94051
-7.128624e-008 9.98574
-7.108624e-008 10.0396
-7.088624e-008 10.0092
-7.068624e-008 9.8718
-7.048624e-008 9.84763
-7.028624e-008 9.98678
-7.008624e-008 10.0286
-6.988624e-008 9.98022
-6.968624e-008 10.0292
-6.948624e-008 10.1197
-6.928624e-008 10.1314
-6.908624e-008 10.0607
-6.888624e-008 10.002
-6.868624e-008 10.0189
-6.848624e-008 10.0655
-6.828624e-008 10.0955
-6.808624e-008 10.0893
-6.788624e-008 10.0341
-6.768624e-008 9.95294
-6.748624e-008 9.9229
-6.728624e-008 9.99507
-6.708624e-008 10.1373
-6.688624e-008 10.2682
-6.668624e-008 10.264
-6.648624e-008 10.11
-6.628624e-008 9.95363
-6.608624e-008 9.91186
-6.588624e-008 9.97159
-6.568624e-008 10.0023
-6.548624e-008 9.97884
-6.528624e-008 10.0379
-6.508624e-008 10.1114
-6.488624e-008 10.0054
-6.468624e-008 9.86766
-6.448624e-008 9.9046
-6.428624e-008 9.97504
-6.408624e-008 9.99265
-6.388624e-008 10.0503
-6.368624e-008 10.0879
-6.348624e-008 10.0479
-6.328624e-008 10.033
-6.308624e-008 10.0765
-6.288624e-008 10.1173
-6.268624e-008 10.1152
-6.248624e-008 10.0465
-6.228624e-008 9.99196
-6.208624e-008 10.031
-6.188624e-008 10.062
-6.168624e-008 10.0241
-6.148624e-008 9.96813
-6.128624e-008 9.93084
-6.108624e-008 9.94811
-6.088624e-008 9.98781
-6.068624e-008 9.98298
-6.048624e-008 9.96744
-6.028624e-008 9.97608
-6.008624e-008 9.94086
-5.988624e-008 9.87077
-5.968624e-008 9.90288
-5.948624e-008 9.99334
-5.928624e-008 9.96675
-5.908624e-008 9.88216
-5.888624e-008 9.88734
-5.868624e-008 9.98436
-5.848624e-008 10.1007
-5.828624e-008 10.1491
-5.808624e-008 10.1377
-5.788624e-008 10.1304
-5.768624e-008 10.0904
-5.748624e-008 10.0458
-5.728624e-008 10.0558
-5.708624e-008 10.0196
-5.688624e-008 9.95847
-5.668624e-008 9.98367
-5.648624e-008 9.98056
-5.628624e-008 9.89217
-5.608624e-008 9.88527
-5.588624e-008 9.96952
-5.568624e-008 10.0092
-5.548624e-008 10.003
-5.528624e-008 9.9671
-5.508624e-008 9.88216
-5.488624e-008 9.84384
-5.468624e-008 9.93671
-5.448624e-008 10.0565
-5.428624e-008 10.0845
-5.408624e-008 10.0534
-5.388624e-008 10.0472
-5.368624e-008 10.0683
-5.348624e-008 10.033
-5.328624e-008 9.95881
-5.308624e-008 9.94638
-5.288624e-008 9.92463
-5.268624e-008 9.83175
-5.248624e-008 9.79653
-5.228624e-008 9.8283
-5.208624e-008 9.81656
-5.188624e-008 9.79964
-5.168624e-008 9.86455
-5.148624e-008 9.98022
-5.128624e-008 10.061
-5.108624e-008 10.06
-5.088624e-008 10.0337
-5.068624e-008 10.0714
-5.048624e-008 10.1266
-5.028624e-008 10.1204
-5.008624e-008 10.0772
-4.988624e-008 10.012
-4.968624e-008 9.93948
-4.948624e-008 9.94776
-4.928624e-008 10.0185
-4.908624e-008 10.0486
-4.888624e-008 10.0444
-4.868624e-008 10.0123
-4.848624e-008 9.92739
-4.828624e-008 9.86628
-4.808624e-008 9.87491
-4.788624e-008 9.8756
-4.768624e-008 9.88182
-4.748624e-008 9.9709
-4.728624e-008 10.0541
-4.708624e-008 10.0507
-4.688624e-008 10.0437
-4.668624e-008 10.0997
-4.648624e-008 10.1435
-4.628624e-008 10.0942
-4.608624e-008 10.0631
-4.588624e-008 10.1263
-4.568624e-008 10.1687
-4.548624e-008 10.1266
-4.528624e-008 10.0223
-4.508624e-008 9.94845
-4.488624e-008 10.0251
-4.468624e-008 10.1404
-4.448624e-008 10.052
-4.428624e-008 9.78549
-4.408624e-008 9.6422
-4.388624e-008 9.75234
-4.368624e-008 9.88872
-4.348624e-008 9.89114
-4.328624e-008 9.84556
-4.308624e-008 9.83348
-4.288624e-008 9.88941
-4.268624e-008 9.97746
-4.248624e-008 9.99783
-4.228624e-008 9.97469
-4.208624e-008 9.98367
-4.188624e-008 10.0396
-4.168624e-008 10.1311
-4.148624e-008 10.1863
-4.128624e-008 10.1522
-4.108624e-008 10.0576
-4.088624e-008 9.93015
-4.068624e-008 9.8649
-4.048624e-008 9.94017
-4.028624e-008 9.99714
-4.008624e-008 9.95432
-3.988624e-008 9.94293
-3.968624e-008 9.92394
-3.948624e-008 9.85454
-3.928624e-008 9.89183
-3.908624e-008 10.0275
-3.888624e-008 10.0914
-3.868624e-008 10.0324
-3.848624e-008 9.91669
-3.828624e-008 9.87836
-3.808624e-008 9.95985
-3.788624e-008 9.99852
-3.768624e-008 9.93706
-3.748624e-008 9.93706
-3.728624e-008 9.98264
-3.708624e-008 9.94189
-3.688624e-008 9.91116
-3.668624e-008 9.96054
-3.648624e-008 9.99852
-3.628624e-008 10.0034
-3.608624e-008 9.98194
-3.588624e-008 9.9305
-3.568624e-008 9.93154
-3.548624e-008 10.0154
-3.528624e-008 10.0752
-3.508624e-008 10.0652
-3.488624e-008 10.0099
-3.468624e-008 9.9198
-3.448624e-008 9.87595
-3.428624e-008 9.93533
-3.408624e-008 10.0127
-3.388624e-008 10.0165
-3.368624e-008 9.94776
-3.348624e-008 9.91427
-3.328624e-008 9.99334
-3.308624e-008 10.0413
-3.288624e-008 9.95191
-3.268624e-008 9.85143
-3.248624e-008 9.87249
-3.228624e-008 9.95743
-3.208624e-008 9.96503
-3.188624e-008 9.93706
-3.168624e-008 9.94949
-3.148624e-008 9.92049
-3.128624e-008 9.8832
-3.108624e-008 9.96848
-3.088624e-008 10.0545
-3.068624e-008 10.0078
-3.048624e-008 10.0179
-3.028624e-008 10.1718
-3.008624e-008 10.2637
-2.988624e-008 10.2178
-2.968624e-008 10.1297
-2.948624e-008 10.021
-2.928624e-008 9.93741
-2.908624e-008 9.96744
-2.888624e-008 10.0265
-2.868624e-008 9.98954
-2.848624e-008 9.92359
-2.828624e-008 9.93775
-2.808624e-008 10.0092
-2.788624e-008 10.0375
-2.768624e-008 9.97815
-2.748624e-008 9.92774
-2.728624e-008 9.96572
-2.708624e-008 10.0061
-2.688624e-008 9.99368
-2.668624e-008 9.99783
-2.648624e-008 10.0268
-2.628624e-008 10.0676
-2.608624e-008 10.1694
-2.588624e-008 10.2454
-2.568624e-008 10.1701
-2.548624e-008 10.0217
-2.528624e-008 9.93464
-2.508624e-008 9.96744
-2.488624e-008 10.0493
-2.468624e-008 10.0303
-2.448624e-008 9.95122
-2.428624e-008 9.94431
-2.408624e-008 9.9267
-2.388624e-008 9.82208
-2.368624e-008 9.75959
-2.348624e-008 9.79723
-2.328624e-008 9.87353
-2.308624e-008 9.96019
-2.288624e-008 10.0182
-2.268624e-008 10.031
-2.248624e-008 10.0496
-2.228624e-008 10.0862
-2.208624e-008 10.0814
-2.188624e-008 10.0127
-2.168624e-008 9.96986
-2.148624e-008 10.0237
-2.128624e-008 10.0776
-2.108624e-008 10.0424
-2.088624e-008 10.0013
-2.068624e-008 9.97987
-2.048624e-008 9.88803
-2.028624e-008 9.80862
-2.008624e-008 9.87905
-1.988624e-008 10.0168
-1.968624e-008 10.0797
-1.948624e-008 10.0427
-1.928624e-008 9.96779
-1.908624e-008 9.96813
-1.888624e-008 10.1035
-1.868624e-008 10.2461
-1.848624e-008 10.2022
-1.828624e-008 10.0303
-1.808624e-008 9.96986
-1.788624e-008 10.032
-1.768624e-008 10.0482
-1.748624e-008 10.04
-1.728624e-008 10.0879
-1.708624e-008 10.1187
-1.688624e-008 10.079
-1.668624e-008 10.012
-1.648624e-008 9.98229
-1.628624e-008 9.96261
-1.608624e-008 9.93188
-1.588624e-008 9.99265
-1.568624e-008 10.079
-1.548624e-008 10.0203
-1.528624e-008 9.90495
-1.508624e-008 9.88941
-1.488624e-008 9.97849
-1.468624e-008 10.0986
-1.448624e-008 10.1725
-1.428624e-008 10.157
-1.408624e-008 10.0634
-1.388624e-008 9.99507
-1.368624e-008 10.0165
-1.348624e-008 10.0783
-1.328624e-008 10.1442
-1.308624e-008 10.1777
-1.288624e-008 10.1456
-1.268624e-008 10.0807
-1.248624e-008 10.0165
-1.228624e-008 9.96261
-1.208624e-008 9.96503
-1.188624e-008 10.0489
-1.168624e-008 10.1301
-1.148624e-008 10.1056
-1.128624e-008 10.0268
-1.108624e-008 10.0109
-1.088624e-008 10.0334
-1.068624e-008 10.0337
-1.048624e-008 10.0358
-1.028624e-008 10.0372
-1.008624e-008 10.0151
-9.886237e-009 9.98505
-9.686237e-009 9.93948
-9.486237e-009 9.8901
-9.286237e-009 9.91047
-9.086237e-009 9.95605
-8.886237e-009 9.92981
-8.686237e-009 9.9267
-8.486237e-009 10.013
-8.286237e-009 10.0652
-8.086237e-009 9.99679
-7.886237e-009 9.86973
-7.686237e-009 9.84177
-7.486237e-009 9.9633
-7.286237e-009 10.0658
-7.086237e-009 10.0562
-6.886237e-009 9.97573
-6.686237e-009 9.84556
-6.486237e-009 9.80793
-6.286237e-009 9.97055
-6.086237e-009 10.1239
-5.886237e-009 10.0835
-5.686237e-009 10.0078
-5.486237e-009 10.0234
-5.286237e-009 10.033
-5.086237e-009 10.0282
-4.886237e-009 10.0672
-4.686237e-009 10.0717
-4.486237e-009 9.98264
-4.286237e-009 9.91876
-4.086237e-009 10.0058
-3.886237e-009 10.1542
-3.686237e-009 10.1394
-3.486237e-009 9.96261
-3.286237e-009 9.8901
-3.086237e-009 10.0161
-2.886237e-009 10.157
-2.686237e-009 10.168
-2.486237e-009 10.081
-2.286237e-009 9.97504
-2.086237e-009 9.90495
-1.886237e-009 9.82968
-1.686237e-009 9.55277
-1.486237e-009 8.92645
-1.286237e-009 7.96867
-1.086237e-009 6.75608
-8.862367e-010 5.44475
-6.862367e-010 4.24701
-4.862367e-010 3.2692
-2.862367e-010 2.56278
-8.623666e-011 2.12394
1.137633e-010 1.87155
3.137633e-010 1.75795
5.137633e-010 1.67681
7.137633e-010 1.56218
9.137633e-010 1.49382
1.113763e-009 1.4334
1.313763e-009 1.32429
1.513763e-009 1.26318
1.713763e-009 1.27975
1.913763e-009 1.29322
2.113763e-009 1.27906
2.313763e-009 1.30254
2.513763e-009 1.38161
2.713763e-009 1.45446
2.913763e-009 1.4517
3.113763e-009 1.33948
3.313763e-009 1.21657
3.513763e-009 1.19343
3.713763e-009 1.25904
3.913763e-009 1.36262
4.113763e-009 1.38471
4.313763e-009 1.3022
4.513763e-009 1.24695
4.713763e-009 1.21519
4.913763e-009 1.14544
5.113763e-009 1.15269
5.313763e-009 1.29978
5.513763e-009 1.44376
5.713763e-009 1.53836
5.913763e-009 1.63227
6.113763e-009 1.64574
6.313763e-009 1.51039
6.513763e-009 1.3198
6.713763e-009 1.20552
6.913763e-009 1.16581
7.113763e-009 1.13301
7.313763e-009 1.15442
7.513763e-009 1.29253
7.713763e-009 1.42925
7.913763e-009 1.43789
8.113763e-009 1.39542
8.313763e-009 1.38195
8.513763e-009 1.3495
8.713763e-009 1.2984
8.913763e-009 1.25904
9.113763e-009 1.19792
9.313763e-009 1.12404
9.513763e-009 1.1085
9.713763e-009 1.18273
9.913763e-009 1.27699
1.011376e-008 1.27112
1.031376e-008 1.21519
1.051376e-008 1.24488
1.071376e-008 1.27526
1.091376e-008 1.19689
1.111376e-008 1.10505
1.131376e-008 1.09193
1.151376e-008 1.16202
1.171376e-008 1.28631
1.191376e-008 1.36849
1.211376e-008 1.36503
1.231376e-008 1.28321
1.251376e-008 1.13888
1.271376e-008 1.07501
1.291376e-008 1.17928
1.311376e-008 1.32118
1.331376e-008 1.36296
1.351376e-008 1.31808
1.371376e-008 1.24833
1.391376e-008 1.17652
1.411376e-008 1.18653
1.431376e-008 1.27941
1.451376e-008 1.2946
1.471376e-008 1.22278
1.491376e-008 1.17341
1.511376e-008 1.17237
1.531376e-008 1.17652
1.551376e-008 1.12231
1.571376e-008 1.04773
1.591376e-008 1.04152
1.611376e-008 1.06499
1.631376e-008 1.02943
1.651376e-008 0.975569
1.671376e-008 1.04704
1.691376e-008 1.23211
1.711376e-008 1.35537
1.731376e-008 1.34363
1.751376e-008 1.23521
1.771376e-008 1.10781
1.791376e-008 1.05947
1.811376e-008 1.12921
1.831376e-008 1.2107
1.851376e-008 1.14613
1.871376e-008 1.00941
1.891376e-008 0.977296
1.911376e-008 1.03565
1.931376e-008 1.08502
1.951376e-008 1.06879
1.971376e-008 1.00354
1.991376e-008 0.977641
2.011376e-008 1.04635
2.031376e-008 1.16478
2.051376e-008 1.22347
2.071376e-008 1.18101
2.091376e-008 1.11575
2.111376e-008 1.08916
2.131376e-008 1.08019
2.151376e-008 1.06327
2.171376e-008 1.04877
2.191376e-008 1.07155
2.211376e-008 1.10574
2.231376e-008 1.10884
2.251376e-008 1.06534
2.271376e-008 0.96314
2.291376e-008 0.922052
2.311376e-008 1.02011
2.331376e-008 1.06568
2.351376e-008 0.946221
2.371376e-008 0.836771
2.391376e-008 0.865773
2.411376e-008 0.955544
2.431376e-008 0.994214
2.451376e-008 0.964866
2.471376e-008 0.954508
2.491376e-008 1.01735
2.511376e-008 1.05291
2.531376e-008 0.987309
2.551376e-008 0.964866
2.571376e-008 1.05809
2.591376e-008 1.10781
2.611376e-008 1.05705
2.631376e-008 1.00285
2.651376e-008 0.993178
2.671376e-008 1.02978
2.691376e-008 1.06603
2.711376e-008 1.06499
2.731376e-008 1.06361
2.751376e-008 1.04255
2.771376e-008 0.981439
2.791376e-008 0.967973
2.811376e-008 1.0284
2.831376e-008 1.07432
2.851376e-008 1.04566
2.871376e-008 0.999393
2.891376e-008 0.99525
2.911376e-008 1.05326
2.931376e-008 1.19343
2.951376e-008 1.27492
2.971376e-008 1.1558
2.991376e-008 0.991107
3.011376e-008 1.02391
3.031376e-008 1.20069
3.051376e-008 1.23349
3.071376e-008 1.06154
3.091376e-008 0.91929
3.111376e-008 0.966938
3.131376e-008 1.09503
3.151376e-008 1.09572
3.171376e-008 0.99594
3.191376e-008 1.00906
3.211376e-008 1.13716
3.231376e-008 1.19551
3.251376e-008 1.15822
3.271376e-008 1.17203
3.291376e-008 1.24661
3.311376e-008 1.26629
3.331376e-008 1.24626
3.351376e-008 1.20172
3.371376e-008 1.10712
3.391376e-008 1.04635
3.411376e-008 1.05843
3.431376e-008 1.08191
3.451376e-008 1.08364
3.471376e-008 1.06499
3.491376e-008 1.03703
3.511376e-008 1.04497
3.531376e-008 1.0902
3.551376e-008 1.06914
3.571376e-008 0.958651
3.591376e-008 0.87475
3.611376e-008 0.918254
3.631376e-008 1.04739
3.651376e-008 1.08467
3.671376e-008 1.00802
3.691376e-008 0.983165
3.711376e-008 1.02529
3.731376e-008 1.06845
3.751376e-008 1.11057
3.771376e-008 1.11092
3.791376e-008 1.07535
3.811376e-008 1.11851
3.831376e-008 1.21208
3.851376e-008 1.20552
3.871376e-008 1.13785
3.891376e-008 1.09814
3.911376e-008 1.05429
3.931376e-008 1.04083
3.951376e-008 1.08329
3.971376e-008 1.09089
3.991376e-008 1.03357
4.011376e-008 0.990761
4.031376e-008 0.986273
4.051376e-008 0.943804
4.071376e-008 0.9186
4.091376e-008 1.04531
4.111376e-008 1.19482
4.131376e-008 1.16685
4.151376e-008 1.05222
4.171376e-008 1.02771
4.191376e-008 1.04911
4.211376e-008 1.04013
4.231376e-008 1.05015
4.251376e-008 1.06845
4.271376e-008 1.04911
4.291376e-008 1.00319
4.311376e-008 0.962449
4.331376e-008 0.986273
4.351376e-008 1.05153
4.371376e-008 1.04221
4.391376e-008 0.983165
4.411376e-008 1.01182
4.431376e-008 1.05395
4.451376e-008 0.957961
4.471376e-008 0.855761
4.491376e-008 0.900646
4.511376e-008 1.02632
4.531376e-008 1.13785
4.551376e-008 1.19689
4.571376e-008 1.20276
4.591376e-008 1.14303
4.611376e-008 1.046
4.631376e-008 1.05602
4.651376e-008 1.23487
4.671376e-008 1.37712
4.691376e-008 1.29598
4.711376e-008 1.12369
4.731376e-008 1.04359
4.751376e-008 1.01113
4.771376e-008 0.979713
4.791376e-008 1.01079
4.811376e-008 1.0757
4.831376e-008 1.08571
4.851376e-008 1.04462
4.871376e-008 1.06154
4.891376e-008 1.16996
4.911376e-008 1.21104
4.931376e-008 1.13163
4.951376e-008 1.08191
4.971376e-008 1.08398
4.991376e-008 1.06741
5.011376e-008 1.08122
5.031376e-008 1.15753
5.051376e-008 1.2328
5.071376e-008 1.25351
5.091376e-008 1.23556
5.111376e-008 1.24592
5.131376e-008 1.24592
5.151376e-008 1.13232
5.171376e-008 0.99525
5.191376e-008 1.01113
5.211376e-008 1.12852
5.231376e-008 1.14786
5.251376e-008 1.07984
5.271376e-008 1.05291
5.291376e-008 1.04704
5.311376e-008 1.04186
5.331376e-008 1.05222
5.351376e-008 1.06845
5.371376e-008 1.12473
5.391376e-008 1.20379
5.411376e-008 1.21139
5.431376e-008 1.13232
5.451376e-008 1.0612
5.471376e-008 1.06568
5.491376e-008 1.12335
5.511376e-008 1.15028
5.531376e-008 1.10608
5.551376e-008 1.07155
5.571376e-008 1.08778
5.591376e-008 1.1154
5.611376e-008 1.13957
5.631376e-008 1.10574
5.651376e-008 1.0208
5.671376e-008 0.993523
5.691376e-008 1.00319
5.711376e-008 0.970045
5.731376e-008 0.954163
5.751376e-008 1.00492
5.771376e-008 1.04877
5.791376e-008 1.05602
5.811376e-008 1.07673
5.831376e-008 1.12645
5.851376e-008 1.15787
5.871376e-008 1.14061
5.891376e-008 1.11368
5.911376e-008 1.1009
5.931376e-008 1.07294
5.951376e-008 1.02356
5.971376e-008 1.01631
5.991376e-008 1.09607
6.011376e-008 1.15753
6.031376e-008 1.11678
6.051376e-008 1.05015
6.071376e-008 1.03288
6.091376e-008 1.0719
6.111376e-008 1.11126
6.131376e-008 1.11022
6.151376e-008 1.10746
6.171376e-008 1.1192
6.191376e-008 1.12404
6.211376e-008 1.11057
6.231376e-008 1.1047
6.251376e-008 1.16202
6.271376e-008 1.21657
6.291376e-008 1.13785
6.311376e-008 1.00526
6.331376e-008 0.979022
6.351376e-008 1.01597
6.371376e-008 1.01217
6.391376e-008 1.01838
6.411376e-008 1.07742
6.431376e-008 1.07363
6.451376e-008 1.01838
6.471376e-008 1.06776
6.491376e-008 1.18135
6.511376e-008 1.22278
6.531376e-008 1.16443
6.551376e-008 1.08916
6.571376e-008 1.09676
6.591376e-008 1.17928
6.611376e-008 1.23556
6.631376e-008 1.2031
6.651376e-008 1.1634
6.671376e-008 1.1848
6.691376e-008 1.20586
6.711376e-008 1.19309
6.731376e-008 1.1817
6.751376e-008 1.13957
6.771376e-008 1.04152
6.791376e-008 0.967973
6.811376e-008 0.998702
6.831376e-008 1.07673
6.851376e-008 1.0681
6.871376e-008 1.00526
6.891376e-008 0.989035
6.911376e-008 1.017
6.931376e-008 1.08502
6.951376e-008 1.1634
6.971376e-008 1.22106
6.991376e-008 1.30185
7.011376e-008 1.38748
7.031376e-008 1.38955
7.051376e-008 1.29598
7.071376e-008 1.17859
7.091376e-008 1.08502
7.111376e-008 1.07052
7.131376e-008 1.16132
7.151376e-008 1.21691
7.171376e-008 1.15891
7.191376e-008 1.07777
7.211376e-008 1.00733
7.231376e-008 0.945186
7.251376e-008 0.935863
7.271376e-008 1.00768
7.291376e-008 1.11022
7.311376e-008 1.1192
7.331376e-008 1.02184
7.351376e-008 0.944495
7.371376e-008 0.93172
7.391376e-008 0.99594
7.411376e-008 1.15131
7.431376e-008 1.25731
7.451376e-008 1.2069
7.471376e-008 1.10125
7.491376e-008 1.06465
7.511376e-008 1.09987
7.531376e-008 1.11092
7.551376e-008 1.04635
7.571376e-008 0.977296
7.591376e-008 0.977641
7.611376e-008 1.02253
7.631376e-008 1.0467
7.651376e-008 1.04946
7.671376e-008 1.06499
7.691376e-008 1.10263
7.711376e-008 1.16478
7.731376e-008 1.20552
7.751376e-008 1.20932
7.771376e-008 1.23038
7.791376e-008 1.23763
7.811376e-008 1.18895
7.831376e-008 1.15925
7.851376e-008 1.1779
7.871376e-008 1.17168
7.891376e-008 1.12921
7.911376e-008 1.10643
7.931376e-008 1.12473
7.951376e-008 1.13819
7.971376e-008 1.09158
7.991376e-008 1.02771
8.011376e-008 1.02287
8.031376e-008 1.05395
8.051376e-008 1.07535
8.071376e-008 1.12576
8.091376e-008 1.16927
8.111376e-008 1.12265
8.131376e-008 1.04877
8.151376e-008 1.01976
8.171376e-008 1.04635
8.191376e-008 1.11817
8.211376e-008 1.17583
8.231376e-008 1.1924
8.251376e-008 1.21208
8.271376e-008 1.22555
8.291376e-008 1.17997
8.311376e-008 1.11644
8.331376e-008 1.08951
8.351376e-008 1.10194
8.371376e-008 1.16858
8.391376e-008 1.22969
8.411376e-008 1.17272
8.431376e-008 1.03461
8.451376e-008 0.965902
8.471376e-008 1.01251
8.491376e-008 1.09296
8.511376e-008 1.13405
8.531376e-008 1.13163
8.551376e-008 1.15097
8.571376e-008 1.23625
8.591376e-008 1.3022
8.611376e-008 1.2725
8.631376e-008 1.18653
8.651376e-008 1.12611
8.671376e-008 1.15753
8.691376e-008 1.22037
8.711376e-008 1.2069
8.731376e-008 1.15856
8.751376e-008 1.1268
8.771376e-008 1.10056
8.791376e-008 1.1123
8.811376e-008 1.12473
8.831376e-008 1.06948
8.851376e-008 1.0246
8.871376e-008 1.04048
8.891376e-008 1.04946
8.911376e-008 1.03461
8.931376e-008 1.03737
8.951376e-008 1.08778
8.971376e-008 1.16927
8.991376e-008 1.20069
9.011376e-008 1.15097
9.031376e-008 1.11402
9.051376e-008 1.14199
9.071376e-008 1.17479
9.091376e-008 1.15269
9.111376e-008 1.09054
9.131376e-008 1.09987
9.151376e-008 1.21242
9.171376e-008 1.25662
9.191376e-008 1.16581
9.211376e-008 1.10021
9.231376e-008 1.15546
9.251376e-008 1.2504
9.271376e-008 1.23901
9.291376e-008 1.10401
9.311376e-008 1.0429
9.331376e-008 1.15787
9.351376e-008 1.25904
9.371376e-008 1.2176
9.391376e-008 1.14786
9.411376e-008 1.14233
9.431376e-008 1.17548
9.451376e-008 1.21933
9.471376e-008 1.23314
9.491376e-008 1.17928
9.511376e-008 1.11368
9.531376e-008 1.08916
9.551376e-008 1.09193
9.571376e-008 1.11057
9.591376e-008 1.0826
9.611376e-008 0.989725
9.631376e-008 0.968664
9.651376e-008 1.07052
9.671376e-008 1.20863
9.691376e-008 1.30599
9.711376e-008 1.30323
9.731376e-008 1.22762
9.751376e-008 1.20552
9.771376e-008 1.23625
9.791376e-008 1.22002
9.811376e-008 1.23487
9.831376e-008 1.30185
9.851376e-008 1.25351
9.871376e-008 1.13647
9.891376e-008 1.094
9.911376e-008 1.10953
9.931376e-008 1.1703
9.951376e-008 1.24971
9.971376e-008 1.28804
9.991376e-008 1.28528
1.001138e-007 1.24005
1.003138e-007 1.19413
1.005138e-007 1.20552
1.007138e-007 1.18101
1.009138e-007 1.07984
1.011138e-007 1.06499
1.013138e-007 1.18342
1.015138e-007 1.28079
1.017138e-007 1.27078
1.019138e-007 1.23556
1.021138e-007 1.27388
1.023138e-007 1.33223
1.025138e-007 1.32671
1.027138e-007 1.27181
1.029138e-007 1.21312
1.031138e-007 1.19102
1.033138e-007 1.21381
1.035138e-007 1.22796
1.037138e-007 1.16927
1.039138e-007 1.11195
1.041138e-007 1.15753
1.043138e-007 1.2031
1.045138e-007 1.14613
1.047138e-007 1.07811
1.049138e-007 1.08813
1.051138e-007 1.11437
1.053138e-007 1.10677
1.055138e-007 1.10574
1.057138e-007 1.10919
1.059138e-007 1.09952
1.061138e-007 1.09469
1.063138e-007 1.08606
1.065138e-007 1.11713
1.067138e-007 1.1962
1.069138e-007 1.17928
1.071138e-007 1.08019
1.073138e-007 1.07639
1.075138e-007 1.14337
1.077138e-007 1.15373
1.079138e-007 1.14372
1.081138e-007 1.17134
1.083138e-007 1.1741
1.085138e-007 1.10988
1.087138e-007 1.01148
1.089138e-007 0.95727
1.091138e-007 1.00526
1.093138e-007 1.11471
1.095138e-007 1.24212
1.097138e-007 1.30254
1.099138e-007 1.21484
1.101138e-007 1.123
1.103138e-007 1.15787
1.105138e-007 1.23349
1.107138e-007 1.2656
1.109138e-007 1.23936
1.111138e-007 1.17755
1.113138e-007 1.14475
1.115138e-007 1.12265
1.117138e-007 1.08122
1.119138e-007 1.09572
1.121138e-007 1.12611
1.123138e-007 1.0864
1.125138e-007 1.04013
1.127138e-007 1.03979
1.129138e-007 1.10953
1.131138e-007 1.23072
1.133138e-007 1.27975
1.135138e-007 1.21104
1.137138e-007 1.14061
1.139138e-007 1.18653
1.141138e-007 1.29115
1.143138e-007 1.28666
1.145138e-007 1.15028
1.147138e-007 1.10815
1.149138e-007 1.26318
1.151138e-007 1.33845
1.153138e-007 1.17583
1.155138e-007 1.0208
1.157138e-007 1.06154
1.159138e-007 1.15994
1.161138e-007 1.16305
1.163138e-007 1.12956
1.165138e-007 1.14199
1.167138e-007 1.15856
1.169138e-007 1.13681
1.171138e-007 1.13439
1.173138e-007 1.18584
1.175138e-007 1.2145
1.177138e-007 1.18377
1.179138e-007 1.14268
1.181138e-007 1.10781
1.183138e-007 1.09883
1.185138e-007 1.13992
1.187138e-007 1.14544
1.189138e-007 1.09918
1.191138e-007 1.12611
1.193138e-007 1.1634
1.195138e-007 1.06707
1.197138e-007 0.922743
1.199138e-007 0.887525
1.201138e-007 0.968319
1.203138e-007 1.06983
1.205138e-007 1.12887
1.207138e-007 1.11506
1.209138e-007 1.05912
1.211138e-007 1.0467
1.213138e-007 1.07328
1.215138e-007 1.09607
1.217138e-007 1.11575
1.219138e-007 1.11506
1.221138e-007 1.0757
1.223138e-007 1.00837
1.225138e-007 0.955889
1.227138e-007 0.98282
1.229138e-007 1.06361
1.231138e-007 1.11264
1.233138e-007 1.11195
1.235138e-007 1.07466
1.237138e-007 1.05256
1.239138e-007 1.08053
1.241138e-007 1.0971
1.243138e-007 1.08088
1.245138e-007 1.04842
1.247138e-007 1.00008
1.249138e-007 0.994559
1.251138e-007 1.09641
1.253138e-007 1.21933
1.255138e-007 1.19171
1.257138e-007 1.08606
1.259138e-007 1.12921
1.261138e-007 1.258
1.263138e-007 1.2397
1.265138e-007 1.08985
1.267138e-007 1.00492
1.269138e-007 1.05187
1.271138e-007 1.1268
1.273138e-007 1.15476
1.275138e-007 1.16029
1.277138e-007 1.16547
1.279138e-007 1.17686
1.281138e-007 1.20103
1.283138e-007 1.20517
1.285138e-007 1.19827
1.287138e-007 1.22796
1.289138e-007 1.25179
1.291138e-007 1.23797
1.293138e-007 1.2473
1.295138e-007 1.28907
1.297138e-007 1.34328
1.299138e-007 1.41234
1.301138e-007 1.38541
1.303138e-007 1.2214
1.305138e-007 1.12231
1.307138e-007 1.17997
1.309138e-007 1.28493
1.311138e-007 1.31911
1.313138e-007 1.2397
1.315138e-007 1.1817
1.317138e-007 1.23521
1.319138e-007 1.26145
1.321138e-007 1.20552
1.323138e-007 1.17824
1.325138e-007 1.18998
1.327138e-007 1.19136
1.329138e-007 1.20863
1.331138e-007 1.24695
1.333138e-007 1.26491
1.335138e-007 1.29046
1.337138e-007 1.39197
1.339138e-007 1.52766
1.341138e-007 1.58186
1.343138e-007 1.49969
1.345138e-007 1.34708
1.347138e-007 1.27112
1.349138e-007 1.2763
1.351138e-007 1.23556
1.353138e-007 1.19516
1.355138e-007 1.2618
1.357138e-007 1.3419
1.359138e-007 1.32222
1.361138e-007 1.25558
1.363138e-007 1.23141
1.365138e-007 1.25766
1.367138e-007 1.31704
1.369138e-007 1.40336
1.371138e-007 1.46689
1.373138e-007 1.43754
1.375138e-007 1.35226
1.377138e-007 1.32498
1.379138e-007 1.36745
1.381138e-007 1.43271
1.383138e-007 1.52628
1.385138e-007 1.57979
1.387138e-007 1.50073
1.389138e-007 1.34812
1.391138e-007 1.26042
1.393138e-007 1.32671
1.395138e-007 1.44237
1.397138e-007 1.42235
1.399138e-007 1.31014
1.401138e-007 1.27147
1.403138e-007 1.33085
1.405138e-007 1.42753
1.407138e-007 1.51419
1.409138e-007 1.56564
1.411138e-007 1.62019
1.413138e-007 1.634
1.415138e-007 1.53318
1.417138e-007 1.4624
1.419138e-007 1.49693
1.421138e-007 1.4769
1.423138e-007 1.4006
1.425138e-007 1.4372
1.427138e-007 1.5097
1.429138e-007 1.48622
1.431138e-007 1.50729
1.433138e-007 1.59119
1.435138e-007 1.53525
1.437138e-007 1.38782
1.439138e-007 1.4037
1.441138e-007 1.57012
1.443138e-007 1.66093
1.445138e-007 1.63193
1.447138e-007 1.5722
1.449138e-007 1.52179
1.451138e-007 1.53594
1.453138e-007 1.62261
1.455138e-007 1.66784
1.457138e-007 1.6195
1.459138e-007 1.57807
1.461138e-007 1.6485
1.463138e-007 1.75174
1.465138e-007 1.74932
1.467138e-007 1.70236
1.469138e-007 1.69028
1.471138e-007 1.6813
1.473138e-007 1.67025
1.475138e-007 1.62571
1.477138e-007 1.53767
1.479138e-007 1.49037
1.481138e-007 1.51557
1.483138e-007 1.59326
1.485138e-007 1.68579
1.487138e-007 1.70098
1.489138e-007 1.65333
1.491138e-007 1.6668
1.493138e-007 1.71134
1.495138e-007 1.70927
1.497138e-007 1.73655
1.499138e-007 1.79179
1.501138e-007 1.76796
1.503138e-007 1.69684
1.505138e-007 1.69373
1.507138e-007 1.77245
1.509138e-007 1.79835
1.511138e-007 1.69131
1.513138e-007 1.62571
1.515138e-007 1.69718
1.517138e-007 1.69891
1.519138e-007 1.56218
1.521138e-007 1.4731
1.523138e-007 1.49209
1.525138e-007 1.57047
1.527138e-007 1.67509
1.529138e-007 1.69408
1.531138e-007 1.62157
1.533138e-007 1.61466
1.535138e-007 1.68303
1.537138e-007 1.70651
1.539138e-007 1.66784
1.541138e-007 1.63711
1.543138e-007 1.67405
1.545138e-007 1.76244
1.547138e-007 1.77832
1.549138e-007 1.70927
1.551138e-007 1.68234
1.553138e-007 1.72066
1.555138e-007 1.79593
1.557138e-007 1.86153
1.559138e-007 1.85808
1.561138e-007 1.79179
1.563138e-007 1.6958
1.565138e-007 1.64332
1.567138e-007 1.69062
1.569138e-007 1.79938
1.571138e-007 1.88363
1.573138e-007 1.87431
1.575138e-007 1.80042
1.577138e-007 1.77004
1.579138e-007 1.80802
1.581138e-007 1.85152
1.583138e-007 1.87362
1.585138e-007 1.88846
1.587138e-007 1.87603
1.589138e-007 1.769
1.591138e-007 1.66059
1.593138e-007 1.71617
1.595138e-007 1.78247
1.597138e-007 1.72722
1.599138e-007 1.75105
1.601138e-007 1.85773
1.603138e-007 1.85152
1.605138e-007 1.77867
1.607138e-007 1.79179
1.609138e-007 1.94267
1.611138e-007 2.14051
1.613138e-007 2.19783
1.615138e-007 2.07387
1.617138e-007 1.92921
1.619138e-007 1.88259
1.621138e-007 1.92644
1.623138e-007 1.96442
1.625138e-007 1.89502
1.627138e-007 1.82562
1.629138e-007 1.9154
1.631138e-007 2.05696
1.633138e-007 2.09252
1.635138e-007 2.03451
1.637138e-007 1.9513
1.639138e-007 1.89054
1.641138e-007 1.87603
1.643138e-007 1.92334
1.645138e-007 1.96477
1.647138e-007 1.91781
1.649138e-007 1.87707
1.651138e-007 1.93577
1.653138e-007 2.01311
1.655138e-007 2.01725
1.657138e-007 1.99205
1.659138e-007 2.039
1.661138e-007 2.13015
1.663138e-007 2.15432
1.665138e-007 2.10944
1.667138e-007 2.06593
1.669138e-007 2.03555
1.671138e-007 2.0176
1.673138e-007 1.9993
1.675138e-007 1.9223
1.677138e-007 1.85808
1.679138e-007 1.92886
1.681138e-007 2.02864
1.683138e-007 1.9917
1.685138e-007 1.89019
1.687138e-007 1.92644
1.689138e-007 2.12739
1.691138e-007 2.25687
1.693138e-007 2.16399
1.695138e-007 2.03658
1.697138e-007 2.00862
1.699138e-007 1.98825
1.701138e-007 1.97616
1.703138e-007 2.01138
1.705138e-007 2.04901
1.707138e-007 2.07077
1.709138e-007 2.03279
1.711138e-007 1.94751
1.713138e-007 1.94371
1.715138e-007 2.01552
1.717138e-007 2.0176
1.719138e-007 1.96995
1.721138e-007 2.00965
1.723138e-007 2.08423
1.725138e-007 2.06144
1.727138e-007 1.97306
1.729138e-007 1.97513
1.731138e-007 2.11634
1.733138e-007 2.22717
1.735138e-007 2.20301
1.737138e-007 2.19127
1.739138e-007 2.2434
1.741138e-007 2.24306
1.743138e-007 2.25618
1.745138e-007 2.33904
1.747138e-007 2.30831
1.749138e-007 2.12601
1.751138e-007 2.02243
1.753138e-007 2.08492
1.755138e-007 2.14914
1.757138e-007 2.12359
1.759138e-007 2.10426
1.761138e-007 2.1526
1.763138e-007 2.20818
1.765138e-007 2.25272
1.767138e-007 2.29312
1.769138e-007 2.29243
1.771138e-007 2.27896
1.773138e-007 2.26481
1.775138e-007 2.16675
1.777138e-007 2.07215
1.779138e-007 2.16192
1.781138e-007 2.30072
1.783138e-007 2.31315
1.785138e-007 2.28035
1.787138e-007 2.29105
1.789138e-007 2.35044
1.791138e-007 2.37702
1.793138e-007 2.29934
1.795138e-007 2.25376
1.797138e-007 2.36563
1.799138e-007 2.48371
1.801138e-007 2.43882
1.803138e-007 2.30728
1.805138e-007 2.23857
1.807138e-007 2.21751
1.809138e-007 2.14396
1.811138e-007 2.09114
1.813138e-007 2.21923
1.815138e-007 2.45471
1.817138e-007 2.57486
1.819138e-007 2.52376
1.821138e-007 2.42605
1.823138e-007 2.3494
1.825138e-007 2.26964
1.827138e-007 2.21267
1.829138e-007 2.20853
1.831138e-007 2.25825
1.833138e-007 2.37288
1.835138e-007 2.45989
1.837138e-007 2.39498
1.839138e-007 2.29036
1.841138e-007 2.31315
1.843138e-007 2.41155
1.845138e-007 2.44504
1.847138e-007 2.37771
1.849138e-007 2.33455
1.851138e-007 2.35596
1.853138e-007 2.30072
1.855138e-007 2.2396
1.857138e-007 2.32661
1.859138e-007 2.42087
1.861138e-007 2.39808
1.863138e-007 2.36943
1.865138e-007 2.42536
1.867138e-007 2.48716
1.869138e-007 2.46541
1.871138e-007 2.39359
1.873138e-007 2.38945
1.875138e-007 2.48992
1.877138e-007 2.54551
1.879138e-007 2.5172
1.881138e-007 2.53377
1.883138e-007 2.56278
1.885138e-007 2.53308
1.887138e-007 2.50166
1.889138e-007 2.5027
1.891138e-007 2.5355
1.893138e-007 2.57797
1.895138e-007 2.60283
1.897138e-007 2.60766
1.899138e-007 2.56899
1.901138e-007 2.47819
1.903138e-007 2.41742
1.905138e-007 2.43917
1.907138e-007 2.4226
1.909138e-007 2.34146
1.911138e-007 2.36356
1.913138e-007 2.444
1.915138e-007 2.43952
1.917138e-007 2.41983
1.919138e-007 2.42847
1.921138e-007 2.46023
1.923138e-007 2.51099
1.925138e-007 2.46265
1.927138e-007 2.37426
1.929138e-007 2.43882
1.931138e-007 2.56865
1.933138e-007 2.59765
1.935138e-007 2.58453
1.937138e-007 2.59523
1.939138e-007 2.63736
1.941138e-007 2.70227
1.943138e-007 2.65496
1.945138e-007 2.50719
1.947138e-007 2.51927
1.949138e-007 2.71746
1.951138e-007 2.82035
1.953138e-007 2.76234
1.955138e-007 2.7437
1.957138e-007 2.7292
1.959138e-007 2.58729
1.961138e-007 2.48854
1.963138e-007 2.56001
1.965138e-007 2.63805
1.967138e-007 2.59212
1.969138e-007 2.48475
1.971138e-007 2.46679
1.973138e-007 2.62907
1.975138e-007 2.83036
1.977138e-007 2.85073
1.979138e-007 2.72436
1.981138e-007 2.62493
1.983138e-007 2.6377
1.985138e-007 2.7178
1.987138e-007 2.71573
1.989138e-007 2.62078
1.991138e-007 2.59143
1.993138e-007 2.6484
1.995138e-007 2.66498
1.997138e-007 2.5942
1.999138e-007 2.55484
2.001138e-007 2.64392
2.003138e-007 2.75199
2.005138e-007 2.71228
2.007138e-007 2.57452
2.009138e-007 2.56692
2.011138e-007 2.68949
2.013138e-007 2.68673
2.015138e-007 2.56416
2.017138e-007 2.59247
2.019138e-007 2.72298
2.021138e-007 2.68846
2.023138e-007 2.55345
2.025138e-007 2.52376
2.027138e-007 2.61595
2.029138e-007 2.76338
2.031138e-007 2.8345
2.033138e-007 2.77546
2.035138e-007 2.73369
2.037138e-007 2.74335
2.039138e-007 2.71608
2.041138e-007 2.72367
2.043138e-007 2.80205
2.045138e-007 2.81448
2.047138e-007 2.7361
2.049138e-007 2.6743
2.051138e-007 2.66014
2.053138e-007 2.70779
2.055138e-007 2.82587
2.057138e-007 2.90321
2.059138e-007 2.86661
2.061138e-007 2.79687
2.063138e-007 2.79929
2.065138e-007 2.868
2.067138e-007 2.91046
2.069138e-007 2.8894
2.071138e-007 2.81413
2.073138e-007 2.76476
2.075138e-007 2.85039
2.077138e-007 2.95052
2.079138e-007 2.88664
2.081138e-007 2.7437
2.083138e-007 2.70986
2.085138e-007 2.82449
2.087138e-007 2.92635
2.089138e-007 2.9077
2.091138e-007 2.8787
2.093138e-007 2.92255
2.095138e-007 3.00196
2.097138e-007 3.06722
2.099138e-007 3.09484
2.101138e-007 3.09415
2.103138e-007 3.05306
2.105138e-007 2.96398
2.107138e-007 2.8932
2.109138e-007 2.9222
2.111138e-007 3.00921
2.113138e-007 3.08137
2.115138e-007 3.14076
2.117138e-007 3.1159
2.119138e-007 2.95708
2.121138e-007 2.83692
2.123138e-007 2.87421
2.125138e-007 2.926
2.127138e-007 2.89355
2.129138e-007 2.88664
2.131138e-007 2.94119
2.133138e-007 2.93981
2.135138e-007 2.89734
2.137138e-007 2.96122
2.139138e-007 3.11866
2.141138e-007 3.17045
2.143138e-007 3.02371
2.145138e-007 2.89389
2.147138e-007 2.926
2.149138e-007 2.93601
2.151138e-007 2.84728
2.153138e-007 2.84659
2.155138e-007 2.98815
2.157138e-007 3.10002
2.159138e-007 3.0869
2.161138e-007 2.9916
2.163138e-007 2.88008
2.165138e-007 2.83209
2.167138e-007 2.8421
2.169138e-007 2.84866
2.171138e-007 2.91115
2.173138e-007 3.0396
2.175138e-007 3.1052
2.177138e-007 3.13765
2.179138e-007 3.23778
2.181138e-007 3.29579
2.183138e-007 3.2257
2.185138e-007 3.09622
2.187138e-007 2.9916
2.189138e-007 2.98953
2.191138e-007 3.04477
2.193138e-007 3.061
2.195138e-007 3.05755
2.197138e-007 3.06307
2.199138e-007 3.06687
2.201138e-007 3.05513
2.203138e-007 3.04961
2.205138e-007 3.07412
2.207138e-007 3.07309
2.209138e-007 3.07481
2.211138e-007 3.1746
2.213138e-007 3.27369
2.215138e-007 3.23916
2.217138e-007 3.15043
2.219138e-007 3.11383
2.221138e-007 3.12142
2.223138e-007 3.14559
2.225138e-007 3.17183
2.227138e-007 3.21603
2.229138e-007 3.24434
2.231138e-007 3.14041
2.233138e-007 2.96502
2.235138e-007 2.94292
2.237138e-007 3.09415
2.239138e-007 3.22535
2.241138e-007 3.2257
2.243138e-007 3.16079
2.245138e-007 3.12073
2.247138e-007 3.13075
2.249138e-007 3.17908
2.251138e-007 3.22397
2.253138e-007 3.2547
2.255138e-007 3.29406
2.257138e-007 3.31995
2.259138e-007 3.29337
2.261138e-007 3.27611
2.263138e-007 3.31339
2.265138e-007 3.28819
2.267138e-007 3.1891
2.269138e-007 3.15422
2.271138e-007 3.1777
2.273138e-007 3.18426
2.275138e-007 3.19876
2.277138e-007 3.23467
2.279138e-007 3.23122
2.281138e-007 3.18461
2.283138e-007 3.1929
2.285138e-007 3.24503
2.287138e-007 3.23709
2.289138e-007 3.22604
2.291138e-007 3.27093
2.293138e-007 3.30062
2.295138e-007 3.36001
2.297138e-007 3.45806
2.299138e-007 3.47153
2.301138e-007 3.42043
2.303138e-007 3.379
2.305138e-007 3.32962
2.307138e-007 3.26022
2.309138e-007 3.19842
2.311138e-007 3.22259
2.313138e-007 3.36035
2.315138e-007 3.4408
2.317138e-007 3.33204
2.319138e-007 3.20394
2.321138e-007 3.21292
2.323138e-007 3.25919
2.325138e-007 3.25677
2.327138e-007 3.23951
2.329138e-007 3.22501
2.331138e-007 3.20429
2.333138e-007 3.22397
2.335138e-007 3.30304
2.337138e-007 3.34447
2.339138e-007 3.28681
2.341138e-007 3.1998
2.343138e-007 3.20291
2.345138e-007 3.31029
2.347138e-007 3.37623
2.349138e-007 3.32721
2.351138e-007 3.27887
2.353138e-007 3.29302
2.355138e-007 3.30304
2.357138e-007 3.33238
2.359138e-007 3.42664
2.361138e-007 3.48154
2.363138e-007 3.44529
2.365138e-007 3.38314
2.367138e-007 3.33307
2.369138e-007 3.31547
2.371138e-007 3.34723
2.373138e-007 3.39591
2.375138e-007 3.4004
2.377138e-007 3.40731
2.379138e-007 3.47464
2.381138e-007 3.53955
2.383138e-007 3.53747
2.385138e-007 3.47153
2.387138e-007 3.4408
2.389138e-007 3.50882
2.391138e-007 3.56302
2.393138e-007 3.52332
2.395138e-007 3.45944
2.397138e-007 3.43148
2.399138e-007 3.3897
2.401138e-007 3.28508
2.403138e-007 3.20878
2.405138e-007 3.28474
2.407138e-007 3.47705
2.409138e-007 3.64416
2.411138e-007 3.66695
2.413138e-007 3.53299
2.415138e-007 3.46186
2.417138e-007 3.61758
2.419138e-007 3.78055
2.421138e-007 3.73393
2.423138e-007 3.56544
2.425138e-007 3.44184
2.427138e-007 3.47015
2.429138e-007 3.62863
2.431138e-007 3.70182
2.433138e-007 3.58305
2.435138e-007 3.48776
2.437138e-007 3.50053
2.439138e-007 3.49224
2.441138e-007 3.51434
2.443138e-007 3.59065
2.445138e-007 3.57615
2.447138e-007 3.47843
2.449138e-007 3.43079
2.451138e-007 3.46013
2.453138e-007 3.51745
2.455138e-007 3.56855
2.457138e-007 3.62069
2.459138e-007 3.64382
2.461138e-007 3.57994
2.463138e-007 3.54024
2.465138e-007 3.5941
2.467138e-007 3.54887
2.469138e-007 3.39246
2.471138e-007 3.38935
2.473138e-007 3.53091
2.475138e-007 3.57615
2.477138e-007 3.51814
2.479138e-007 3.46428
2.481138e-007 3.45737
2.483138e-007 3.53817
2.485138e-007 3.62138
2.487138e-007 3.58788
2.489138e-007 3.50467
2.491138e-007 3.46911
2.493138e-007 3.47533
2.495138e-007 3.49846
2.497138e-007 3.52505
2.499138e-007 3.55854
2.501138e-007 3.6048
2.503138e-007 3.64244
2.505138e-007 3.62863
2.507138e-007 3.60066
2.509138e-007 3.64106
2.511138e-007 3.66453
2.513138e-007 3.60273
2.515138e-007 3.56302
2.517138e-007 3.5834
2.519138e-007 3.61412
2.521138e-007 3.6048
