-2.28615e-008 2.20064
-2.26615e-008 2.20064
-2.24615e-008 2.20064
-2.22615e-008 2.20063
-2.20615e-008 2.20064
-2.18615e-008 2.20064
-2.16615e-008 2.20064
-2.14615e-008 2.20064
-2.12615e-008 2.20064
-2.10615e-008 2.20064
-2.08615e-008 2.20064
-2.06615e-008 2.20064
-2.04615e-008 2.20064
-2.02615e-008 2.20064
-2.00615e-008 2.20064
-1.98615e-008 2.20064
-1.96615e-008 2.20064
-1.94615e-008 2.20064
-1.92615e-008 2.20064
-1.90615e-008 2.20064
-1.88615e-008 2.20064
-1.86615e-008 2.20064
-1.84615e-008 2.20064
-1.82615e-008 2.20064
-1.80615e-008 2.20064
-1.78615e-008 2.20064
-1.76615e-008 2.20064
-1.74615e-008 2.20064
-1.72615e-008 2.20064
-1.70615e-008 2.20064
-1.68615e-008 2.20064
-1.66615e-008 2.20064
-1.64615e-008 2.20064
-1.62615e-008 2.20064
-1.60615e-008 2.20064
-1.58615e-008 2.20064
-1.56615e-008 2.20064
-1.54615e-008 2.20064
-1.52615e-008 2.20064
-1.50615e-008 2.20064
-1.48615e-008 2.20064
-1.46615e-008 2.20064
-1.44615e-008 2.20064
-1.42615e-008 2.20064
-1.40615e-008 2.20064
-1.38615e-008 2.20064
-1.36615e-008 2.20064
-1.34615e-008 2.20064
-1.32615e-008 2.20064
-1.30615e-008 2.20064
-1.28615e-008 2.20064
-1.26615e-008 2.20064
-1.24615e-008 2.20064
-1.22615e-008 2.20064
-1.20615e-008 2.20064
-1.18615e-008 2.20064
-1.16615e-008 2.20064
-1.14615e-008 2.20064
-1.12615e-008 2.20064
-1.10615e-008 2.20064
-1.08615e-008 2.20064
-1.06615e-008 2.20064
-1.04615e-008 2.20064
-1.02615e-008 2.20064
-1.00615e-008 2.20064
-9.86146e-009 2.20064
-9.66146e-009 2.20064
-9.46146e-009 2.20064
-9.26146e-009 2.20064
-9.06146e-009 2.20064
-8.86146e-009 2.20064
-8.66146e-009 2.20064
-8.46146e-009 2.20064
-8.26146e-009 2.20064
-8.06146e-009 2.20064
-7.86146e-009 2.20064
-7.66146e-009 2.20064
-7.46146e-009 2.20064
-7.26146e-009 2.20064
-7.06146e-009 2.20064
-6.86146e-009 2.20064
-6.66146e-009 2.20064
-6.46146e-009 2.20064
-6.26146e-009 2.20064
-6.06146e-009 2.20064
-5.86146e-009 2.20064
-5.66146e-009 2.20064
-5.46146e-009 2.20064
-5.26146e-009 2.20064
-5.06146e-009 2.20064
-4.86146e-009 2.20064
-4.66146e-009 2.20064
-4.46146e-009 2.20064
-4.26146e-009 2.20064
-4.06146e-009 2.20064
-3.86146e-009 2.20064
-3.66146e-009 2.20064
-3.46146e-009 2.20064
-3.26146e-009 2.20064
-3.06146e-009 2.20064
-2.86146e-009 2.20064
-2.66146e-009 2.20064
-2.46146e-009 2.20064
-2.26146e-009 2.20064
-2.06146e-009 2.20064
-1.86146e-009 2.20064
-1.66146e-009 2.20064
-1.46146e-009 2.20064
-1.26146e-009 2.20064
-1.06146e-009 2.20064
-8.61458e-010 2.20064
-6.61458e-010 2.20064
-4.61458e-010 2.20064
-2.61458e-010 2.18537
-6.14579e-011 2.11548
1.38542e-010 1.98594
3.38542e-010 1.86529
5.38542e-010 1.81707
7.38542e-010 1.83263
9.38542e-010 1.86561
1.13854e-009 1.88396
1.33854e-009 1.88232
1.53854e-009 1.86957
1.73854e-009 1.85573
1.93854e-009 1.84518
2.13854e-009 1.83827
2.33854e-009 1.8371
2.53854e-009 1.84378
2.73854e-009 1.85829
2.93854e-009 1.87855
3.13854e-009 1.89847
3.33854e-009 1.91397
3.53854e-009 1.92934
3.73854e-009 1.94845
3.93854e-009 1.96631
4.13854e-009 1.97854
4.33854e-009 1.98832
4.53854e-009 2.00035
4.73854e-009 2.0147
4.93854e-009 2.02485
5.13854e-009 2.02869
5.33854e-009 2.03441
5.53854e-009 2.04376
5.73854e-009 2.04721
5.93854e-009 2.04246
6.13854e-009 2.03876
6.33854e-009 2.04097
6.53854e-009 2.04402
6.73854e-009 2.04251
6.93854e-009 2.03795
7.13854e-009 2.0362
7.33854e-009 2.03667
7.53854e-009 2.0346
7.73854e-009 2.03093
7.93854e-009 2.02689
8.13854e-009 2.02185
8.33854e-009 2.0152
8.53854e-009 2.00697
8.73854e-009 2.00094
8.93854e-009 1.99864
9.13854e-009 1.99516
9.33854e-009 1.98587
9.53854e-009 1.97322
9.73854e-009 1.9645
9.93854e-009 1.96361
1.01385e-008 1.9669
1.03385e-008 1.96944
1.05385e-008 1.971
1.07385e-008 1.97153
1.09385e-008 1.97123
1.11385e-008 1.97344
1.13385e-008 1.97869
1.15385e-008 1.98023
1.17385e-008 1.97239
1.19385e-008 1.96164
1.21385e-008 1.95593
1.23385e-008 1.95218
1.25385e-008 1.94716
1.27385e-008 1.94171
1.29385e-008 1.93635
1.31385e-008 1.93442
1.33385e-008 1.93826
1.35385e-008 1.94393
1.37385e-008 1.94525
1.39385e-008 1.93858
1.41385e-008 1.92643
1.43385e-008 1.91762
1.45385e-008 1.91634
1.47385e-008 1.9149
1.49385e-008 1.90832
1.51385e-008 1.90189
1.53385e-008 1.89712
1.55385e-008 1.8916
1.57385e-008 1.88715
1.59385e-008 1.88282
1.61385e-008 1.87651
1.63385e-008 1.87195
1.65385e-008 1.86981
1.67385e-008 1.86726
1.69385e-008 1.86673
1.71385e-008 1.86932
1.73385e-008 1.87006
1.75385e-008 1.86608
1.77385e-008 1.85988
1.79385e-008 1.85404
1.81385e-008 1.84979
1.83385e-008 1.84753
1.85385e-008 1.8462
1.87385e-008 1.84425
1.89385e-008 1.84016
1.91385e-008 1.83669
1.93385e-008 1.83856
1.95385e-008 1.84415
1.97385e-008 1.84721
1.99385e-008 1.84492
2.01385e-008 1.83992
2.03385e-008 1.83531
2.05385e-008 1.83247
2.07385e-008 1.83028
2.09385e-008 1.82878
2.11385e-008 1.82978
2.13385e-008 1.83007
2.15385e-008 1.82756
2.17385e-008 1.82553
2.19385e-008 1.82413
2.21385e-008 1.82266
2.23385e-008 1.8226
2.25385e-008 1.82007
2.27385e-008 1.81263
2.29385e-008 1.80988
2.31385e-008 1.8173
2.33385e-008 1.82498
2.35385e-008 1.82484
2.37385e-008 1.81869
2.39385e-008 1.8114
2.41385e-008 1.80976
2.43385e-008 1.81493
2.45385e-008 1.81899
2.47385e-008 1.81928
2.49385e-008 1.8186
2.51385e-008 1.81567
2.53385e-008 1.80973
2.55385e-008 1.80409
2.57385e-008 1.80367
2.59385e-008 1.80894
2.61385e-008 1.81318
2.63385e-008 1.81326
2.65385e-008 1.81272
2.67385e-008 1.81347
2.69385e-008 1.81337
2.71385e-008 1.81114
2.73385e-008 1.80825
