-2.480461e-007 10.108
-2.478461e-007 10.2181
-2.476461e-007 10.2029
-2.474461e-007 10.0845
-2.472461e-007 10.042
-2.470461e-007 10.1135
-2.468461e-007 10.1173
-2.466461e-007 10.0365
-2.464461e-007 9.99852
-2.462461e-007 9.99334
-2.460461e-007 10.0027
-2.458461e-007 10.061
-2.456461e-007 10.0669
-2.454461e-007 9.96054
-2.452461e-007 9.90184
-2.450461e-007 9.96399
-2.448461e-007 10.0472
-2.446461e-007 10.0841
-2.444461e-007 10.0469
-2.442461e-007 10.012
-2.440461e-007 10.0803
-2.438461e-007 10.1373
-2.436461e-007 10.0983
-2.434461e-007 10.0769
-2.432461e-007 10.1294
-2.430461e-007 10.1867
-2.428461e-007 10.1756
-2.426461e-007 10.0873
-2.424461e-007 9.98643
-2.422461e-007 9.91772
-2.420461e-007 9.86283
-2.418461e-007 9.85454
-2.416461e-007 9.95674
-2.414461e-007 10.0807
-2.412461e-007 10.0859
-2.410461e-007 9.99127
-2.408461e-007 9.87353
-2.406461e-007 9.79101
-2.404461e-007 9.83521
-2.402461e-007 9.97504
-2.400461e-007 10.0372
-2.398461e-007 10.0092
-2.396461e-007 10.003
-2.394461e-007 10.013
-2.392461e-007 10.0179
-2.390461e-007 10.0265
-2.388461e-007 10.0065
-2.386461e-007 9.9526
-2.384461e-007 9.90909
-2.382461e-007 9.92394
-2.380461e-007 9.99783
-2.378461e-007 10.0275
-2.376461e-007 9.94569
-2.374461e-007 9.86559
-2.372461e-007 9.85765
-2.370461e-007 9.84867
-2.368461e-007 9.86766
-2.366461e-007 9.97538
-2.364461e-007 10.06
-2.362461e-007 10.0507
-2.360461e-007 10.0089
-2.358461e-007 9.97884
-2.356461e-007 10.0054
-2.354461e-007 10.0569
-2.352461e-007 10.0531
-2.350461e-007 10.0337
-2.348461e-007 10.0303
-2.346461e-007 10.003
-2.344461e-007 9.96157
-2.342461e-007 9.97918
-2.340461e-007 10.0645
-2.338461e-007 10.0759
-2.336461e-007 9.96157
-2.334461e-007 9.89908
-2.332461e-007 9.96296
-2.330461e-007 10.0372
-2.328461e-007 10.0589
-2.326461e-007 10.0527
-2.324461e-007 10.0665
-2.322461e-007 10.118
-2.320461e-007 10.1197
-2.318461e-007 10.0365
-2.316461e-007 9.99783
-2.314461e-007 10.0803
-2.312461e-007 10.1857
-2.310461e-007 10.2015
-2.308461e-007 10.1497
-2.306461e-007 10.0855
-2.304461e-007 10.0286
-2.302461e-007 10.0303
-2.300461e-007 10.0824
-2.298461e-007 10.0762
-2.296461e-007 9.95674
-2.294461e-007 9.83244
-2.292461e-007 9.84349
-2.290461e-007 9.95432
-2.288461e-007 10.0282
-2.286461e-007 10.0355
-2.284461e-007 10.0037
-2.282461e-007 9.9488
-2.280461e-007 9.97435
-2.278461e-007 10.0679
-2.276461e-007 10.0672
-2.274461e-007 10.012
-2.272461e-007 10.0068
-2.270461e-007 10.0144
-2.268461e-007 10.0279
-2.266461e-007 10.0624
-2.264461e-007 10.0479
-2.262461e-007 9.97608
-2.260461e-007 9.90322
-2.258461e-007 9.87111
-2.256461e-007 9.92774
-2.254461e-007 9.96779
-2.252461e-007 9.90529
-2.250461e-007 9.90357
-2.248461e-007 9.9816
-2.246461e-007 9.9854
-2.244461e-007 9.97987
-2.242461e-007 10.0448
-2.240461e-007 10.0911
-2.238461e-007 10.1052
-2.236461e-007 10.1276
-2.234461e-007 10.1428
-2.232461e-007 10.1404
-2.230461e-007 10.1018
-2.228461e-007 10.003
-2.226461e-007 9.93879
-2.224461e-007 9.98436
-2.222461e-007 10.0096
-2.220461e-007 9.93395
-2.218461e-007 9.84556
-2.216461e-007 9.79999
-2.214461e-007 9.8138
-2.212461e-007 9.90875
-2.210461e-007 10.0006
-2.208461e-007 10.0306
-2.206461e-007 10.0545
-2.204461e-007 10.0327
-2.202461e-007 9.9412
-2.200461e-007 9.90737
-2.198461e-007 9.95018
-2.196461e-007 9.94155
-2.194461e-007 9.92187
-2.192461e-007 9.98505
-2.190461e-007 10.0137
-2.188461e-007 9.93464
-2.186461e-007 9.85523
-2.184461e-007 9.8794
-2.182461e-007 10.0013
-2.180461e-007 10.0869
-2.178461e-007 10.0507
-2.176461e-007 10.0002
-2.174461e-007 10.0096
-2.172461e-007 10.0192
-2.170461e-007 10.0175
-2.168461e-007 10.0462
-2.166461e-007 10.1118
-2.164461e-007 10.1784
-2.162461e-007 10.1891
-2.160461e-007 10.1601
-2.158461e-007 10.148
-2.156461e-007 10.1332
-2.154461e-007 10.0769
-2.152461e-007 9.98609
-2.150461e-007 9.88769
-2.148461e-007 9.83037
-2.146461e-007 9.87629
-2.144461e-007 10.0078
-2.142461e-007 10.1332
-2.140461e-007 10.1843
-2.138461e-007 10.1494
-2.136461e-007 10.0904
-2.134461e-007 10.0513
-2.132461e-007 9.96019
-2.130461e-007 9.81035
-2.128461e-007 9.80102
-2.126461e-007 10.0027
-2.124461e-007 10.1798
-2.122461e-007 10.1891
-2.120461e-007 10.1121
-2.118461e-007 10.0444
-2.116461e-007 10.0275
-2.114461e-007 10.022
-2.112461e-007 9.99161
-2.110461e-007 9.99334
-2.108461e-007 10.0158
-2.106461e-007 10.0109
-2.104461e-007 10.0448
-2.102461e-007 10.0807
-2.100461e-007 9.99334
-2.098461e-007 9.86386
-2.096461e-007 9.83037
-2.094461e-007 9.84142
-2.092461e-007 9.80966
-2.090461e-007 9.82623
-2.088461e-007 9.95294
-2.086461e-007 10.0116
-2.084461e-007 9.88803
-2.082461e-007 9.71885
-2.080461e-007 9.6857
-2.078461e-007 9.81898
-2.076461e-007 10.0027
-2.074461e-007 10.1145
-2.072461e-007 10.1014
-2.070461e-007 10.0403
-2.068461e-007 10.0275
-2.066461e-007 9.97953
-2.064461e-007 9.87836
-2.062461e-007 9.87146
-2.060461e-007 9.94811
-2.058461e-007 10.0065
-2.056461e-007 10.0313
-2.054461e-007 9.99921
-2.052461e-007 9.93741
-2.050461e-007 9.93948
-2.048461e-007 10.0051
-2.046461e-007 10.0579
-2.044461e-007 10.0631
-2.042461e-007 10.0803
-2.040461e-007 10.1518
-2.038461e-007 10.1594
-2.036461e-007 10.06
-2.034461e-007 10.0144
-2.032461e-007 10.0351
-2.030461e-007 9.97953
-2.028461e-007 9.88561
-2.026461e-007 9.88527
-2.024461e-007 9.96088
-2.022461e-007 10.05
-2.020461e-007 10.1183
-2.018461e-007 10.0576
-2.016461e-007 9.88354
-2.014461e-007 9.84763
-2.012461e-007 9.97331
-2.010461e-007 10.013
-2.008461e-007 9.95812
-2.006461e-007 9.99403
-2.004461e-007 10.1152
-2.002461e-007 10.1746
-2.000461e-007 10.1632
-1.998461e-007 10.185
-1.996461e-007 10.2423
-1.994461e-007 10.2102
-1.992461e-007 10.0807
-1.990461e-007 10.0168
-1.988461e-007 10.0738
-1.986461e-007 10.167
-1.984461e-007 10.2091
-1.982461e-007 10.1263
-1.980461e-007 9.98678
-1.978461e-007 9.9595
-1.976461e-007 9.99817
-1.974461e-007 9.92981
-1.972461e-007 9.81483
-1.970461e-007 9.83382
-1.968461e-007 9.96744
-1.966461e-007 10.0904
-1.964461e-007 10.1501
-1.962461e-007 10.1522
-1.960461e-007 10.1239
-1.958461e-007 10.0828
-1.956461e-007 10.0351
-1.954461e-007 9.9892
-1.952461e-007 9.97849
-1.950461e-007 10.0227
-1.948461e-007 10.0185
-1.946461e-007 9.92428
-1.944461e-007 9.87284
-1.942461e-007 9.87836
-1.940461e-007 9.84177
-1.938461e-007 9.79239
-1.936461e-007 9.81104
-1.934461e-007 9.85592
-1.932461e-007 9.88492
-1.930461e-007 9.95536
-1.928461e-007 10.0144
-1.926461e-007 9.96641
-1.924461e-007 9.9305
-1.922461e-007 10.0137
-1.920461e-007 10.098
-1.918461e-007 10.0734
-1.916461e-007 9.99334
-1.914461e-007 9.93361
-1.912461e-007 9.9305
-1.910461e-007 9.9816
-1.908461e-007 9.99817
-1.906461e-007 9.97469
-1.904461e-007 10.0165
-1.902461e-007 10.0835
-1.900461e-007 10.069
-1.898461e-007 9.98643
-1.896461e-007 9.91047
-1.894461e-007 9.91427
-1.892461e-007 10.0275
-1.890461e-007 10.1611
-1.888461e-007 10.1663
-1.886461e-007 10.0683
-1.884461e-007 10.0261
-1.882461e-007 10.069
-1.880461e-007 10.0852
-1.878461e-007 10.0413
-1.876461e-007 10.0103
-1.874461e-007 9.97297
-1.872461e-007 9.90426
-1.870461e-007 9.90426
-1.868461e-007 9.99334
-1.866461e-007 10.0655
-1.864461e-007 10.0472
-1.862461e-007 9.95191
-1.860461e-007 9.87353
-1.858461e-007 9.88044
-1.856461e-007 9.88665
-1.854461e-007 9.85109
-1.852461e-007 9.90219
-1.850461e-007 10.0527
-1.848461e-007 10.1725
-1.846461e-007 10.1604
-1.844461e-007 10.0085
-1.842461e-007 9.87698
-1.840461e-007 9.91911
-1.838461e-007 10.0313
-1.836461e-007 10.0835
-1.834461e-007 10.127
-1.832461e-007 10.1598
-1.830461e-007 10.1239
-1.828461e-007 10.0683
-1.826461e-007 10.0085
-1.824461e-007 9.96365
-1.822461e-007 10.0334
-1.820461e-007 10.1594
-1.818461e-007 10.1977
-1.816461e-007 10.1674
-1.814461e-007 10.0703
-1.812461e-007 9.90771
-1.810461e-007 9.86386
-1.808461e-007 10.003
-1.806461e-007 10.1601
-1.804461e-007 10.2278
-1.802461e-007 10.1763
-1.800461e-007 10.0734
-1.798461e-007 10.0372
-1.796461e-007 10.0058
-1.794461e-007 9.91772
-1.792461e-007 9.88665
-1.790461e-007 9.93982
-1.788461e-007 9.97746
-1.786461e-007 9.98125
-1.784461e-007 10.003
-1.782461e-007 10.0213
-1.780461e-007 9.97642
-1.778461e-007 9.95467
-1.776461e-007 10.0513
-1.774461e-007 10.1349
-1.772461e-007 10.1062
-1.770461e-007 10.0797
-1.768461e-007 10.0838
-1.766461e-007 9.99576
-1.764461e-007 9.8649
-1.762461e-007 9.86283
-1.760461e-007 9.92877
-1.758461e-007 9.92636
-1.756461e-007 9.93395
-1.754461e-007 10.0161
-1.752461e-007 10.0524
-1.750461e-007 9.99161
-1.748461e-007 9.9381
-1.746461e-007 9.94293
-1.744461e-007 9.96226
-1.742461e-007 9.92187
-1.740461e-007 9.83555
-1.738461e-007 9.8756
-1.736461e-007 10.0179
-1.734461e-007 10.0386
-1.732461e-007 9.97331
-1.730461e-007 9.96986
-1.728461e-007 10.0365
-1.726461e-007 10.1135
-1.724461e-007 10.0717
-1.722461e-007 9.93326
-1.720461e-007 9.92498
-1.718461e-007 10.0368
-1.716461e-007 10.0848
-1.714461e-007 10.1042
-1.712461e-007 10.1187
-1.710461e-007 10.0417
-1.708461e-007 9.945
-1.706461e-007 9.89666
-1.704461e-007 9.85799
-1.702461e-007 9.83762
-1.700461e-007 9.82105
-1.698461e-007 9.81069
-1.696461e-007 9.84522
-1.694461e-007 9.86041
-1.692461e-007 9.84177
-1.690461e-007 9.90737
-1.688461e-007 10.0244
-1.686461e-007 10.0513
-1.684461e-007 9.99817
-1.682461e-007 9.97366
-1.680461e-007 10.062
-1.678461e-007 10.2088
-1.676461e-007 10.2374
-1.674461e-007 10.1204
-1.672461e-007 10.0196
-1.670461e-007 10.0065
-1.668461e-007 10.0134
-1.666461e-007 9.99507
-1.664461e-007 9.98609
-1.662461e-007 10.0662
-1.660461e-007 10.2057
-1.658461e-007 10.2461
-1.656461e-007 10.1463
-1.654461e-007 10.0144
-1.652461e-007 9.94086
-1.650461e-007 9.96054
-1.648461e-007 10.0551
-1.646461e-007 10.1332
-1.644461e-007 10.1152
-1.642461e-007 10.0617
-1.640461e-007 10.0524
-1.638461e-007 10.079
-1.636461e-007 10.1007
-1.634461e-007 10.0437
-1.632461e-007 9.95156
-1.630461e-007 9.97366
-1.628461e-007 10.0897
-1.626461e-007 10.1515
-1.624461e-007 10.1093
-1.622461e-007 10.0213
-1.620461e-007 9.97573
-1.618461e-007 10.0234
-1.616461e-007 10.0755
-1.614461e-007 10.0745
-1.612461e-007 10.1004
-1.610461e-007 10.1114
-1.608461e-007 10.0292
-1.606461e-007 9.95432
-1.604461e-007 9.99127
-1.602461e-007 10.0835
-1.600461e-007 10.1211
-1.598461e-007 10.0907
-1.596461e-007 10.0586
-1.594461e-007 10.0817
-1.592461e-007 10.1111
-1.590461e-007 10.0793
-1.588461e-007 10.0472
-1.586461e-007 10.0707
-1.584461e-007 10.0893
-1.582461e-007 10.021
-1.580461e-007 9.89287
-1.578461e-007 9.88527
-1.576461e-007 10.0469
-1.574461e-007 10.1453
-1.572461e-007 10.0655
-1.570461e-007 9.9961
-1.568461e-007 10.0372
-1.566461e-007 10.0852
-1.564461e-007 10.1062
-1.562461e-007 10.0755
-1.560461e-007 9.97159
-1.558461e-007 9.93671
-1.556461e-007 9.98333
-1.554461e-007 9.98712
-1.552461e-007 10.0137
-1.550461e-007 10.0776
-1.548461e-007 10.0248
-1.546461e-007 9.90771
-1.544461e-007 9.91047
-1.542461e-007 9.99576
-1.540461e-007 10.0317
-1.538461e-007 10.0348
-1.536461e-007 10.0582
-1.534461e-007 10.0662
-1.532461e-007 10.0389
-1.530461e-007 10.0054
-1.528461e-007 10.0258
-1.526461e-007 10.0769
-1.524461e-007 10.0641
-1.522461e-007 10.042
-1.520461e-007 10.0403
-1.518461e-007 10.0258
-1.516461e-007 10.0752
-1.514461e-007 10.1411
-1.512461e-007 10.1018
-1.510461e-007 10.0548
-1.508461e-007 10.0879
-1.506461e-007 10.1259
-1.504461e-007 10.1366
-1.502461e-007 10.0945
-1.500461e-007 9.99023
-1.498461e-007 9.92636
-1.496461e-007 9.92981
-1.494461e-007 9.95122
-1.492461e-007 9.97677
-1.490461e-007 9.97815
-1.488461e-007 9.98091
-1.486461e-007 10.0258
-1.484461e-007 10.0731
-1.482461e-007 10.1166
-1.480461e-007 10.1598
-1.478461e-007 10.1491
-1.476461e-007 10.1204
-1.474461e-007 10.1266
-1.472461e-007 10.0734
-1.470461e-007 9.95363
-1.468461e-007 9.93188
-1.466461e-007 9.97711
-1.464461e-007 9.93154
-1.462461e-007 9.86593
-1.460461e-007 9.8504
-1.458461e-007 9.83486
-1.456461e-007 9.86559
-1.454461e-007 9.95778
-1.452461e-007 10.0324
-1.450461e-007 10.0365
-1.448461e-007 9.94811
-1.446461e-007 9.83141
-1.444461e-007 9.82347
-1.442461e-007 9.91496
-1.440461e-007 9.97849
-1.438461e-007 10.032
-1.436461e-007 10.0848
-1.434461e-007 10.0531
-1.432461e-007 10.0134
-1.430461e-007 10.0569
-1.428461e-007 10.0962
-1.426461e-007 10.06
-1.424461e-007 10.0127
-1.422461e-007 10.0545
-1.420461e-007 10.1504
-1.418461e-007 10.1232
-1.416461e-007 9.96019
-1.414461e-007 9.89494
-1.412461e-007 10.0182
-1.410461e-007 10.1449
-1.408461e-007 10.1197
-1.406461e-007 10.0251
-1.404461e-007 10.0058
-1.402461e-007 10.0437
-1.400461e-007 10.0824
-1.398461e-007 10.1142
-1.396461e-007 10.0797
-1.394461e-007 10.0027
-1.392461e-007 9.98989
-1.390461e-007 9.97953
-1.388461e-007 9.93464
-1.386461e-007 9.95501
-1.384461e-007 10.0002
-1.382461e-007 9.98505
-1.380461e-007 9.95294
-1.378461e-007 9.9488
-1.376461e-007 9.94776
-1.374461e-007 9.94776
-1.372461e-007 9.99161
-1.370461e-007 10.0614
-1.368461e-007 10.1131
-1.366461e-007 10.118
-1.364461e-007 10.0703
-1.362461e-007 10.021
-1.360461e-007 9.9778
-1.358461e-007 9.93568
-1.356461e-007 9.95709
-1.354461e-007 10.0658
-1.352461e-007 10.1815
-1.350461e-007 10.1933
-1.348461e-007 10.1042
-1.346461e-007 10.0182
-1.344461e-007 9.99955
-1.342461e-007 10.0327
-1.340461e-007 10.0479
-1.338461e-007 10.0299
-1.336461e-007 10.0189
-1.334461e-007 9.95709
-1.332461e-007 9.82968
-1.330461e-007 9.83003
-1.328461e-007 10.0051
-1.326461e-007 10.127
-1.324461e-007 10.0835
-1.322461e-007 9.99679
-1.320461e-007 9.99748
-1.318461e-007 10.061
-1.316461e-007 10.0797
-1.314461e-007 10.0631
-1.312461e-007 10.0634
-1.310461e-007 10.0486
-1.308461e-007 10.0099
-1.306461e-007 10.0237
-1.304461e-007 10.0859
-1.302461e-007 10.0572
-1.300461e-007 9.95985
-1.298461e-007 9.93844
-1.296461e-007 9.96572
-1.294461e-007 9.97987
-1.292461e-007 9.9633
-1.290461e-007 9.89873
-1.288461e-007 9.83935
-1.286461e-007 9.78721
-1.284461e-007 9.73439
-1.282461e-007 9.77685
-1.280461e-007 9.89632
-1.278461e-007 9.97504
-1.276461e-007 10.0034
-1.274461e-007 9.97746
-1.272461e-007 9.91703
-1.270461e-007 9.95018
-1.268461e-007 10.0482
-1.266461e-007 10.0465
-1.264461e-007 9.9892
-1.262461e-007 9.99507
-1.260461e-007 9.9961
-1.258461e-007 9.9488
-1.256461e-007 9.95432
-1.254461e-007 10.0061
-1.252461e-007 9.99852
-1.250461e-007 9.96641
-1.248461e-007 9.9816
-1.246461e-007 9.99817
-1.244461e-007 9.96468
-1.242461e-007 9.93671
-1.240461e-007 10.0051
-1.238461e-007 10.1142
-1.236461e-007 10.1263
-1.234461e-007 10.0928
-1.232461e-007 10.1128
-1.230461e-007 10.1218
-1.228461e-007 10.0835
-1.226461e-007 9.99127
-1.224461e-007 9.8756
-1.222461e-007 9.88976
-1.220461e-007 9.97746
-1.218461e-007 9.95536
-1.216461e-007 9.91634
-1.214461e-007 9.96813
-1.212461e-007 10.0541
-1.210461e-007 10.129
-1.208461e-007 10.1363
-1.206461e-007 10.0814
-1.204461e-007 10.0948
-1.202461e-007 10.2071
-1.200461e-007 10.2937
-1.198461e-007 10.2613
-1.196461e-007 10.1131
-1.194461e-007 9.95639
-1.192461e-007 9.92256
-1.190461e-007 9.97435
-1.188461e-007 9.98851
-1.186461e-007 9.97366
-1.184461e-007 9.97573
-1.182461e-007 9.97159
-1.180461e-007 9.96882
-1.178461e-007 9.98022
-1.176461e-007 9.97435
-1.174461e-007 9.95709
-1.172461e-007 9.94258
-1.170461e-007 9.93292
-1.168461e-007 9.95605
-1.166461e-007 9.9999
-1.164461e-007 10.0279
-1.162461e-007 10.0551
-1.160461e-007 10.0886
-1.158461e-007 10.1128
-1.156461e-007 10.11
-1.154461e-007 10.0465
-1.152461e-007 9.98298
-1.150461e-007 10.0058
-1.148461e-007 10.0348
-1.146461e-007 9.99092
-1.144461e-007 9.96572
-1.142461e-007 9.98505
-1.140461e-007 9.9557
-1.138461e-007 9.9488
-1.136461e-007 10.012
-1.134461e-007 10.0137
-1.132461e-007 9.98022
-1.130461e-007 9.96986
-1.128461e-007 9.90253
-1.126461e-007 9.83831
-1.124461e-007 9.86214
-1.122461e-007 9.90253
-1.120461e-007 9.91669
-1.118461e-007 9.90737
-1.116461e-007 9.88941
-1.114461e-007 9.93084
-1.112461e-007 10.0493
-1.110461e-007 10.1511
-1.108461e-007 10.1553
-1.106461e-007 10.0797
-1.104461e-007 10.0009
-1.102461e-007 9.97953
-1.100461e-007 10.0092
-1.098461e-007 10.0358
-1.096461e-007 9.98989
-1.094461e-007 9.92152
-1.092461e-007 9.98091
-1.090461e-007 10.1125
-1.088461e-007 10.1339
-1.086461e-007 10.0624
-1.084461e-007 10.0669
-1.082461e-007 10.1825
-1.080461e-007 10.2513
-1.078461e-007 10.1895
-1.076461e-007 10.0921
-1.074461e-007 10.0724
-1.072461e-007 10.0772
-1.070461e-007 10.0065
-1.068461e-007 9.93602
-1.066461e-007 9.9267
-1.064461e-007 9.92532
-1.062461e-007 9.91496
-1.060461e-007 9.92256
-1.058461e-007 9.96157
-1.056461e-007 10.0154
-1.054461e-007 10.0638
-1.052461e-007 10.0948
-1.050461e-007 10.1225
-1.048461e-007 10.1767
-1.046461e-007 10.2081
-1.044461e-007 10.1674
-1.042461e-007 10.1218
-1.040461e-007 10.1218
-1.038461e-007 10.1701
-1.036461e-007 10.2723
-1.034461e-007 10.3227
-1.032461e-007 10.2281
-1.030461e-007 10.1149
-1.028461e-007 10.0465
-1.026461e-007 9.974
-1.024461e-007 9.98091
-1.022461e-007 10.0624
-1.020461e-007 10.1183
-1.018461e-007 10.1518
-1.016461e-007 10.1128
-1.014461e-007 9.97987
-1.012461e-007 9.87284
-1.010461e-007 9.86145
-1.008461e-007 9.92463
-1.006461e-007 9.96917
-1.004461e-007 9.93948
-1.002461e-007 9.94742
-1.000461e-007 9.99541
-9.984612e-008 9.97538
-9.964612e-008 9.95122
-9.944612e-008 9.98436
-9.924612e-008 10.004
-9.904612e-008 9.97608
-9.884612e-008 9.96019
-9.864612e-008 9.97677
-9.844612e-008 9.96537
-9.824612e-008 9.92221
-9.804612e-008 9.90115
-9.784612e-008 9.93084
-9.764612e-008 10.002
-9.744612e-008 10.0044
-9.724612e-008 9.87077
-9.704612e-008 9.78272
-9.684612e-008 9.84453
-9.664612e-008 9.93741
-9.644612e-008 10.0313
-9.624612e-008 10.0973
-9.604612e-008 10.0672
-9.584612e-008 10.0465
-9.564612e-008 10.0962
-9.544612e-008 10.109
-9.524612e-008 10.04
-9.504612e-008 9.93671
-9.484612e-008 9.8504
-9.464612e-008 9.84522
-9.444612e-008 9.92601
-9.424612e-008 9.99679
-9.404612e-008 10.0351
-9.384612e-008 10.0579
-9.364612e-008 10.0103
-9.344612e-008 9.92152
-9.324612e-008 9.90875
-9.304612e-008 10.0006
-9.284612e-008 10.1107
-9.264612e-008 10.1256
-9.244612e-008 10.0172
-9.224612e-008 9.89079
-9.204612e-008 9.85419
-9.184612e-008 9.91703
-9.164612e-008 9.95881
-9.144612e-008 9.88389
-9.124612e-008 9.82278
-9.104612e-008 9.85212
-9.084612e-008 9.88216
-9.064612e-008 9.92359
-9.044612e-008 9.99334
-9.024612e-008 10.0251
-9.004612e-008 10.023
-8.984612e-008 10.0237
-8.964612e-008 9.98229
-8.944612e-008 9.89114
-8.924612e-008 9.86386
-8.904612e-008 9.95191
-8.884612e-008 10.0437
-8.864612e-008 10.0206
-8.844612e-008 9.97124
-8.824612e-008 10.0745
-8.804612e-008 10.2475
-8.784612e-008 10.2571
-8.764612e-008 10.1024
-8.744612e-008 9.96365
-8.724612e-008 9.90702
-8.704612e-008 9.88976
-8.684612e-008 9.93257
-8.664612e-008 10.0282
-8.644612e-008 10.1104
-8.624612e-008 10.1708
-8.604612e-008 10.1428
-8.584612e-008 10.0047
-8.564612e-008 9.90391
-8.544612e-008 9.88561
-8.524612e-008 9.91186
-8.504612e-008 9.98954
-8.484612e-008 10.0172
-8.464612e-008 9.93395
-8.444612e-008 9.91911
-8.424612e-008 10.0545
-8.404612e-008 10.1912
-8.384612e-008 10.2216
-8.364612e-008 10.1318
-8.344612e-008 10.0396
-8.324612e-008 10.0634
-8.304612e-008 10.0696
-8.284612e-008 9.99472
-8.264612e-008 9.9999
-8.244612e-008 10.051
-8.224612e-008 9.99886
-8.204612e-008 9.91876
-8.184612e-008 9.94466
-8.164612e-008 10.0248
-8.144612e-008 10.0185
-8.124612e-008 9.94431
-8.104612e-008 9.95639
-8.084612e-008 10.0527
-8.064612e-008 10.0465
-8.044612e-008 9.91151
-8.024612e-008 9.84833
-8.004612e-008 9.9412
-7.984612e-008 10.0572
-7.964612e-008 10.0724
-7.944612e-008 10.0165
-7.924612e-008 9.98436
-7.904612e-008 9.98333
-7.884612e-008 9.96019
-7.864612e-008 9.92981
-7.844612e-008 9.98194
-7.824612e-008 10.0759
-7.804612e-008 10.0337
-7.784612e-008 9.92118
-7.764612e-008 9.95536
-7.744612e-008 10.0942
-7.724612e-008 10.1477
-7.704612e-008 10.0948
-7.684612e-008 10.0835
-7.664612e-008 10.1439
-7.644612e-008 10.1456
-7.624612e-008 10.0693
-7.604612e-008 10.0334
-7.584612e-008 10.0596
-7.564612e-008 10.0686
-7.544612e-008 10.0607
-7.524612e-008 10.0558
-7.504612e-008 10.0244
-7.484612e-008 9.98229
-7.464612e-008 9.93568
-7.444612e-008 9.90115
-7.424612e-008 9.93741
-7.404612e-008 10.0047
-7.384612e-008 10.0248
-7.364612e-008 9.99714
-7.344612e-008 9.98264
-7.324612e-008 10.0645
-7.304612e-008 10.1953
-7.284612e-008 10.1995
-7.264612e-008 10.0686
-7.244612e-008 9.99334
-7.224612e-008 10.0368
-7.204612e-008 10.0534
-7.184612e-008 9.98643
-7.164612e-008 9.94742
-7.144612e-008 9.99196
-7.124612e-008 10.0627
-7.104612e-008 10.0917
-7.084612e-008 10.0772
-7.064612e-008 10.0859
-7.044612e-008 10.1059
-7.024612e-008 10.0983
-7.004612e-008 10.0997
-6.984612e-008 10.0707
-6.964612e-008 9.98367
-6.944612e-008 9.93154
-6.924612e-008 9.93326
-6.904612e-008 9.96123
-6.884612e-008 10.0555
-6.864612e-008 10.1546
-6.844612e-008 10.1332
-6.824612e-008 10.071
-6.804612e-008 10.0496
-6.784612e-008 9.97711
-6.764612e-008 9.89217
-6.744612e-008 9.88872
-6.724612e-008 9.92705
-6.704612e-008 10.0151
-6.684612e-008 10.108
-6.664612e-008 10.0655
-6.644612e-008 9.93257
-6.624612e-008 9.90495
-6.604612e-008 10.0299
-6.584612e-008 10.1553
-6.564612e-008 10.1301
-6.544612e-008 9.95985
-6.524612e-008 9.81622
-6.504612e-008 9.81691
-6.484612e-008 9.86386
-6.464612e-008 9.8535
-6.444612e-008 9.83279
-6.424612e-008 9.87457
-6.404612e-008 9.95087
-6.384612e-008 9.96123
-6.364612e-008 9.92739
-6.344612e-008 9.99092
-6.324612e-008 10.1018
-6.304612e-008 10.0942
-6.284612e-008 9.99852
-6.264612e-008 9.94983
-6.244612e-008 9.98954
-6.224612e-008 10.0289
-6.204612e-008 9.98264
-6.184612e-008 9.89908
-6.164612e-008 9.85558
-6.144612e-008 9.84798
-6.124612e-008 9.85834
-6.104612e-008 9.92877
-6.084612e-008 10.0037
-6.064612e-008 9.97159
-6.044612e-008 9.92428
-6.024612e-008 9.96572
-6.004612e-008 10.0182
-5.984612e-008 10.0089
-5.964612e-008 9.96572
-5.944612e-008 9.9671
-5.924612e-008 10.0265
-5.904612e-008 10.0562
-5.884612e-008 10.012
-5.864612e-008 9.93326
-5.844612e-008 9.8794
-5.824612e-008 9.91013
-5.804612e-008 9.9923
-5.784612e-008 10.0296
-5.764612e-008 10.0351
-5.744612e-008 10.0917
-5.724612e-008 10.1649
-5.704612e-008 10.1587
-5.684612e-008 10.1318
-5.664612e-008 10.1926
-5.644612e-008 10.245
-5.624612e-008 10.1857
-5.604612e-008 10.1042
-5.584612e-008 10.0669
-5.564612e-008 10.0707
-5.544612e-008 10.1159
-5.524612e-008 10.1287
-5.504612e-008 10.0841
-5.484612e-008 10.0873
-5.464612e-008 10.1377
-5.444612e-008 10.0983
-5.424612e-008 10.0006
-5.404612e-008 10.0047
-5.384612e-008 10.0517
-5.364612e-008 9.99748
-5.344612e-008 9.89666
-5.324612e-008 9.8176
-5.304612e-008 9.74889
-5.284612e-008 9.73991
-5.264612e-008 9.83555
-5.244612e-008 9.95709
-5.224612e-008 10.0075
-5.204612e-008 10.0272
-5.184612e-008 10.0524
-5.164612e-008 10.0662
-5.144612e-008 10.0952
-5.124612e-008 10.0572
-5.104612e-008 9.93602
-5.084612e-008 9.9305
-5.064612e-008 10.0482
-5.044612e-008 10.0869
-5.024612e-008 10.0244
-5.004612e-008 9.9816
-4.984612e-008 9.97987
-4.964612e-008 9.97124
-4.944612e-008 9.94569
-4.924612e-008 9.89632
-4.904612e-008 9.85558
-4.884612e-008 9.88044
-4.864612e-008 9.92394
-4.844612e-008 9.95053
-4.824612e-008 9.97746
-4.804612e-008 9.96744
-4.784612e-008 9.93326
-4.764612e-008 9.94776
-4.744612e-008 9.99748
-4.724612e-008 10.0192
-4.704612e-008 9.98747
-4.684612e-008 9.91531
-4.664612e-008 9.87042
-4.644612e-008 9.87974
-4.624612e-008 9.89735
-4.604612e-008 9.93119
-4.584612e-008 10.0023
-4.564612e-008 10.0475
-4.544612e-008 10.0168
-4.524612e-008 9.99161
-4.504612e-008 10.0503
-4.484612e-008 10.1114
-4.464612e-008 10.1432
-4.444612e-008 10.2102
-4.424612e-008 10.2343
-4.404612e-008 10.1214
-4.384612e-008 10.0103
-4.364612e-008 10.0137
-4.344612e-008 10.0299
-4.324612e-008 10.0089
-4.304612e-008 9.98505
-4.284612e-008 9.99576
-4.264612e-008 10.0731
-4.244612e-008 10.0952
-4.224612e-008 9.94397
-4.204612e-008 9.8207
-4.184612e-008 9.94293
-4.164612e-008 10.1346
-4.144612e-008 10.1739
-4.124612e-008 10.1214
-4.104612e-008 10.0845
-4.084612e-008 10.1028
-4.064612e-008 10.1539
-4.044612e-008 10.1415
-4.024612e-008 10.0431
-4.004612e-008 9.94983
-3.984612e-008 9.94189
-3.964612e-008 9.99196
-3.944612e-008 10.031
-3.924612e-008 10.0258
-3.904612e-008 9.96813
-3.884612e-008 9.94017
-3.864612e-008 9.99507
-3.844612e-008 10.0334
-3.824612e-008 10.0037
-3.804612e-008 9.97055
-3.784612e-008 10.0254
-3.764612e-008 10.1321
-3.744612e-008 10.0931
-3.724612e-008 9.91186
-3.704612e-008 9.85592
-3.684612e-008 10.0106
-3.664612e-008 10.1549
-3.644612e-008 10.1138
-3.624612e-008 10.0082
-3.604612e-008 10.0458
-3.584612e-008 10.118
-3.564612e-008 10.0275
-3.544612e-008 9.90599
-3.524612e-008 9.91013
-3.504612e-008 9.96365
-3.484612e-008 9.97711
-3.464612e-008 9.98402
-3.444612e-008 10.0268
-3.424612e-008 10.0503
-3.404612e-008 10.0213
-3.384612e-008 10.0151
-3.364612e-008 10.0569
-3.344612e-008 10.0071
-3.324612e-008 9.85489
-3.304612e-008 9.8649
-3.284612e-008 10.0645
-3.264612e-008 10.1245
-3.244612e-008 9.97504
-3.224612e-008 9.90771
-3.204612e-008 10.0065
-3.184612e-008 10.0493
-3.164612e-008 9.98229
-3.144612e-008 9.92498
-3.124612e-008 9.94189
-3.104612e-008 10.0099
-3.084612e-008 10.0037
-3.064612e-008 9.9229
-3.044612e-008 9.93188
-3.024612e-008 10.0082
-3.004612e-008 9.98471
-2.984612e-008 9.86214
-2.964612e-008 9.78687
-2.944612e-008 9.85937
-2.924612e-008 9.97366
-2.904612e-008 9.99507
-2.884612e-008 10.0393
-2.864612e-008 10.1705
-2.844612e-008 10.2005
-2.824612e-008 10.0769
-2.804612e-008 9.97331
-2.784612e-008 9.98333
-2.764612e-008 10.0534
-2.744612e-008 10.1142
-2.724612e-008 10.1428
-2.704612e-008 10.1325
-2.684612e-008 10.0879
-2.664612e-008 10.0227
-2.644612e-008 9.95053
-2.624612e-008 9.92636
-2.604612e-008 9.95294
-2.584612e-008 9.90322
-2.564612e-008 9.78825
-2.544612e-008 9.80033
-2.524612e-008 9.98643
-2.504612e-008 10.1957
-2.484612e-008 10.244
-2.464612e-008 10.1249
-2.444612e-008 10.0292
-2.424612e-008 10.052
-2.404612e-008 10.0911
-2.384612e-008 10.0931
-2.364612e-008 10.0693
-2.344612e-008 9.9961
-2.324612e-008 9.96882
-2.304612e-008 10.0289
-2.284612e-008 10.0572
-2.264612e-008 10.0334
-2.244612e-008 9.99472
-2.224612e-008 9.96952
-2.204612e-008 10.0065
-2.184612e-008 10.0603
-2.164612e-008 10.0206
-2.144612e-008 9.9343
-2.124612e-008 9.90944
-2.104612e-008 9.94224
-2.084612e-008 10.0251
-2.064612e-008 10.1394
-2.044612e-008 10.204
-2.024612e-008 10.1763
-2.004612e-008 10.0924
-1.984612e-008 10.0755
-1.964612e-008 10.1649
-1.944612e-008 10.1884
-1.924612e-008 10.098
-1.904612e-008 10.0393
-1.884612e-008 10.0417
-1.864612e-008 10.0503
-1.844612e-008 10.0503
-1.824612e-008 10.0582
-1.804612e-008 10.0503
-1.784612e-008 9.96848
-1.764612e-008 9.88872
-1.744612e-008 9.9343
-1.724612e-008 10.0203
-1.704612e-008 10.0089
-1.684612e-008 9.96399
-1.664612e-008 9.97746
-1.644612e-008 9.99783
-1.624612e-008 9.95501
-1.604612e-008 9.88976
-1.584612e-008 9.89425
-1.564612e-008 9.96192
-1.544612e-008 10.0251
-1.524612e-008 10.0662
-1.504612e-008 10.0703
-1.484612e-008 10.0261
-1.464612e-008 10.0106
-1.444612e-008 10.0652
-1.424612e-008 10.099
-1.404612e-008 10.0579
-1.384612e-008 10.0002
-1.364612e-008 9.97469
-1.344612e-008 9.96365
-1.324612e-008 9.95639
-1.304612e-008 9.94604
-1.284612e-008 9.945
-1.264612e-008 10.0134
-1.244612e-008 10.1028
-1.224612e-008 10.0759
-1.204612e-008 9.9816
-1.184612e-008 9.96157
-1.164612e-008 10.032
-1.144612e-008 10.1259
-1.124612e-008 10.1649
-1.104612e-008 10.1463
-1.084612e-008 10.0959
-1.064612e-008 9.98851
-1.044612e-008 9.83831
-1.024612e-008 9.76926
-1.004612e-008 9.88423
-9.846119e-009 10.0203
-9.646119e-009 10.0016
-9.446119e-009 9.9709
-9.246119e-009 10.0479
-9.046119e-009 10.1287
-8.846119e-009 10.1276
-8.646119e-009 10.0676
-8.446119e-009 10.0714
-8.246119e-009 10.1819
-8.046119e-009 10.2385
-7.846119e-009 10.1636
-7.646119e-009 10.0548
-7.446119e-009 9.98125
-7.246119e-009 9.97124
-7.046119e-009 10.013
-6.846119e-009 10.0396
-6.646119e-009 10.0769
-6.446119e-009 10.1359
-6.246119e-009 10.1
-6.046119e-009 9.99092
-5.846119e-009 9.96813
-5.646119e-009 9.99886
-5.446119e-009 9.9488
-5.246119e-009 9.87595
-5.046119e-009 9.87008
-4.846119e-009 9.89287
-4.646119e-009 9.93326
-4.446119e-009 9.98229
-4.246119e-009 9.9854
-4.046119e-009 9.96986
-3.846119e-009 10.0085
-3.646119e-009 10.1042
-3.446119e-009 10.177
-3.246119e-009 10.1249
-3.046119e-009 9.96365
-2.846119e-009 9.86352
-2.646119e-009 9.91911
-2.446119e-009 10.013
-2.246119e-009 10.022
-2.046119e-009 9.92739
-1.846119e-009 9.70884
-1.646119e-009 9.33007
-1.446119e-009 8.71964
-1.246119e-009 7.74563
-1.046119e-009 6.44189
-8.461187e-010 5.0836
-6.461187e-010 3.95698
-4.461187e-010 3.138
-2.461187e-010 2.45885
-4.611867e-011 1.89779
1.538813e-010 1.65264
3.538813e-010 1.6416
5.538813e-010 1.61121
7.538813e-010 1.55286
9.538813e-010 1.48933
1.153881e-009 1.36745
1.353881e-009 1.28113
1.553881e-009 1.28286
1.753881e-009 1.27837
1.953881e-009 1.27354
2.153881e-009 1.28424
2.353881e-009 1.22416
2.553881e-009 1.123
2.753881e-009 1.11022
2.953881e-009 1.22831
3.153881e-009 1.37919
3.353881e-009 1.40992
3.553881e-009 1.34743
3.753881e-009 1.34121
3.953881e-009 1.36296
4.153881e-009 1.32705
4.353881e-009 1.28493
4.553881e-009 1.30565
4.753881e-009 1.38195
4.953881e-009 1.42097
5.153881e-009 1.35295
5.353881e-009 1.26283
5.553881e-009 1.27975
5.753881e-009 1.35986
5.953881e-009 1.3457
6.153881e-009 1.22485
6.353881e-009 1.15822
6.553881e-009 1.25524
6.753881e-009 1.42891
6.953881e-009 1.51695
7.153881e-009 1.48726
7.353881e-009 1.41752
7.553881e-009 1.38541
7.753881e-009 1.39887
7.953881e-009 1.39093
8.153881e-009 1.34984
8.353881e-009 1.31704
8.553881e-009 1.30945
8.753881e-009 1.33948
8.953881e-009 1.36227
9.153881e-009 1.31532
9.353881e-009 1.22658
9.553881e-009 1.1482
9.753881e-009 1.13025
9.953881e-009 1.20414
1.015388e-008 1.31014
1.035388e-008 1.36262
1.055388e-008 1.32291
1.075388e-008 1.22796
1.095388e-008 1.20034
1.115388e-008 1.25696
1.135388e-008 1.3053
1.155388e-008 1.34397
1.175388e-008 1.36365
1.195388e-008 1.34673
1.215388e-008 1.35675
1.235388e-008 1.34535
1.255388e-008 1.22796
1.275388e-008 1.1047
1.295388e-008 1.0719
1.315388e-008 1.09089
1.335388e-008 1.13819
1.355388e-008 1.16823
1.375388e-008 1.11851
1.395388e-008 1.06983
1.415388e-008 1.094
1.435388e-008 1.15131
1.455388e-008 1.19343
1.475388e-008 1.16616
1.495388e-008 1.11022
1.515388e-008 1.11333
1.535388e-008 1.11195
1.555388e-008 1.05429
1.575388e-008 1.04566
1.595388e-008 1.14026
1.615388e-008 1.2176
1.635388e-008 1.17686
1.655388e-008 1.05049
1.675388e-008 0.969354
1.695388e-008 1.01907
1.715388e-008 1.08364
1.735388e-008 1.08502
1.755388e-008 1.09641
1.775388e-008 1.11264
1.795388e-008 1.10332
1.815388e-008 1.08364
1.835388e-008 1.00457
1.855388e-008 0.907551
1.875388e-008 0.956925
1.895388e-008 1.08295
1.915388e-008 1.09469
1.935388e-008 1.06534
1.955388e-008 1.14199
1.975388e-008 1.23418
1.995388e-008 1.21553
2.015388e-008 1.1558
2.035388e-008 1.12335
2.055388e-008 1.08951
2.075388e-008 1.05498
2.095388e-008 1.04359
2.115388e-008 1.06189
2.135388e-008 1.06051
2.155388e-008 1.00941
2.175388e-008 0.992833
2.195388e-008 1.06016
2.215388e-008 1.12058
2.235388e-008 1.09469
2.255388e-008 1.05464
2.275388e-008 1.12887
2.295388e-008 1.24453
2.315388e-008 1.20172
2.335388e-008 1.08157
2.355388e-008 1.10297
2.375388e-008 1.18549
2.395388e-008 1.16961
2.415388e-008 1.12369
2.435388e-008 1.11644
2.455388e-008 1.0864
2.475388e-008 1.05567
2.495388e-008 1.08813
2.515388e-008 1.13163
2.535388e-008 1.123
2.555388e-008 1.05049
2.575388e-008 0.964521
2.595388e-008 0.98282
2.615388e-008 1.07259
2.635388e-008 1.03979
2.655388e-008 0.88718
2.675388e-008 0.827448
2.695388e-008 0.937935
2.715388e-008 1.10194
2.735388e-008 1.18204
2.755388e-008 1.15338
2.775388e-008 1.1085
2.795388e-008 1.11713
2.815388e-008 1.15718
2.835388e-008 1.1665
2.855388e-008 1.1337
2.875388e-008 1.10919
2.895388e-008 1.09123
2.915388e-008 1.02736
2.935388e-008 0.98938
2.955388e-008 1.0643
2.975388e-008 1.10194
2.995388e-008 1.02115
3.015388e-008 1.01458
3.035388e-008 1.09745
3.055388e-008 1.07155
3.075388e-008 0.977296
3.095388e-008 0.989725
3.115388e-008 1.07121
3.135388e-008 1.09158
3.155388e-008 1.02598
3.175388e-008 0.954853
3.195388e-008 0.965556
3.215388e-008 1.02598
3.235388e-008 1.06258
3.255388e-008 1.0643
3.275388e-008 1.03185
3.295388e-008 1.0208
3.315388e-008 1.10539
3.335388e-008 1.1596
3.355388e-008 1.03772
3.375388e-008 0.924469
3.395388e-008 1.00733
3.415388e-008 1.12818
3.435388e-008 1.11437
3.455388e-008 1.0353
3.475388e-008 1.02771
3.495388e-008 1.1192
3.515388e-008 1.20517
3.535388e-008 1.17997
3.555388e-008 1.05533
3.575388e-008 0.915147
3.595388e-008 0.856796
3.615388e-008 0.93828
3.635388e-008 1.10332
3.655388e-008 1.22693
3.675388e-008 1.20103
3.695388e-008 1.03254
3.715388e-008 0.9003
3.735388e-008 0.926196
3.755388e-008 0.98869
3.775388e-008 0.985927
3.795388e-008 0.962794
3.815388e-008 0.936209
3.835388e-008 0.924469
3.855388e-008 0.972807
3.875388e-008 1.04773
3.895388e-008 1.12093
3.915388e-008 1.18584
3.935388e-008 1.16202
3.955388e-008 1.06707
3.975388e-008 1.04497
3.995388e-008 1.11506
4.015388e-008 1.18791
4.035388e-008 1.20863
4.055388e-008 1.18031
4.075388e-008 1.14372
4.095388e-008 1.10919
4.115388e-008 1.06603
4.135388e-008 1.04083
4.155388e-008 1.05774
4.175388e-008 1.04946
4.195388e-008 0.985237
4.215388e-008 0.966592
4.235388e-008 1.01597
4.255388e-008 1.03772
4.275388e-008 0.993869
4.295388e-008 0.983511
4.315388e-008 1.09434
4.335388e-008 1.22278
4.355388e-008 1.26974
4.375388e-008 1.26456
4.395388e-008 1.19516
4.415388e-008 1.09849
4.435388e-008 1.11161
4.455388e-008 1.19309
4.475388e-008 1.13681
4.495388e-008 0.990071
4.515388e-008 0.973498
4.535388e-008 1.04117
4.555388e-008 1.00043
4.575388e-008 0.895812
4.595388e-008 0.909277
4.615388e-008 1.02736
4.635388e-008 1.14682
4.655388e-008 1.22209
4.675388e-008 1.18618
4.695388e-008 1.10677
4.715388e-008 1.09469
4.735388e-008 1.08571
4.755388e-008 1.06258
4.775388e-008 1.0795
4.795388e-008 1.09331
4.815388e-008 1.08053
4.835388e-008 1.04946
4.855388e-008 1.03323
4.875388e-008 1.09296
4.895388e-008 1.16202
4.915388e-008 1.15269
4.935388e-008 1.1154
4.955388e-008 1.10815
4.975388e-008 1.12991
4.995388e-008 1.17134
5.015388e-008 1.16685
5.035388e-008 1.06327
5.055388e-008 0.97626
5.075388e-008 0.983511
5.095388e-008 1.03634
5.115388e-008 1.11471
5.135388e-008 1.16616
5.155388e-008 1.16823
5.175388e-008 1.2069
5.195388e-008 1.2542
5.215388e-008 1.20172
5.235388e-008 1.14613
5.255388e-008 1.17997
5.275388e-008 1.19965
5.295388e-008 1.15925
5.315388e-008 1.09572
5.335388e-008 1.06741
5.355388e-008 1.123
5.375388e-008 1.16167
5.395388e-008 1.10988
5.415388e-008 1.04704
5.435388e-008 1.02356
5.455388e-008 1.01493
5.475388e-008 1.01873
5.495388e-008 1.09849
5.515388e-008 1.22278
5.535388e-008 1.23659
5.555388e-008 1.17686
5.575388e-008 1.20966
5.595388e-008 1.26525
5.615388e-008 1.20483
5.635388e-008 1.11057
5.655388e-008 1.1123
5.675388e-008 1.2
5.695388e-008 1.25938
5.715388e-008 1.22624
5.735388e-008 1.1848
5.755388e-008 1.2176
5.775388e-008 1.22106
5.795388e-008 1.09987
5.815388e-008 0.981439
5.835388e-008 0.995595
5.855388e-008 1.07259
5.875388e-008 1.11195
5.895388e-008 1.10884
5.915388e-008 1.08502
5.935388e-008 1.07915
5.955388e-008 1.09676
5.975388e-008 1.09331
5.995388e-008 1.04186
6.015388e-008 1.00423
6.035388e-008 1.08606
6.055388e-008 1.1482
6.075388e-008 1.02978
6.095388e-008 0.914111
6.115388e-008 0.941042
6.135388e-008 1.02149
6.155388e-008 1.0902
6.175388e-008 1.12921
6.195388e-008 1.13094
6.215388e-008 1.11989
6.235388e-008 1.12714
6.255388e-008 1.1558
6.275388e-008 1.15166
6.295388e-008 1.08571
6.315388e-008 1.02149
6.335388e-008 1.00146
6.355388e-008 1.01597
6.375388e-008 1.08053
6.395388e-008 1.12991
6.415388e-008 1.10194
6.435388e-008 1.09814
6.455388e-008 1.11955
6.475388e-008 1.10574
6.495388e-008 1.10366
6.515388e-008 1.07639
6.535388e-008 1.05602
6.555388e-008 1.15718
6.575388e-008 1.24212
6.595388e-008 1.15787
6.615388e-008 1.0246
6.635388e-008 1.01182
6.655388e-008 1.11886
6.675388e-008 1.2
6.695388e-008 1.1665
6.715388e-008 1.13992
6.735388e-008 1.18895
6.755388e-008 1.18204
6.775388e-008 1.11713
6.795388e-008 1.13163
6.815388e-008 1.19274
6.835388e-008 1.19551
6.855388e-008 1.15304
6.875388e-008 1.09538
6.895388e-008 1.03668
6.915388e-008 1.01424
6.935388e-008 1.02598
6.955388e-008 1.04739
6.975388e-008 1.07155
6.995388e-008 1.08329
7.015388e-008 1.0902
7.035388e-008 1.11092
7.055388e-008 1.11575
7.075388e-008 1.09952
7.095388e-008 1.12507
7.115388e-008 1.19482
7.135388e-008 1.18722
7.155388e-008 1.05084
7.175388e-008 0.965211
7.195388e-008 1.06154
7.215388e-008 1.17617
7.235388e-008 1.1886
7.255388e-008 1.20897
7.275388e-008 1.26939
7.295388e-008 1.25075
7.315388e-008 1.14648
7.335388e-008 1.09745
7.355388e-008 1.12887
7.375388e-008 1.13232
7.395388e-008 1.10953
7.415388e-008 1.12335
7.435388e-008 1.10366
7.455388e-008 1.02598
7.475388e-008 0.973843
7.495388e-008 0.940006
7.515388e-008 0.94484
7.535388e-008 1.06603
7.555388e-008 1.2252
7.575388e-008 1.27975
7.595388e-008 1.21173
7.615388e-008 1.15166
7.635388e-008 1.20103
7.655388e-008 1.22693
7.675388e-008 1.15062
7.695388e-008 1.09434
7.715388e-008 1.06016
7.735388e-008 1.02253
7.755388e-008 1.04221
7.775388e-008 1.08329
7.795388e-008 1.05636
7.815388e-008 0.978331
7.835388e-008 0.973152
7.855388e-008 1.0536
7.875388e-008 1.12438
7.895388e-008 1.152
7.915388e-008 1.12749
7.935388e-008 1.06776
7.955388e-008 1.0132
7.975388e-008 1.00457
7.995388e-008 1.06292
8.015388e-008 1.10643
8.035388e-008 1.08916
8.055388e-008 1.12335
8.075388e-008 1.21968
8.095388e-008 1.26145
8.115388e-008 1.25282
8.135388e-008 1.21588
8.155388e-008 1.14233
8.175388e-008 1.0971
8.195388e-008 1.08537
8.215388e-008 1.07363
8.235388e-008 1.11609
8.255388e-008 1.17824
8.275388e-008 1.16202
8.295388e-008 1.09158
8.315388e-008 1.04255
8.335388e-008 1.07225
8.355388e-008 1.14199
8.375388e-008 1.16443
8.395388e-008 1.16961
8.415388e-008 1.19827
8.435388e-008 1.1741
8.455388e-008 1.0795
8.475388e-008 1.03427
8.495388e-008 1.04186
8.515388e-008 1.0467
8.535388e-008 1.09883
8.555388e-008 1.1482
8.575388e-008 1.09158
8.595388e-008 0.979713
8.615388e-008 0.91929
8.635388e-008 0.93759
8.655388e-008 0.984201
8.675388e-008 1.0353
8.695388e-008 1.16719
8.715388e-008 1.37021
8.735388e-008 1.42684
8.755388e-008 1.26732
8.775388e-008 1.14372
8.795388e-008 1.18273
8.815388e-008 1.23625
8.835388e-008 1.22555
8.855388e-008 1.19274
8.875388e-008 1.14337
8.895388e-008 1.08329
8.915388e-008 1.05774
8.935388e-008 1.06914
8.955388e-008 1.10228
8.975388e-008 1.1306
8.995388e-008 1.11782
9.015388e-008 1.14786
9.035388e-008 1.229
9.055388e-008 1.20241
9.075388e-008 1.07708
9.095388e-008 1.01355
9.115388e-008 1.06914
9.135388e-008 1.11817
9.155388e-008 1.05843
9.175388e-008 1.04359
9.195388e-008 1.1817
9.215388e-008 1.28735
9.235388e-008 1.19689
9.255388e-008 1.05498
9.275388e-008 1.0643
9.295388e-008 1.17065
9.315388e-008 1.23245
9.335388e-008 1.20414
9.355388e-008 1.14268
9.375388e-008 1.1337
9.395388e-008 1.11955
9.415388e-008 1.03944
9.435388e-008 1.02771
9.455388e-008 1.11782
9.475388e-008 1.16132
9.495388e-008 1.13232
9.515388e-008 1.07673
9.535388e-008 1.00388
9.555388e-008 0.987309
9.575388e-008 1.06085
9.595388e-008 1.15546
9.615388e-008 1.23694
9.635388e-008 1.28769
9.655388e-008 1.26732
9.675388e-008 1.20103
9.695388e-008 1.13267
9.715388e-008 1.08882
9.735388e-008 1.11851
9.755388e-008 1.18584
9.775388e-008 1.18618
9.795388e-008 1.11886
9.815388e-008 1.05429
9.835388e-008 1.04531
9.855388e-008 1.09676
9.875388e-008 1.12645
9.895388e-008 1.13957
9.915388e-008 1.21104
9.935388e-008 1.23211
9.955388e-008 1.13716
9.975388e-008 1.08813
9.995388e-008 1.12852
1.001539e-007 1.14613
1.003539e-007 1.13612
1.005539e-007 1.13819
1.007539e-007 1.14337
1.009539e-007 1.14406
1.011539e-007 1.09883
1.013539e-007 1.03944
1.015539e-007 1.08985
1.017539e-007 1.18204
1.019539e-007 1.16098
1.021539e-007 1.07811
1.023539e-007 1.03841
1.025539e-007 1.03219
1.027539e-007 1.06396
1.029539e-007 1.16305
1.031539e-007 1.2618
1.033539e-007 1.27181
1.035539e-007 1.20966
1.037539e-007 1.15476
1.039539e-007 1.13716
1.041539e-007 1.11644
1.043539e-007 1.09193
1.045539e-007 1.1123
1.047539e-007 1.16029
1.049539e-007 1.19067
1.051539e-007 1.18411
1.053539e-007 1.12887
1.055539e-007 1.10228
1.057539e-007 1.15649
1.059539e-007 1.20517
1.061539e-007 1.21208
1.063539e-007 1.17686
1.065539e-007 1.13094
1.067539e-007 1.16063
1.069539e-007 1.21933
1.071539e-007 1.23832
1.073539e-007 1.23521
1.075539e-007 1.229
1.077539e-007 1.22865
1.079539e-007 1.20897
1.081539e-007 1.18031
1.083539e-007 1.1886
1.085539e-007 1.21208
1.087539e-007 1.22727
1.089539e-007 1.22416
1.091539e-007 1.17445
1.093539e-007 1.13716
1.095539e-007 1.17514
1.097539e-007 1.2
1.099539e-007 1.13923
1.101539e-007 1.05567
1.103539e-007 1.0391
1.105539e-007 1.09434
1.107539e-007 1.12783
1.109539e-007 1.12956
1.111539e-007 1.1634
1.113539e-007 1.16478
1.115539e-007 1.13094
1.117539e-007 1.18549
1.119539e-007 1.27112
1.121539e-007 1.258
1.123539e-007 1.19136
1.125539e-007 1.14303
1.127539e-007 1.13923
1.129539e-007 1.18618
1.131539e-007 1.21312
1.133539e-007 1.18342
1.135539e-007 1.14303
1.137539e-007 1.12991
1.139539e-007 1.13923
1.141539e-007 1.11299
1.143539e-007 1.03496
1.145539e-007 0.973843
1.147539e-007 0.991452
1.149539e-007 1.0719
1.151539e-007 1.17859
1.153539e-007 1.25213
1.155539e-007 1.18653
1.157539e-007 1.0971
1.159539e-007 1.17928
1.161539e-007 1.32567
1.163539e-007 1.37608
1.165539e-007 1.33189
1.167539e-007 1.24833
1.169539e-007 1.18273
1.171539e-007 1.15649
1.173539e-007 1.13577
1.175539e-007 1.10366
1.177539e-007 1.13163
1.179539e-007 1.20725
1.181539e-007 1.2
1.183539e-007 1.14924
1.185539e-007 1.13647
1.187539e-007 1.11782
1.189539e-007 1.13612
1.191539e-007 1.1924
1.193539e-007 1.20483
1.195539e-007 1.22175
1.197539e-007 1.22485
1.199539e-007 1.18757
1.201539e-007 1.19585
1.203539e-007 1.21242
1.205539e-007 1.2031
1.207539e-007 1.19413
1.209539e-007 1.11851
1.211539e-007 1.00802
1.213539e-007 0.997321
1.215539e-007 1.05326
1.217539e-007 1.07294
1.219539e-007 1.06983
1.221539e-007 1.06327
1.223539e-007 1.04117
1.225539e-007 1.00285
1.227539e-007 0.975915
1.229539e-007 1.04531
1.231539e-007 1.17583
1.233539e-007 1.18411
1.235539e-007 1.06499
1.237539e-007 1.02529
1.239539e-007 1.12058
1.241539e-007 1.18584
1.243539e-007 1.15062
1.245539e-007 1.10677
1.247539e-007 1.11748
1.249539e-007 1.14682
1.251539e-007 1.152
1.253539e-007 1.16478
1.255539e-007 1.17962
1.257539e-007 1.14717
1.259539e-007 1.13129
1.261539e-007 1.1924
1.263539e-007 1.24005
1.265539e-007 1.16858
1.267539e-007 1.03012
1.269539e-007 0.987999
1.271539e-007 1.09814
1.273539e-007 1.21242
1.275539e-007 1.19965
1.277539e-007 1.12404
1.279539e-007 1.12818
1.281539e-007 1.23314
1.283539e-007 1.29805
1.285539e-007 1.23901
1.287539e-007 1.16547
1.289539e-007 1.20725
1.291539e-007 1.33396
1.293539e-007 1.38195
1.295539e-007 1.26629
1.297539e-007 1.12576
1.299539e-007 1.15373
1.301539e-007 1.287
1.303539e-007 1.31877
1.305539e-007 1.29253
1.307539e-007 1.33085
1.309539e-007 1.35468
1.311539e-007 1.28251
1.313539e-007 1.1848
1.315539e-007 1.2
1.317539e-007 1.29287
1.319539e-007 1.2839
1.321539e-007 1.1817
1.323539e-007 1.17445
1.325539e-007 1.32913
1.327539e-007 1.43616
1.329539e-007 1.31877
1.331539e-007 1.18929
1.333539e-007 1.26732
1.335539e-007 1.39231
1.337539e-007 1.38092
1.339539e-007 1.30116
1.341539e-007 1.28182
1.343539e-007 1.31462
1.345539e-007 1.3198
1.347539e-007 1.287
1.349539e-007 1.27492
1.351539e-007 1.35916
1.353539e-007 1.45722
1.355539e-007 1.42718
1.357539e-007 1.41648
1.359539e-007 1.54665
1.361539e-007 1.62744
1.363539e-007 1.55286
1.365539e-007 1.44755
1.367539e-007 1.42995
1.369539e-007 1.48174
1.371539e-007 1.47
1.373539e-007 1.38092
1.375539e-007 1.35606
1.377539e-007 1.43409
1.379539e-007 1.51108
1.381539e-007 1.46447
1.383539e-007 1.30323
1.385539e-007 1.19033
1.387539e-007 1.21968
1.389539e-007 1.2984
1.391539e-007 1.33327
1.393539e-007 1.37194
1.395539e-007 1.47345
1.397539e-007 1.5936
1.399539e-007 1.65368
1.401539e-007 1.6233
1.403539e-007 1.56184
1.405539e-007 1.51005
1.407539e-007 1.4372
1.409539e-007 1.40716
1.411539e-007 1.46516
1.413539e-007 1.50487
1.415539e-007 1.49658
1.417539e-007 1.47
1.419539e-007 1.41061
1.421539e-007 1.38851
1.423539e-007 1.43443
1.425539e-007 1.45653
1.427539e-007 1.49037
1.429539e-007 1.6264
1.431539e-007 1.72722
1.433539e-007 1.65886
1.435539e-007 1.53767
1.437539e-007 1.49106
1.439539e-007 1.51695
1.441539e-007 1.53905
1.443539e-007 1.49209
1.445539e-007 1.43581
1.447539e-007 1.47794
1.449539e-007 1.58773
1.451539e-007 1.63055
1.453539e-007 1.59567
1.455539e-007 1.59326
1.457539e-007 1.63918
1.459539e-007 1.63296
1.461539e-007 1.53767
1.463539e-007 1.48657
1.465539e-007 1.55804
1.467539e-007 1.58739
1.469539e-007 1.51557
1.471539e-007 1.51488
1.473539e-007 1.57461
1.475539e-007 1.60396
1.477539e-007 1.66887
1.479539e-007 1.73689
1.481539e-007 1.72688
1.483539e-007 1.67888
1.485539e-007 1.62433
1.487539e-007 1.5463
1.489539e-007 1.48312
1.491539e-007 1.51005
1.493539e-007 1.61605
1.495539e-007 1.71721
1.497539e-007 1.74725
1.499539e-007 1.68027
1.501539e-007 1.56218
1.503539e-007 1.50314
1.505539e-007 1.54561
1.507539e-007 1.63262
1.509539e-007 1.6889
1.511539e-007 1.6889
1.513539e-007 1.68199
1.515539e-007 1.6706
1.517539e-007 1.64712
1.519539e-007 1.65403
1.521539e-007 1.64263
1.523539e-007 1.61363
1.525539e-007 1.66266
1.527539e-007 1.72239
1.529539e-007 1.69166
1.531539e-007 1.66059
1.533539e-007 1.7179
1.535539e-007 1.80215
1.537539e-007 1.84254
1.539539e-007 1.82735
1.541539e-007 1.78834
1.543539e-007 1.77073
1.545539e-007 1.75657
1.547539e-007 1.73516
1.549539e-007 1.74311
1.551539e-007 1.74241
1.553539e-007 1.74932
1.555539e-007 1.80698
1.557539e-007 1.80249
1.559539e-007 1.73655
1.561539e-007 1.75001
1.563539e-007 1.80007
1.565539e-007 1.81078
1.567539e-007 1.82908
1.569539e-007 1.78937
1.571539e-007 1.68234
1.573539e-007 1.68199
1.575539e-007 1.75243
1.577539e-007 1.75174
1.579539e-007 1.73655
1.581539e-007 1.74483
1.583539e-007 1.70961
1.585539e-007 1.67198
1.587539e-007 1.71583
1.589539e-007 1.80905
1.591539e-007 1.8895
1.593539e-007 1.92817
1.595539e-007 1.9261
1.597539e-007 1.87051
1.599539e-007 1.73309
1.601539e-007 1.64056
1.603539e-007 1.76589
1.605539e-007 1.96926
1.607539e-007 1.97996
1.609539e-007 1.83736
1.611539e-007 1.75795
1.613539e-007 1.82632
1.615539e-007 1.93991
1.617539e-007 1.9406
1.619539e-007 1.84738
1.621539e-007 1.80733
1.623539e-007 1.84945
1.625539e-007 1.87569
1.627539e-007 1.85704
1.629539e-007 1.85359
1.631539e-007 1.88156
1.633539e-007 1.93577
1.635539e-007 1.9658
1.637539e-007 1.92472
1.639539e-007 1.91194
1.641539e-007 1.93473
1.643539e-007 1.90193
1.645539e-007 1.92575
1.647539e-007 2.00102
1.649539e-007 1.95199
1.651539e-007 1.88639
1.653539e-007 1.93887
1.655539e-007 2.00102
1.657539e-007 2.00137
1.659539e-007 1.95855
1.661539e-007 1.93473
1.663539e-007 1.96408
1.665539e-007 1.98134
1.667539e-007 1.99791
1.669539e-007 2.04176
1.671539e-007 1.98583
1.673539e-007 1.85325
1.675539e-007 1.87258
1.677539e-007 2.01311
1.679539e-007 2.0939
1.681539e-007 2.13671
1.683539e-007 2.14845
1.685539e-007 2.08492
1.687539e-007 2.07077
1.689539e-007 2.15501
1.691539e-007 2.14362
1.693539e-007 1.9993
1.695539e-007 1.92368
1.697539e-007 1.99343
1.699539e-007 2.04038
1.701539e-007 1.94164
1.703539e-007 1.90331
1.705539e-007 2.01518
1.707539e-007 2.0207
1.709539e-007 1.92644
1.711539e-007 1.97133
1.713539e-007 2.14155
1.715539e-007 2.27931
1.717539e-007 2.34249
1.719539e-007 2.30866
1.721539e-007 2.15847
1.723539e-007 2.05523
1.725539e-007 2.11703
1.727539e-007 2.19299
1.729539e-007 2.17159
1.731539e-007 2.10564
1.733539e-007 2.07146
1.735539e-007 2.1046
1.737539e-007 2.1374
1.739539e-007 2.13568
1.741539e-007 2.14604
1.743539e-007 2.14017
1.745539e-007 2.09079
1.747539e-007 2.03279
1.749539e-007 2.01932
1.751539e-007 2.08907
1.753539e-007 2.1816
1.755539e-007 2.23132
1.757539e-007 2.24962
1.759539e-007 2.27344
1.761539e-007 2.29865
1.763539e-007 2.22269
1.765539e-007 2.0901
1.767539e-007 2.06179
1.769539e-007 2.1305
1.771539e-007 2.21509
1.773539e-007 2.23995
1.775539e-007 2.17642
1.777539e-007 2.0718
1.779539e-007 1.99412
1.781539e-007 2.00344
1.783539e-007 2.08596
1.785539e-007 2.15225
1.787539e-007 2.21095
1.789539e-007 2.32937
1.791539e-007 2.38393
1.793539e-007 2.30693
1.795539e-007 2.27517
1.797539e-007 2.28311
1.799539e-007 2.20784
1.801539e-007 2.1778
1.803539e-007 2.28242
1.805539e-007 2.39256
1.807539e-007 2.42398
1.809539e-007 2.38738
1.811539e-007 2.32316
1.813539e-007 2.28242
1.815539e-007 2.22545
1.817539e-007 2.14189
1.819539e-007 2.15467
1.821539e-007 2.24202
1.823539e-007 2.30866
1.825539e-007 2.38738
1.827539e-007 2.44746
1.829539e-007 2.46368
1.831539e-007 2.49338
1.833539e-007 2.48889
1.835539e-007 2.45505
1.837539e-007 2.50063
1.839539e-007 2.55035
1.841539e-007 2.51686
1.843539e-007 2.49994
1.845539e-007 2.48578
1.847539e-007 2.40982
1.849539e-007 2.36632
1.851539e-007 2.38945
1.853539e-007 2.43261
1.855539e-007 2.47059
1.857539e-007 2.44677
1.859539e-007 2.38255
1.861539e-007 2.38116
1.863539e-007 2.42501
1.865539e-007 2.41673
1.867539e-007 2.36528
1.869539e-007 2.36252
1.871539e-007 2.43503
1.873539e-007 2.51375
1.875539e-007 2.55794
1.877539e-007 2.5797
1.879539e-007 2.58453
1.881539e-007 2.55794
1.883539e-007 2.47128
1.885539e-007 2.34215
1.887539e-007 2.25203
1.889539e-007 2.27586
1.891539e-007 2.38945
1.893539e-007 2.44953
1.895539e-007 2.4081
1.897539e-007 2.38634
1.899539e-007 2.41742
1.901539e-007 2.44608
1.903539e-007 2.47646
1.905539e-007 2.48854
1.907539e-007 2.49338
1.909539e-007 2.55691
1.911539e-007 2.58867
1.913539e-007 2.46714
1.915539e-007 2.33973
1.917539e-007 2.39532
1.919539e-007 2.53343
1.921539e-007 2.61146
1.923539e-007 2.65496
1.925539e-007 2.66808
1.927539e-007 2.64806
1.929539e-007 2.64875
1.931539e-007 2.64599
1.933539e-007 2.60041
1.935539e-007 2.58556
1.937539e-007 2.58626
1.939539e-007 2.49234
1.941539e-007 2.4371
1.943539e-007 2.53964
1.945539e-007 2.60317
1.947539e-007 2.55311
1.949539e-007 2.55967
1.951539e-007 2.62596
1.953539e-007 2.64461
1.955539e-007 2.66014
1.957539e-007 2.67154
1.959539e-007 2.61595
1.961539e-007 2.57106
1.963539e-007 2.60904
1.965539e-007 2.69122
1.967539e-007 2.73714
1.969539e-007 2.68051
1.971539e-007 2.59247
1.973539e-007 2.57313
1.975539e-007 2.56416
1.977539e-007 2.49959
1.979539e-007 2.46921
1.981539e-007 2.55829
1.983539e-007 2.68535
1.985539e-007 2.72851
1.987539e-007 2.7109
1.989539e-007 2.7803
1.991539e-007 2.94292
1.993539e-007 2.9733
1.995539e-007 2.79583
1.997539e-007 2.6415
1.999539e-007 2.64288
2.001539e-007 2.72678
2.003539e-007 2.83761
2.005539e-007 2.87801
2.007539e-007 2.81068
2.009539e-007 2.7544
2.011539e-007 2.76062
2.013539e-007 2.80309
2.015539e-007 2.81344
2.017539e-007 2.72574
2.019539e-007 2.59454
2.021539e-007 2.52721
2.023539e-007 2.57072
2.025539e-007 2.66049
2.027539e-007 2.71746
2.029539e-007 2.78168
2.031539e-007 2.89527
2.033539e-007 2.95639
2.035539e-007 2.88388
2.037539e-007 2.80723
2.039539e-007 2.83105
2.041539e-007 2.88664
2.043539e-007 2.92773
2.045539e-007 2.93291
2.047539e-007 2.90011
2.049539e-007 2.85522
2.051539e-007 2.79756
2.053539e-007 2.71642
2.055539e-007 2.59903
2.057539e-007 2.5317
2.059539e-007 2.64668
2.061539e-007 2.79445
2.063539e-007 2.75785
2.065539e-007 2.69502
2.067539e-007 2.76752
2.069539e-007 2.82553
2.071539e-007 2.79514
2.073539e-007 2.7658
2.075539e-007 2.76856
2.077539e-007 2.82277
2.079539e-007 2.90529
2.081539e-007 2.92462
2.083539e-007 2.88146
2.085539e-007 2.85108
2.087539e-007 2.8787
2.089539e-007 2.93084
2.091539e-007 2.95949
2.093539e-007 2.92945
2.095539e-007 2.83416
2.097539e-007 2.7803
2.099539e-007 2.82829
2.101539e-007 2.90494
2.103539e-007 2.91219
2.105539e-007 2.83381
2.107539e-007 2.79549
2.109539e-007 2.86558
2.111539e-007 2.96674
2.113539e-007 3.04029
2.115539e-007 3.06376
2.117539e-007 3.04857
2.119539e-007 3.05859
2.121539e-007 3.1014
2.123539e-007 3.12281
2.125539e-007 3.10416
2.127539e-007 3.04754
2.129539e-007 2.99195
2.131539e-007 2.99264
2.133539e-007 2.97883
2.135539e-007 2.90632
2.137539e-007 2.8863
2.139539e-007 2.93809
2.141539e-007 3.01543
2.143539e-007 3.04477
2.145539e-007 2.94085
2.147539e-007 2.8642
2.149539e-007 2.97468
2.151539e-007 3.09208
2.153539e-007 3.0244
2.155539e-007 2.91806
2.157539e-007 2.96433
2.159539e-007 3.04961
2.161539e-007 3.03683
2.163539e-007 3.003
2.165539e-007 3.03131
2.167539e-007 3.09656
2.169539e-007 3.10796
2.171539e-007 3.04512
2.173539e-007 2.99954
2.175539e-007 3.02889
2.177539e-007 3.08655
2.179539e-007 3.1052
2.181539e-007 3.10243
2.183539e-007 3.09656
2.185539e-007 3.07412
2.187539e-007 3.04685
2.189539e-007 3.01266
2.191539e-007 2.9771
2.193539e-007 2.97676
2.195539e-007 3.02095
2.197539e-007 3.07896
2.199539e-007 3.11555
2.201539e-007 3.11935
2.203539e-007 3.08724
2.205539e-007 2.98884
2.207539e-007 2.87939
2.209539e-007 2.92013
2.211539e-007 3.07999
2.213539e-007 3.18219
2.215539e-007 3.19324
2.217539e-007 3.12142
2.219539e-007 3.00852
2.221539e-007 3.00714
2.223539e-007 3.11072
2.225539e-007 3.13282
2.227539e-007 3.08068
2.229539e-007 3.12315
2.231539e-007 3.19048
2.233539e-007 3.10934
2.235539e-007 3.00334
2.237539e-007 3.06411
2.239539e-007 3.18668
2.241539e-007 3.20325
2.243539e-007 3.16631
2.245539e-007 3.18426
2.247539e-007 3.24779
2.249539e-007 3.31685
2.251539e-007 3.36173
2.253539e-007 3.32134
2.255539e-007 3.22777
2.257539e-007 3.20084
2.259539e-007 3.21327
2.261539e-007 3.19186
2.263539e-007 3.15699
2.265539e-007 3.10969
2.267539e-007 3.12695
2.269539e-007 3.29095
2.271539e-007 3.39419
2.273539e-007 3.27265
2.275539e-007 3.13282
2.277539e-007 3.12108
2.279539e-007 3.15353
2.281539e-007 3.18599
2.283539e-007 3.2181
2.285539e-007 3.2509
2.287539e-007 3.26264
2.289539e-007 3.21189
2.291539e-007 3.13662
2.293539e-007 3.12971
2.295539e-007 3.22915
2.297539e-007 3.29648
2.299539e-007 3.21775
2.301539e-007 3.13662
2.303539e-007 3.18288
2.305539e-007 3.30235
2.307539e-007 3.3569
2.309539e-007 3.30096
2.311539e-007 3.2982
2.313539e-007 3.42871
2.315539e-007 3.51641
2.317539e-007 3.46635
2.319539e-007 3.39937
2.321539e-007 3.3973
2.323539e-007 3.43044
2.325539e-007 3.4515
2.327539e-007 3.41387
2.329539e-007 3.32893
2.331539e-007 3.25919
2.333539e-007 3.2433
2.335539e-007 3.27127
2.337539e-007 3.30649
2.339539e-007 3.36208
2.341539e-007 3.45703
2.343539e-007 3.4812
2.345539e-007 3.35897
2.347539e-007 3.23433
2.349539e-007 3.20394
2.351539e-007 3.20222
2.353539e-007 3.23053
2.355539e-007 3.32721
2.357539e-007 3.50295
2.359539e-007 3.67109
2.361539e-007 3.67904
2.363539e-007 3.5499
2.365539e-007 3.44218
2.367539e-007 3.43079
2.369539e-007 3.46186
2.371539e-007 3.46221
2.373539e-007 3.39626
2.375539e-007 3.28715
2.377539e-007 3.24054
2.379539e-007 3.30614
2.381539e-007 3.40731
2.383539e-007 3.47153
2.385539e-007 3.48085
2.387539e-007 3.48568
2.389539e-007 3.54058
2.391539e-007 3.59065
2.393539e-007 3.53368
2.395539e-007 3.38832
2.397539e-007 3.30614
2.399539e-007 3.33964
2.401539e-007 3.37658
2.403539e-007 3.34171
2.405539e-007 3.30649
2.407539e-007 3.35172
2.409539e-007 3.4118
2.411539e-007 3.4149
2.413539e-007 3.43907
2.415539e-007 3.5247
2.417539e-007 3.57822
2.419539e-007 3.59893
2.421539e-007 3.64416
2.423539e-007 3.64278
2.425539e-007 3.572
2.427539e-007 3.52781
2.429539e-007 3.53817
2.431539e-007 3.55577
2.433539e-007 3.55646
2.435539e-007 3.53989
2.437539e-007 3.49086
2.439539e-007 3.43631
2.441539e-007 3.45668
2.443539e-007 3.54749
2.445539e-007 3.62414
2.447539e-007 3.61827
2.449539e-007 3.49294
2.451539e-007 3.34516
2.453539e-007 3.33964
2.455539e-007 3.45288
2.457539e-007 3.54404
2.459539e-007 3.58823
2.461539e-007 3.63967
2.463539e-007 3.64416
2.465539e-007 3.54093
2.467539e-007 3.47291
2.469539e-007 3.54127
2.471539e-007 3.6193
2.473539e-007 3.64106
2.475539e-007 3.64416
2.477539e-007 3.60687
2.479539e-007 3.56095
2.481539e-007 3.58063
2.483539e-007 3.64658
2.485539e-007 3.68249
2.487539e-007 3.67144
2.489539e-007 3.66764
2.491539e-007 3.68249
2.493539e-007 3.6887
2.495539e-007 3.6742
2.497539e-007 3.63484
2.499539e-007 3.59375
2.501539e-007 3.60446
2.503539e-007 3.67662
2.505539e-007 3.71805
2.507539e-007 3.65176
2.509539e-007 3.5834
2.511539e-007 3.65072
2.513539e-007 3.77295
2.515539e-007 3.78883
2.517539e-007 3.71874
2.519539e-007 3.7039
2.521539e-007 3.71391
