-2.48134e-007 9.98471
-2.47934e-007 10.0413
-2.47734e-007 10.1214
-2.47534e-007 10.0952
-2.47334e-007 9.99334
-2.47134e-007 9.98091
-2.46934e-007 10.0786
-2.46734e-007 10.1352
-2.46534e-007 10.0427
-2.46334e-007 9.86214
-2.46134e-007 9.75925
-2.45934e-007 9.78618
-2.45734e-007 9.84936
-2.45534e-007 9.9015
-2.45334e-007 9.95191
-2.45134e-007 9.974
-2.44934e-007 9.97608
-2.44734e-007 10.003
-2.44534e-007 10.0448
-2.44334e-007 10.0714
-2.44134e-007 10.0879
-2.43934e-007 10.0855
-2.43734e-007 10.0576
-2.43534e-007 10.0493
-2.43334e-007 10.0676
-2.43134e-007 10.0431
-2.42934e-007 9.96261
-2.42734e-007 9.88941
-2.42534e-007 9.89287
-2.42334e-007 9.99437
-2.42134e-007 10.0696
-2.41934e-007 10.0151
-2.41734e-007 9.95018
-2.41534e-007 9.97193
-2.41334e-007 10.0013
-2.41134e-007 9.97987
-2.40934e-007 9.96226
-2.40734e-007 9.97573
-2.40534e-007 9.97538
-2.40334e-007 9.96952
-2.40134e-007 10.012
-2.39934e-007 10.1049
-2.39734e-007 10.176
-2.39534e-007 10.1463
-2.39334e-007 10.0586
-2.39134e-007 9.99748
-2.38934e-007 9.94224
-2.38734e-007 9.88803
-2.38534e-007 9.90909
-2.38334e-007 9.9999
-2.38134e-007 10.0437
-2.37934e-007 10.0047
-2.37734e-007 9.9999
-2.37534e-007 10.0465
-2.37334e-007 10.0196
-2.37134e-007 9.92774
-2.36934e-007 9.88527
-2.36734e-007 9.90357
-2.36534e-007 9.92221
-2.36334e-007 9.93154
-2.36134e-007 9.96123
-2.35934e-007 10.0123
-2.35734e-007 10.0524
-2.35534e-007 10.0593
-2.35334e-007 10.0596
-2.35134e-007 10.0803
-2.34934e-007 10.1093
-2.34734e-007 10.1228
-2.34534e-007 10.0955
-2.34334e-007 10.0168
-2.34134e-007 9.90184
-2.33934e-007 9.84625
-2.33734e-007 9.89943
-2.33534e-007 9.945
-2.33334e-007 9.98333
-2.33134e-007 10.1018
-2.32934e-007 10.1846
-2.32734e-007 10.1276
-2.32534e-007 10.0161
-2.32334e-007 9.93568
-2.32134e-007 9.93568
-2.31934e-007 10.0268
-2.31734e-007 10.0993
-2.31534e-007 10.0803
-2.31334e-007 10.0175
-2.31134e-007 9.95053
-2.30934e-007 9.90599
-2.30734e-007 9.86939
-2.30534e-007 9.78376
-2.30334e-007 9.73335
-2.30134e-007 9.81138
-2.29934e-007 9.9084
-2.29734e-007 9.96641
-2.29534e-007 10.0189
-2.29334e-007 10.041
-2.29134e-007 10.042
-2.28934e-007 10.0362
-2.28734e-007 10.0127
-2.28534e-007 9.974
-2.28334e-007 9.94707
-2.28134e-007 10.0168
-2.27934e-007 10.1473
-2.27734e-007 10.1774
-2.27534e-007 10.0769
-2.27334e-007 9.94811
-2.27134e-007 9.88665
-2.26934e-007 9.89839
-2.26734e-007 9.95329
-2.26534e-007 10.0206
-2.26334e-007 10.0241
-2.26134e-007 9.99161
-2.25934e-007 10.0141
-2.25734e-007 10.0448
-2.25534e-007 10.0023
-2.25334e-007 9.9229
-2.25134e-007 9.93361
-2.24934e-007 10.052
-2.24734e-007 10.0976
-2.24534e-007 10.0486
-2.24334e-007 10.1062
-2.24134e-007 10.2437
-2.23934e-007 10.2903
-2.23734e-007 10.2254
-2.23534e-007 10.0814
-2.23334e-007 9.94776
-2.23134e-007 9.93015
-2.22934e-007 9.98989
-2.22734e-007 10.0237
-2.22534e-007 10.0237
-2.22334e-007 10.0351
-2.22134e-007 10.062
-2.21934e-007 10.089
-2.21734e-007 10.0779
-2.21534e-007 9.9999
-2.21334e-007 9.9122
-2.21134e-007 9.88838
-2.20934e-007 9.93119
-2.20734e-007 9.99576
-2.20534e-007 10.0234
-2.20334e-007 10.0217
-2.20134e-007 10.013
-2.19934e-007 9.97884
-2.19734e-007 9.95916
-2.19534e-007 9.98643
-2.19334e-007 10.0127
-2.19134e-007 10.0223
-2.18934e-007 10.0496
-2.18734e-007 10.0783
-2.18534e-007 10.0676
-2.18334e-007 10.0434
-2.18134e-007 9.9961
-2.17934e-007 9.91186
-2.17734e-007 9.89943
-2.17534e-007 9.96779
-2.17334e-007 10.0044
-2.17134e-007 9.99161
-2.16934e-007 9.95432
-2.16734e-007 9.93602
-2.16534e-007 9.97573
-2.16334e-007 10.0058
-2.16134e-007 10.0013
-2.15934e-007 10.0227
-2.15734e-007 10.0217
-2.15534e-007 9.94811
-2.15334e-007 9.90184
-2.15134e-007 9.95639
-2.14934e-007 10.0441
-2.14734e-007 10.0641
-2.14534e-007 10.0078
-2.14334e-007 9.92946
-2.14134e-007 9.89079
-2.13934e-007 9.91531
-2.13734e-007 9.95709
-2.13534e-007 9.98333
-2.13334e-007 9.96675
-2.13134e-007 9.95294
-2.12934e-007 9.98781
-2.12734e-007 9.99334
-2.12534e-007 9.99299
-2.12334e-007 10.0683
-2.12134e-007 10.1491
-2.11934e-007 10.1825
-2.11734e-007 10.1995
-2.11534e-007 10.185
-2.11334e-007 10.1422
-2.11134e-007 10.1114
-2.10934e-007 10.0721
-2.10734e-007 10.0251
-2.10534e-007 10.0327
-2.10334e-007 10.0624
-2.10134e-007 10.0355
-2.09934e-007 10.0265
-2.09734e-007 10.1107
-2.09534e-007 10.1639
-2.09334e-007 10.0969
-2.09134e-007 10.0023
-2.08934e-007 9.9305
-2.08734e-007 9.88354
-2.08534e-007 9.9229
-2.08334e-007 10.0714
-2.08134e-007 10.205
-2.07934e-007 10.1763
-2.07734e-007 10.0572
-2.07534e-007 9.99817
-2.07334e-007 9.95467
-2.07134e-007 9.85937
-2.06934e-007 9.82934
-2.06734e-007 9.91772
-2.06534e-007 9.9999
-2.06334e-007 10.0061
-2.06134e-007 9.98091
-2.05934e-007 10.0272
-2.05734e-007 10.118
-2.05534e-007 10.0444
-2.05334e-007 9.84556
-2.05134e-007 9.79584
-2.04934e-007 9.88147
-2.04734e-007 9.9229
-2.04534e-007 9.90426
-2.04334e-007 9.87457
-2.04134e-007 9.89425
-2.03934e-007 9.98747
-2.03734e-007 10.0772
-2.03534e-007 10.1294
-2.03334e-007 10.1611
-2.03134e-007 10.1453
-2.02934e-007 10.108
-2.02734e-007 10.0911
-2.02534e-007 10.0437
-2.02334e-007 9.96675
-2.02134e-007 9.93533
-2.01934e-007 9.98367
-2.01734e-007 10.0855
-2.01534e-007 10.1242
-2.01334e-007 10.0362
-2.01134e-007 9.95156
-2.00934e-007 9.97746
-2.00734e-007 10.0472
-2.00534e-007 10.0589
-2.00334e-007 10.0275
-2.00134e-007 10.0365
-1.99934e-007 10.0948
-1.99734e-007 10.1328
-1.99534e-007 10.1138
-1.99334e-007 10.0738
-1.99134e-007 10.0134
-1.98934e-007 9.9084
-1.98734e-007 9.86006
-1.98534e-007 9.99955
-1.98334e-007 10.1712
-1.98134e-007 10.1018
-1.97934e-007 9.89977
-1.97734e-007 9.839
-1.97534e-007 9.91116
-1.97334e-007 9.98471
-1.97134e-007 10.0144
-1.96934e-007 10.0437
-1.96734e-007 10.1107
-1.96534e-007 10.168
-1.96334e-007 10.1967
-1.96134e-007 10.2098
-1.95934e-007 10.195
-1.95734e-007 10.1857
-1.95534e-007 10.1995
-1.95334e-007 10.1308
-1.95134e-007 9.9381
-1.94934e-007 9.80966
-1.94734e-007 9.84453
-1.94534e-007 9.89701
-1.94334e-007 9.89839
-1.94134e-007 9.90253
-1.93934e-007 9.90529
-1.93734e-007 9.8939
-1.93534e-007 9.88907
-1.93334e-007 9.88078
-1.93134e-007 9.8901
-1.92934e-007 9.96157
-1.92734e-007 10.0589
-1.92534e-007 10.0886
-1.92334e-007 10.0437
-1.92134e-007 10.0206
-1.91934e-007 10.0299
-1.91734e-007 10.0403
-1.91534e-007 10.0724
-1.91334e-007 10.08
-1.91134e-007 9.98402
-1.90934e-007 9.85109
-1.90734e-007 9.87284
-1.90534e-007 10.0351
-1.90334e-007 10.1007
-1.90134e-007 10.0213
-1.89934e-007 9.94224
-1.89734e-007 9.93533
-1.89534e-007 9.94811
-1.89334e-007 9.94155
-1.89134e-007 9.97815
-1.88934e-007 10.0589
-1.88734e-007 10.0624
-1.88534e-007 10.0027
-1.88334e-007 10.0051
-1.88134e-007 10.0389
-1.87934e-007 10.0258
-1.87734e-007 9.98747
-1.87534e-007 9.93637
-1.87334e-007 9.89943
-1.87134e-007 9.94776
-1.86934e-007 10.0199
-1.86734e-007 10.0151
-1.86534e-007 10.0106
-1.86334e-007 10.0783
-1.86134e-007 10.147
-1.85934e-007 10.1459
-1.85734e-007 10.079
-1.85534e-007 9.98229
-1.85334e-007 9.90771
-1.85134e-007 9.89321
-1.84934e-007 9.945
-1.84734e-007 10.0638
-1.84534e-007 10.1511
-1.84334e-007 10.1069
-1.84134e-007 10.0306
-1.83934e-007 10.0127
-1.83734e-007 10.0434
-1.83534e-007 10.1128
-1.83334e-007 10.1577
-1.83134e-007 10.138
-1.82934e-007 10.0734
-1.82734e-007 9.99437
-1.82534e-007 9.95709
-1.82334e-007 9.98194
-1.82134e-007 10.0127
-1.81934e-007 10.0237
-1.81734e-007 10.0282
-1.81534e-007 9.98298
-1.81334e-007 9.91151
-1.81134e-007 9.94707
-1.80934e-007 10.0603
-1.80734e-007 10.1059
-1.80534e-007 10.0924
-1.80334e-007 10.0859
-1.80134e-007 10.1118
-1.79934e-007 10.177
-1.79734e-007 10.2229
-1.79534e-007 10.1939
-1.79334e-007 10.1256
-1.79134e-007 10.0703
-1.78934e-007 10.0099
-1.78734e-007 9.90875
-1.78534e-007 9.83969
-1.78334e-007 9.90495
-1.78134e-007 10.0261
-1.77934e-007 10.0417
-1.77734e-007 9.99437
-1.77534e-007 9.99783
-1.77334e-007 9.99507
-1.77134e-007 9.93671
-1.76934e-007 9.92877
-1.76734e-007 10.0451
-1.76534e-007 10.1739
-1.76334e-007 10.1646
-1.76134e-007 10.0745
-1.75934e-007 10.0617
-1.75734e-007 10.1118
-1.75534e-007 10.1201
-1.75334e-007 10.1042
-1.75134e-007 10.0862
-1.74934e-007 10.021
-1.74734e-007 9.99334
-1.74534e-007 10.0724
-1.74334e-007 10.0969
-1.74134e-007 10.0103
-1.73934e-007 9.97366
-1.73734e-007 10.0154
-1.73534e-007 10.0403
-1.73334e-007 10.0327
-1.73134e-007 9.97849
-1.72934e-007 9.87629
-1.72734e-007 9.81691
-1.72534e-007 9.8428
-1.72334e-007 9.93533
-1.72134e-007 10.0869
-1.71934e-007 10.1501
-1.71734e-007 10.0431
-1.71534e-007 9.95536
-1.71334e-007 9.96606
-1.71134e-007 9.97642
-1.70934e-007 9.97331
-1.70734e-007 10.0123
-1.70534e-007 10.0821
-1.70334e-007 10.1024
-1.70134e-007 10.0748
-1.69934e-007 10.0924
-1.69734e-007 10.1314
-1.69534e-007 10.05
-1.69334e-007 9.91013
-1.69134e-007 9.91462
-1.68934e-007 10.0299
-1.68734e-007 10.0748
-1.68534e-007 10.0044
-1.68334e-007 9.91324
-1.68134e-007 9.8977
-1.67934e-007 9.95605
-1.67734e-007 10.0116
-1.67534e-007 10.0199
-1.67334e-007 10.0154
-1.67134e-007 10.0344
-1.66934e-007 10.0538
-1.66734e-007 10.0427
-1.66534e-007 9.9778
-1.66334e-007 9.88354
-1.66134e-007 9.85281
-1.65934e-007 9.90702
-1.65734e-007 9.97746
-1.65534e-007 10.003
-1.65334e-007 9.95501
-1.65134e-007 9.88769
-1.64934e-007 9.9046
-1.64734e-007 9.98816
-1.64534e-007 10.052
-1.64334e-007 10.099
-1.64134e-007 10.1163
-1.63934e-007 10.0962
-1.63734e-007 10.1173
-1.63534e-007 10.1432
-1.63334e-007 10.1221
-1.63134e-007 10.1387
-1.62934e-007 10.1422
-1.62734e-007 10.0603
-1.62534e-007 9.99852
-1.62334e-007 9.9526
-1.62134e-007 9.89114
-1.61934e-007 9.92843
-1.61734e-007 9.97297
-1.61534e-007 9.88561
-1.61334e-007 9.86214
-1.61134e-007 9.97469
-1.60934e-007 10.0303
-1.60734e-007 10.0075
-1.60534e-007 9.99403
-1.60334e-007 10.0431
-1.60134e-007 10.1404
-1.59934e-007 10.156
-1.59734e-007 10.0945
-1.59534e-007 10.0817
-1.59334e-007 10.0676
-1.59134e-007 10.0106
-1.58934e-007 10.0068
-1.58734e-007 10.0147
-1.58534e-007 9.96261
-1.58334e-007 9.9526
-1.58134e-007 10.0337
-1.57934e-007 10.0966
-1.57734e-007 10.0448
-1.57534e-007 9.94086
-1.57334e-007 9.92601
-1.57134e-007 9.95709
-1.56934e-007 9.91531
-1.56734e-007 9.87836
-1.56534e-007 9.92532
-1.56334e-007 9.95363
-1.56134e-007 9.91255
-1.55934e-007 9.92221
-1.55734e-007 10.0068
-1.55534e-007 10.0313
-1.55334e-007 9.97642
-1.55134e-007 9.95122
-1.54934e-007 10.0179
-1.54734e-007 10.1245
-1.54534e-007 10.1473
-1.54334e-007 10.0638
-1.54134e-007 9.99748
-1.53934e-007 10.0275
-1.53734e-007 10.0814
-1.53534e-007 10.0541
-1.53334e-007 9.96054
-1.53134e-007 9.92877
-1.52934e-007 10.0386
-1.52734e-007 10.1504
-1.52534e-007 10.1045
-1.52334e-007 9.99679
-1.52134e-007 9.95812
-1.51934e-007 9.97159
-1.51734e-007 10.0196
-1.51534e-007 10.0955
-1.51334e-007 10.1373
-1.51134e-007 10.0928
-1.50934e-007 10.0103
-1.50734e-007 10.0099
-1.50534e-007 10.0931
-1.50334e-007 10.0759
-1.50134e-007 9.8977
-1.49934e-007 9.79067
-1.49734e-007 9.88354
-1.49534e-007 9.9816
-1.49334e-007 9.9892
-1.49134e-007 10.0134
-1.48934e-007 10.0548
-1.48734e-007 10.0496
-1.48534e-007 9.98989
-1.48334e-007 9.97262
-1.48134e-007 10.108
-1.47934e-007 10.2357
-1.47734e-007 10.1753
-1.47534e-007 10.0469
-1.47334e-007 9.974
-1.47134e-007 9.99368
-1.46934e-007 10.1211
-1.46734e-007 10.2537
-1.46534e-007 10.2647
-1.46334e-007 10.148
-1.46134e-007 10.0206
-1.45934e-007 9.98678
-1.45734e-007 10.0507
-1.45534e-007 10.1135
-1.45334e-007 10.0783
-1.45134e-007 9.99058
-1.44934e-007 9.93154
-1.44734e-007 9.90944
-1.44534e-007 9.92014
-1.44334e-007 9.95225
-1.44134e-007 9.98022
-1.43934e-007 10.033
-1.43734e-007 10.1076
-1.43534e-007 10.1042
-1.43334e-007 10.012
-1.43134e-007 9.89666
-1.42934e-007 9.8138
-1.42734e-007 9.85696
-1.42534e-007 9.96399
-1.42334e-007 9.99334
-1.42134e-007 10.0096
-1.41934e-007 10.0513
-1.41734e-007 10.0393
-1.41534e-007 10.0203
-1.41334e-007 10.0303
-1.41134e-007 9.97504
-1.40934e-007 9.87526
-1.40734e-007 9.83935
-1.40534e-007 9.88354
-1.40334e-007 9.9305
-1.40134e-007 9.87491
-1.39934e-007 9.78549
-1.39734e-007 9.83072
-1.39534e-007 9.95363
-1.39334e-007 10.0203
-1.39134e-007 10.0327
-1.38934e-007 10.0058
-1.38734e-007 9.98298
-1.38534e-007 10.0075
-1.38334e-007 10.0123
-1.38134e-007 10.0044
-1.37934e-007 10.0551
-1.37734e-007 10.0538
-1.37534e-007 9.90391
-1.37334e-007 9.78859
-1.37134e-007 9.87974
-1.36934e-007 10.0576
-1.36734e-007 10.1366
-1.36534e-007 10.1128
-1.36334e-007 10.0596
-1.36134e-007 9.96537
-1.35934e-007 9.85316
-1.35734e-007 9.84729
-1.35534e-007 9.94845
-1.35334e-007 10.0582
-1.35134e-007 10.1138
-1.34934e-007 10.0524
-1.34734e-007 9.92739
-1.34534e-007 9.8756
-1.34334e-007 9.9229
-1.34134e-007 9.98712
-1.33934e-007 9.97918
-1.33734e-007 9.93292
-1.33534e-007 9.91082
-1.33334e-007 9.90909
-1.33134e-007 9.96952
-1.32934e-007 10.0776
-1.32734e-007 10.1256
-1.32534e-007 10.0721
-1.32334e-007 9.974
-1.32134e-007 9.97193
-1.31934e-007 10.1145
-1.31734e-007 10.2378
-1.31534e-007 10.1953
-1.31334e-007 10.0313
-1.31134e-007 9.88527
-1.30934e-007 9.86041
-1.30734e-007 9.95432
-1.30534e-007 10.0676
-1.30334e-007 10.1152
-1.30134e-007 10.0935
-1.29934e-007 10.0175
-1.29734e-007 9.92463
-1.29534e-007 9.89735
-1.29334e-007 9.9305
-1.29134e-007 9.97055
-1.28934e-007 10.0589
-1.28734e-007 10.1739
-1.28534e-007 10.2264
-1.28334e-007 10.2164
-1.28134e-007 10.1646
-1.27934e-007 10.1087
-1.27734e-007 10.0969
-1.27534e-007 10.0679
-1.27334e-007 9.97331
-1.27134e-007 9.89597
-1.26934e-007 9.87042
-1.26734e-007 9.8428
-1.26534e-007 9.85109
-1.26334e-007 9.91772
-1.26134e-007 9.95881
-1.25934e-007 9.9923
-1.25734e-007 10.0569
-1.25534e-007 10.079
-1.25334e-007 10.0752
-1.25134e-007 10.0897
-1.24934e-007 10.0748
-1.24734e-007 10.0317
-1.24534e-007 9.96813
-1.24334e-007 9.89597
-1.24134e-007 9.89287
-1.23934e-007 9.98125
-1.23734e-007 10.109
-1.23534e-007 10.186
-1.23334e-007 10.1691
-1.23134e-007 10.1283
-1.22934e-007 10.09
-1.22734e-007 10.0258
-1.22534e-007 10.0054
-1.22334e-007 10.0424
-1.22134e-007 10.0279
-1.21934e-007 9.98678
-1.21734e-007 10.0009
-1.21534e-007 10.0092
-1.21334e-007 9.99472
-1.21134e-007 10.0199
-1.20934e-007 10.0669
-1.20734e-007 10.1173
-1.20534e-007 10.1401
-1.20334e-007 10.0876
-1.20134e-007 10.0734
-1.19934e-007 10.1539
-1.19734e-007 10.1525
-1.19534e-007 10.0348
-1.19334e-007 9.98643
-1.19134e-007 10.0234
-1.18934e-007 9.99576
-1.18734e-007 9.94914
-1.18534e-007 9.97711
-1.18334e-007 9.97021
-1.18134e-007 9.87974
-1.17934e-007 9.80827
-1.17734e-007 9.82726
-1.17534e-007 9.92256
-1.17334e-007 9.96779
-1.17134e-007 9.88423
-1.16934e-007 9.83072
-1.16734e-007 9.90978
-1.16534e-007 9.96468
-1.16334e-007 9.89873
-1.16134e-007 9.84729
-1.15934e-007 9.93188
-1.15734e-007 10.0541
-1.15534e-007 10.0855
-1.15334e-007 10.0437
-1.15134e-007 9.9999
-1.14934e-007 9.99023
-1.14734e-007 9.97953
-1.14534e-007 9.9671
-1.14334e-007 10.0317
-1.14134e-007 10.1128
-1.13934e-007 10.0624
-1.13734e-007 9.93015
-1.13534e-007 9.87284
-1.13334e-007 9.87767
-1.13134e-007 9.86352
-1.12934e-007 9.88769
-1.12734e-007 9.98851
-1.12534e-007 10.0251
-1.12334e-007 9.93637
-1.12134e-007 9.91738
-1.11934e-007 10.0534
-1.11734e-007 10.1808
-1.11534e-007 10.1746
-1.11334e-007 10.0431
-1.11134e-007 9.90564
-1.10934e-007 9.87353
-1.10734e-007 9.91911
-1.10534e-007 9.97469
-1.10334e-007 10.0092
-1.10134e-007 10.013
-1.09934e-007 10.0037
-1.09734e-007 10.0002
-1.09534e-007 9.98056
-1.09334e-007 9.92049
-1.09134e-007 9.85212
-1.08934e-007 9.78445
-1.08734e-007 9.74026
-1.08534e-007 9.81311
-1.08334e-007 9.96088
-1.08134e-007 10.0824
-1.07934e-007 10.1491
-1.07734e-007 10.0997
-1.07534e-007 9.98609
-1.07334e-007 9.95605
-1.07134e-007 9.99645
-1.06934e-007 10.0286
-1.06734e-007 10.013
-1.06534e-007 9.92083
-1.06334e-007 9.86317
-1.06134e-007 9.94155
-1.05934e-007 10.0306
-1.05734e-007 10.0527
-1.05534e-007 10.0738
-1.05334e-007 10.0869
-1.05134e-007 10.0627
-1.04934e-007 10.0393
-1.04734e-007 10.0403
-1.04534e-007 10.0486
-1.04334e-007 10.0393
-1.04134e-007 9.97884
-1.03934e-007 9.88492
-1.03734e-007 9.89632
-1.03534e-007 10.0524
-1.03334e-007 10.1428
-1.03134e-007 10.0303
-1.02934e-007 9.86524
-1.02734e-007 9.83037
-1.02534e-007 9.88561
-1.02334e-007 9.87974
-1.02134e-007 9.81242
-1.01934e-007 9.81518
-1.01734e-007 9.90564
-1.01534e-007 9.98851
-1.01334e-007 10.0061
-1.01134e-007 9.98471
-1.00934e-007 10.05
-1.00734e-007 10.2336
-1.00534e-007 10.3051
-1.00334e-007 10.167
-1.00134e-007 10.0555
-9.993402e-008 10.0803
-9.973402e-008 10.1252
-9.953402e-008 10.128
-9.933402e-008 10.1024
-9.913402e-008 10.0942
-9.893402e-008 10.1118
-9.873402e-008 10.0873
-9.853402e-008 10.0286
-9.833402e-008 10.0286
-9.813402e-008 10.071
-9.793402e-008 10.0838
-9.773402e-008 10.0617
-9.753402e-008 10.0182
-9.733402e-008 9.98989
-9.713402e-008 9.97331
-9.693402e-008 9.97677
-9.673402e-008 10.07
-9.653402e-008 10.177
-9.633402e-008 10.2019
-9.613402e-008 10.2071
-9.593402e-008 10.1815
-9.573402e-008 10.0406
-9.553402e-008 9.89252
-9.533402e-008 9.91358
-9.513402e-008 10.0358
-9.493402e-008 10.1093
-9.473402e-008 10.1125
-9.453402e-008 10.0362
-9.433402e-008 9.94569
-9.413402e-008 9.96399
-9.393402e-008 10.0337
-9.373402e-008 10.0372
-9.353402e-008 9.94811
-9.333402e-008 9.83106
-9.313402e-008 9.89943
-9.293402e-008 10.1377
-9.273402e-008 10.2019
-9.253402e-008 10.0741
-9.233402e-008 10.0362
-9.213402e-008 10.0824
-9.193402e-008 10.0427
-9.173402e-008 9.96744
-9.153402e-008 9.94638
-9.133402e-008 9.91082
-9.113402e-008 9.84936
-9.093402e-008 9.87284
-9.073402e-008 10.0006
-9.053402e-008 10.0886
-9.033402e-008 10.0296
-9.013402e-008 9.91565
-8.993402e-008 9.90081
-8.973402e-008 9.96813
-8.953402e-008 9.99299
-8.933402e-008 9.97677
-8.913402e-008 9.94224
-8.893402e-008 9.8718
-8.873402e-008 9.85937
-8.853402e-008 9.945
-8.833402e-008 10.0206
-8.813402e-008 10.0258
-8.793402e-008 10.0358
-8.773402e-008 10.0942
-8.753402e-008 10.0565
-8.733402e-008 9.88044
-8.713402e-008 9.8245
-8.693402e-008 9.95536
-8.673402e-008 10.0154
-8.653402e-008 9.96468
-8.633402e-008 9.92946
-8.613402e-008 9.89425
-8.593402e-008 9.89321
-8.573402e-008 9.98091
-8.553402e-008 10.0541
-8.533402e-008 10.0472
-8.513402e-008 10.0431
-8.493402e-008 10.0572
-8.473402e-008 10.0306
-8.453402e-008 10.0054
-8.433402e-008 10.0393
-8.413402e-008 10.0924
-8.393402e-008 10.0973
-8.373402e-008 10.0482
-8.353402e-008 10.031
-8.333402e-008 10.0759
-8.313402e-008 10.0634
-8.293402e-008 10.0313
-8.273402e-008 10.1242
-8.253402e-008 10.2005
-8.233402e-008 10.1045
-8.213402e-008 9.99196
-8.193402e-008 10.0234
-8.173402e-008 10.1266
-8.153402e-008 10.1473
-8.133402e-008 10.0524
-8.113402e-008 9.94983
-8.093402e-008 9.96054
-8.073402e-008 10.0424
-8.053402e-008 10.0524
-8.033402e-008 10.0158
-8.013402e-008 10.0344
-7.993402e-008 10.0765
-7.973402e-008 10.0503
-7.953402e-008 9.99403
-7.933402e-008 10.0071
-7.913402e-008 10.0313
-7.893402e-008 9.98954
-7.873402e-008 9.96675
-7.853402e-008 10.0185
-7.833402e-008 10.0324
-7.813402e-008 9.9412
-7.793402e-008 9.87353
-7.773402e-008 9.93844
-7.753402e-008 10.0372
-7.733402e-008 10.0237
-7.713402e-008 9.91945
-7.693402e-008 9.84798
-7.673402e-008 9.8611
-7.653402e-008 9.93188
-7.633402e-008 10.0147
-7.613402e-008 10.0724
-7.593402e-008 10.0862
-7.573402e-008 10.0617
-7.553402e-008 10.05
-7.533402e-008 10.0555
-7.513402e-008 10.0172
-7.493402e-008 9.94707
-7.473402e-008 9.93706
-7.453402e-008 10.0451
-7.433402e-008 10.1601
-7.413402e-008 10.1273
-7.393402e-008 10.0341
-7.373402e-008 10.05
-7.353402e-008 10.0669
-7.333402e-008 9.93292
-7.313402e-008 9.81552
-7.293402e-008 9.83521
-7.273402e-008 9.92428
-7.253402e-008 10.0966
-7.233402e-008 10.2336
-7.213402e-008 10.1553
-7.193402e-008 9.99679
-7.173402e-008 9.95294
-7.153402e-008 10.004
-7.133402e-008 10.0437
-7.113402e-008 10.0154
-7.093402e-008 9.9709
-7.073402e-008 9.96744
-7.053402e-008 9.98125
-7.033402e-008 10.0078
-7.013402e-008 10.0227
-6.993402e-008 9.98574
-6.973402e-008 9.96848
-6.953402e-008 10.0092
-6.933402e-008 9.99576
-6.913402e-008 9.92118
-6.893402e-008 9.92325
-6.873402e-008 9.99472
-6.853402e-008 10.0486
-6.833402e-008 10.0852
-6.813402e-008 10.1128
-6.793402e-008 10.1328
-6.773402e-008 10.1415
-6.753402e-008 10.1056
-6.733402e-008 10.0034
-6.713402e-008 9.916
-6.693402e-008 9.92187
-6.673402e-008 9.9854
-6.653402e-008 10.0458
-6.633402e-008 10.0437
-6.613402e-008 10.0013
-6.593402e-008 10.022
-6.573402e-008 10.0772
-6.553402e-008 10.0876
-6.533402e-008 10.0714
-6.513402e-008 10.0313
-6.493402e-008 9.96917
-6.473402e-008 9.97262
-6.453402e-008 10.0824
-6.433402e-008 10.1936
-6.413402e-008 10.2029
-6.393402e-008 10.1473
-6.373402e-008 10.1173
-6.353402e-008 10.1276
-6.333402e-008 10.0966
-6.313402e-008 9.97228
-6.293402e-008 9.87526
-6.273402e-008 9.90806
-6.253402e-008 9.98333
-6.233402e-008 9.99437
-6.213402e-008 9.91738
-6.193402e-008 9.83451
-6.173402e-008 9.85627
-6.153402e-008 9.94604
-6.133402e-008 9.95536
-6.113402e-008 9.87215
-6.093402e-008 9.8756
-6.073402e-008 10.0165
-6.053402e-008 10.1049
-6.033402e-008 10.0296
-6.013402e-008 9.91047
-5.993402e-008 9.91047
-5.973402e-008 10.0168
-5.953402e-008 10.0607
-5.933402e-008 9.98264
-5.913402e-008 9.93188
-5.893402e-008 10.0099
-5.873402e-008 10.0638
-5.853402e-008 9.97608
-5.833402e-008 9.87388
-5.813402e-008 9.86145
-5.793402e-008 9.91358
-5.773402e-008 9.95432
-5.753402e-008 9.94914
-5.733402e-008 9.9343
-5.713402e-008 9.89943
-5.693402e-008 9.86006
-5.673402e-008 9.92394
-5.653402e-008 10.0904
-5.633402e-008 10.1884
-5.613402e-008 10.1311
-5.593402e-008 10.0589
-5.573402e-008 10.0911
-5.553402e-008 10.1156
-5.533402e-008 10.0555
-5.513402e-008 10.0379
-5.493402e-008 10.0652
-5.473402e-008 10.003
-5.453402e-008 9.91634
-5.433402e-008 9.91013
-5.413402e-008 9.93741
-5.393402e-008 9.96813
-5.373402e-008 10.0013
-5.353402e-008 10.0244
-5.333402e-008 10.032
-5.313402e-008 10.0165
-5.293402e-008 10.031
-5.273402e-008 10.118
-5.253402e-008 10.186
-5.233402e-008 10.1674
-5.213402e-008 10.128
-5.193402e-008 10.1453
-5.173402e-008 10.2084
-5.153402e-008 10.2012
-5.133402e-008 10.0776
-5.113402e-008 9.9961
-5.093402e-008 10.0455
-5.073402e-008 10.11
-5.053402e-008 10.1556
-5.033402e-008 10.2147
-5.013402e-008 10.1553
-4.993402e-008 9.98367
-4.973402e-008 9.93706
-4.953402e-008 10.0251
-4.933402e-008 10.1
-4.913402e-008 10.1138
-4.893402e-008 10.0617
-4.873402e-008 9.98609
-4.853402e-008 9.90357
-4.833402e-008 9.8024
-4.813402e-008 9.8062
-4.793402e-008 9.97262
-4.773402e-008 10.08
-4.753402e-008 10.002
-4.733402e-008 9.96296
-4.713402e-008 10.0251
-4.693402e-008 9.98194
-4.673402e-008 9.91047
-4.653402e-008 9.97987
-4.633402e-008 10.0503
-4.613402e-008 9.9816
-4.593402e-008 9.86904
-4.573402e-008 9.87905
-4.553402e-008 10.0413
-4.533402e-008 10.1556
-4.513402e-008 10.06
-4.493402e-008 9.92498
-4.473402e-008 9.91703
-4.453402e-008 9.90564
-4.433402e-008 9.83521
-4.413402e-008 9.83624
-4.393402e-008 9.90564
-4.373402e-008 9.95985
-4.353402e-008 9.97504
-4.333402e-008 9.96261
-4.313402e-008 9.99817
-4.293402e-008 10.0372
-4.273402e-008 9.96123
-4.253402e-008 9.87802
-4.233402e-008 9.90012
-4.213402e-008 9.94673
-4.193402e-008 10.0065
-4.173402e-008 10.0762
-4.153402e-008 10.0037
-4.133402e-008 9.83521
-4.113402e-008 9.83831
-4.093402e-008 10.0296
-4.073402e-008 10.1763
-4.053402e-008 10.1573
-4.033402e-008 10.0707
-4.013402e-008 10.0413
-3.993402e-008 10.0296
-3.973402e-008 9.98989
-3.953402e-008 10.0013
-3.933402e-008 10.0848
-3.913402e-008 10.1408
-3.893402e-008 10.1194
-3.873402e-008 10.0503
-3.853402e-008 9.94914
-3.833402e-008 9.88389
-3.813402e-008 9.91807
-3.793402e-008 10.0047
-3.773402e-008 10.0966
-3.753402e-008 10.0976
-3.733402e-008 10.013
-3.713402e-008 10.0624
-3.693402e-008 10.2195
-3.673402e-008 10.264
-3.653402e-008 10.2236
-3.633402e-008 10.1984
-3.613402e-008 10.1843
-3.593402e-008 10.187
-3.573402e-008 10.1926
-3.553402e-008 10.1494
-3.533402e-008 10.1214
-3.513402e-008 10.1825
-3.493402e-008 10.2233
-3.473402e-008 10.1487
-3.453402e-008 10.0009
-3.433402e-008 9.88009
-3.413402e-008 9.91186
-3.393402e-008 10.0603
-3.373402e-008 10.1397
-3.353402e-008 10.1142
-3.333402e-008 10.0372
-3.313402e-008 9.92463
-3.293402e-008 9.89079
-3.273402e-008 9.98333
-3.253402e-008 10.0458
-3.233402e-008 10.0652
-3.213402e-008 10.1394
-3.193402e-008 10.2147
-3.173402e-008 10.214
-3.153402e-008 10.1235
-3.133402e-008 10.0075
-3.113402e-008 9.92428
-3.093402e-008 9.84763
-3.073402e-008 9.84763
-3.053402e-008 9.96019
-3.033402e-008 10.0185
-3.013402e-008 9.95398
-2.993402e-008 9.90288
-2.973402e-008 9.93257
-2.953402e-008 9.9595
-2.933402e-008 9.91255
-2.913402e-008 9.83313
-2.893402e-008 9.81276
-2.873402e-008 9.86593
-2.853402e-008 9.93257
-2.833402e-008 9.97953
-2.813402e-008 10.0054
-2.793402e-008 9.98885
-2.773402e-008 9.94224
-2.753402e-008 9.92221
-2.733402e-008 9.90978
-2.713402e-008 9.93326
-2.693402e-008 10.0652
-2.673402e-008 10.1781
-2.653402e-008 10.137
-2.633402e-008 9.99886
-2.613402e-008 9.87146
-2.593402e-008 9.86559
-2.573402e-008 9.94914
-2.553402e-008 9.92152
-2.533402e-008 9.81587
-2.513402e-008 9.8794
-2.493402e-008 10.0589
-2.473402e-008 10.1163
-2.453402e-008 10.04
-2.433402e-008 9.95467
-2.413402e-008 9.96606
-2.393402e-008 10.0638
-2.373402e-008 10.1235
-2.353402e-008 10.1308
-2.333402e-008 10.1363
-2.313402e-008 10.0938
-2.293402e-008 10.0013
-2.273402e-008 9.9412
-2.253402e-008 9.92014
-2.233402e-008 9.89908
-2.213402e-008 9.93015
-2.193402e-008 10.0027
-2.173402e-008 9.99368
-2.153402e-008 9.93257
-2.133402e-008 9.90599
-2.113402e-008 9.89701
-2.093402e-008 9.9343
-2.073402e-008 10.0151
-2.053402e-008 10.062
-2.033402e-008 10.0824
-2.013402e-008 10.0969
-1.993402e-008 10.1176
-1.973402e-008 10.1532
-1.953402e-008 10.1363
-1.933402e-008 10.0638
-1.913402e-008 10.0241
-1.893402e-008 10.0147
-1.873402e-008 9.97987
-1.853402e-008 9.99161
-1.833402e-008 10.1173
-1.813402e-008 10.2098
-1.793402e-008 10.1201
-1.773402e-008 9.93913
-1.753402e-008 9.84729
-1.733402e-008 9.88907
-1.713402e-008 9.96434
-1.693402e-008 9.97193
-1.673402e-008 9.93775
-1.653402e-008 9.93637
-1.633402e-008 9.97055
-1.613402e-008 10.0251
-1.593402e-008 10.0427
-1.573402e-008 9.94258
-1.553402e-008 9.82692
-1.533402e-008 9.83486
-1.513402e-008 9.90944
-1.493402e-008 9.92843
-1.473402e-008 9.8535
-1.453402e-008 9.76857
-1.433402e-008 9.82174
-1.413402e-008 9.99955
-1.393402e-008 10.148
-1.373402e-008 10.1905
-1.353402e-008 10.1135
-1.333402e-008 9.98851
-1.313402e-008 9.95329
-1.293402e-008 9.96226
-1.273402e-008 9.887
-1.253402e-008 9.80206
-1.233402e-008 9.83313
-1.213402e-008 9.916
-1.193402e-008 9.9526
-1.173402e-008 9.95778
-1.153402e-008 10.0034
-1.133402e-008 10.0838
-1.113402e-008 10.0841
-1.093402e-008 10.0348
-1.073402e-008 10.031
-1.053402e-008 10.004
-1.033402e-008 9.95087
-1.013402e-008 9.96399
-9.934024e-009 9.96537
-9.734024e-009 9.8939
-9.534024e-009 9.89079
-9.334024e-009 9.93775
-9.134024e-009 9.85454
-8.934024e-009 9.75407
-8.734024e-009 9.87111
-8.534024e-009 10.0655
-8.334024e-009 10.0869
-8.134024e-009 9.97262
-7.934024e-009 9.86593
-7.734024e-009 9.88251
-7.534024e-009 9.9999
-7.334024e-009 10.0527
-7.134024e-009 10.0396
-6.934024e-009 10.0524
-6.734024e-009 10.0631
-6.534024e-009 9.99645
-6.334024e-009 9.82795
-6.134024e-009 9.71816
-5.934024e-009 9.80482
-5.734024e-009 9.93499
-5.534024e-009 9.98851
-5.334024e-009 10.0603
-5.134024e-009 10.157
-4.934024e-009 10.1881
-4.734024e-009 10.1656
-4.534024e-009 10.0734
-4.334024e-009 9.9198
-4.134024e-009 9.91047
-3.934024e-009 10.0914
-3.734024e-009 10.2174
-3.534024e-009 10.1622
-3.334024e-009 10.0265
-3.134024e-009 9.94949
-2.934024e-009 9.98125
-2.734024e-009 10.0489
-2.534024e-009 10.0907
-2.334024e-009 10.1252
-2.134024e-009 10.1131
-1.934024e-009 9.9778
-1.734024e-009 9.7185
-1.534024e-009 9.25239
-1.334024e-009 8.40751
-1.134024e-009 7.21944
-9.340243e-010 5.84768
-7.340243e-010 4.53703
-5.340243e-010 3.56441
-3.340243e-010 2.85557
-1.340243e-010 2.27966
6.597573e-011 1.9589
2.659757e-010 1.83909
4.659757e-010 1.71065
6.659757e-010 1.56874
8.659757e-010 1.44272
1.065976e-009 1.32705
1.265976e-009 1.29563
1.465976e-009 1.29046
1.665976e-009 1.23072
1.865976e-009 1.21104
2.065976e-009 1.23659
2.265976e-009 1.229
2.465976e-009 1.19447
2.665976e-009 1.17548
2.865976e-009 1.19205
3.065976e-009 1.19274
3.265976e-009 1.12093
3.465976e-009 1.08537
3.665976e-009 1.18653
3.865976e-009 1.26491
4.065976e-009 1.29771
4.265976e-009 1.44721
4.465976e-009 1.52213
4.665976e-009 1.36365
4.865976e-009 1.23176
5.065976e-009 1.26836
5.265976e-009 1.3457
5.465976e-009 1.34397
5.665976e-009 1.27285
5.865976e-009 1.22934
6.065976e-009 1.22934
6.265976e-009 1.1993
6.465976e-009 1.18757
6.665976e-009 1.28182
6.865976e-009 1.33948
7.065976e-009 1.29184
7.265976e-009 1.30116
7.465976e-009 1.35606
7.665976e-009 1.34846
7.865976e-009 1.35882
8.065976e-009 1.42131
8.265976e-009 1.41717
8.465976e-009 1.31704
8.665976e-009 1.17686
8.865976e-009 1.12127
9.065976e-009 1.22624
9.265976e-009 1.30012
9.465976e-009 1.24177
9.665976e-009 1.20897
9.865976e-009 1.2214
1.006598e-008 1.19205
1.026598e-008 1.15476
1.046598e-008 1.14199
1.066598e-008 1.09572
1.086598e-008 1.01769
1.106598e-008 1.03979
1.126598e-008 1.18377
1.146598e-008 1.28804
1.166598e-008 1.28355
1.186598e-008 1.24833
1.206598e-008 1.25213
1.226598e-008 1.27699
1.246598e-008 1.23936
1.266598e-008 1.16305
1.286598e-008 1.17306
1.306598e-008 1.22485
1.326598e-008 1.21484
1.346598e-008 1.22555
1.366598e-008 1.33258
1.386598e-008 1.41993
1.406598e-008 1.35709
1.426598e-008 1.21933
1.446598e-008 1.16512
1.466598e-008 1.15062
1.486598e-008 1.08502
1.506598e-008 1.05464
1.526598e-008 1.06776
1.546598e-008 1.01597
1.566598e-008 0.97039
1.586598e-008 1.07225
1.606598e-008 1.23141
1.626598e-008 1.26939
1.646598e-008 1.18446
1.666598e-008 1.05878
1.686598e-008 1.00423
1.706598e-008 1.0719
1.726598e-008 1.14406
1.746598e-008 1.13129
1.766598e-008 1.05947
1.786598e-008 1.00872
1.806598e-008 1.0498
1.826598e-008 1.11264
1.846598e-008 1.11817
1.866598e-008 1.09814
1.886598e-008 1.06948
1.906598e-008 1.04531
1.926598e-008 1.03565
1.946598e-008 0.964175
1.966598e-008 0.832973
1.986598e-008 0.813292
2.006598e-008 0.939661
2.026598e-008 1.02943
2.046598e-008 1.01424
2.066598e-008 0.980058
2.086598e-008 0.987654
2.106598e-008 1.02391
2.126598e-008 1.05464
2.146598e-008 1.08467
2.166598e-008 1.11782
2.186598e-008 1.1085
2.206598e-008 1.0612
2.226598e-008 1.06051
2.246598e-008 1.08813
2.266598e-008 1.07432
2.286598e-008 1.07052
2.306598e-008 1.0971
2.326598e-008 1.11782
2.346598e-008 1.13716
2.366598e-008 1.10436
2.386598e-008 1.02115
2.406598e-008 1.03772
2.426598e-008 1.15994
2.446598e-008 1.19378
2.466598e-008 1.12852
2.486598e-008 1.1085
2.506598e-008 1.1047
2.526598e-008 1.04324
2.546598e-008 0.979022
2.566598e-008 0.979022
2.586598e-008 1.02253
2.606598e-008 1.02425
2.626598e-008 0.954508
2.646598e-008 0.920326
2.666598e-008 1.02115
2.686598e-008 1.17548
2.706598e-008 1.25627
2.726598e-008 1.23107
2.746598e-008 1.12162
2.766598e-008 1.05187
2.786598e-008 1.12162
2.806598e-008 1.2328
2.826598e-008 1.27665
2.846598e-008 1.23141
2.866598e-008 1.1489
2.886598e-008 1.13819
2.906598e-008 1.15235
2.926598e-008 1.06016
2.946598e-008 0.946567
2.966598e-008 0.952436
2.986598e-008 1.04739
3.006598e-008 1.12887
3.026598e-008 1.12265
3.046598e-008 1.0612
3.066598e-008 1.06638
3.086598e-008 1.1123
3.106598e-008 1.10263
3.126598e-008 1.1154
3.146598e-008 1.14648
3.166598e-008 1.0978
3.186598e-008 1.07017
3.206598e-008 1.1009
3.226598e-008 1.06568
3.246598e-008 0.986963
3.266598e-008 0.973498
3.286598e-008 1.01838
3.306598e-008 1.02529
3.326598e-008 0.977986
3.346598e-008 0.971771
3.366598e-008 1.03047
3.386598e-008 1.08433
3.406598e-008 1.10297
3.426598e-008 1.11368
3.446598e-008 1.0902
3.466598e-008 1.01355
3.486598e-008 0.96314
3.506598e-008 0.962104
3.526598e-008 0.977641
3.546598e-008 1.02529
3.566598e-008 1.06879
3.586598e-008 1.05602
3.606598e-008 1.03737
3.626598e-008 1.04773
3.646598e-008 1.05809
3.666598e-008 1.07881
3.686598e-008 1.10436
3.706598e-008 1.10608
3.726598e-008 1.0978
3.746598e-008 1.07363
3.766598e-008 1.0574
3.786598e-008 1.09296
3.806598e-008 1.12127
3.826598e-008 1.07397
3.846598e-008 0.983165
3.866598e-008 0.947948
3.886598e-008 1.02218
3.906598e-008 1.123
3.926598e-008 1.15131
3.946598e-008 1.13785
3.966598e-008 1.14786
3.986598e-008 1.17893
4.006598e-008 1.21829
4.026598e-008 1.21001
4.046598e-008 1.06292
4.066598e-008 0.885454
4.086598e-008 0.910313
4.106598e-008 1.09883
4.126598e-008 1.2145
4.146598e-008 1.17583
4.166598e-008 1.03875
4.186598e-008 0.922052
4.206598e-008 0.96314
4.226598e-008 1.08122
4.246598e-008 1.09227
4.266598e-008 1.05429
4.286598e-008 1.07363
4.306598e-008 1.09469
4.326598e-008 1.10436
4.346598e-008 1.1337
4.366598e-008 1.14061
4.386598e-008 1.14372
4.406598e-008 1.20863
4.426598e-008 1.27354
4.446598e-008 1.21829
4.466598e-008 1.11195
4.486598e-008 1.13025
4.506598e-008 1.21726
4.526598e-008 1.23694
4.546598e-008 1.23452
4.566598e-008 1.19654
4.586598e-008 1.07604
4.606598e-008 1.02632
4.626598e-008 1.10643
4.646598e-008 1.15925
4.666598e-008 1.15753
4.686598e-008 1.16202
4.706598e-008 1.11161
4.726598e-008 1.02667
4.746598e-008 1.04877
4.766598e-008 1.12921
4.786598e-008 1.12473
4.806598e-008 1.08329
4.826598e-008 1.07363
4.846598e-008 1.04117
4.866598e-008 1.01079
4.886598e-008 1.05498
4.906598e-008 1.10228
4.926598e-008 1.07984
4.946598e-008 1.06707
4.966598e-008 1.07225
4.986598e-008 1.01286
5.006598e-008 0.946221
5.026598e-008 0.98869
5.046598e-008 1.12404
5.066598e-008 1.21829
5.086598e-008 1.1703
5.106598e-008 1.04739
5.126598e-008 0.992488
5.146598e-008 1.017
5.166598e-008 1.06327
5.186598e-008 1.1123
5.206598e-008 1.12404
5.226598e-008 1.1009
5.246598e-008 1.1009
5.266598e-008 1.10988
5.286598e-008 1.06845
5.306598e-008 1.00733
5.326598e-008 1.02356
5.346598e-008 1.09365
5.366598e-008 1.10988
5.386598e-008 1.09054
5.406598e-008 1.09089
5.426598e-008 1.06603
5.446598e-008 0.980403
5.466598e-008 0.905479
5.486598e-008 0.93172
5.506598e-008 1.01976
5.526598e-008 1.06016
5.546598e-008 1.0429
5.566598e-008 1.0467
5.586598e-008 1.09918
5.606598e-008 1.1154
5.626598e-008 1.09123
5.646598e-008 1.14406
5.666598e-008 1.23694
5.686598e-008 1.20552
5.706598e-008 1.0315
5.726598e-008 0.898574
5.746598e-008 0.926196
5.766598e-008 1.00043
5.786598e-008 1.01148
5.806598e-008 1.00043
5.826598e-008 1.03806
5.846598e-008 1.09952
5.866598e-008 1.10643
5.886598e-008 1.10953
5.906598e-008 1.17548
5.926598e-008 1.21898
5.946598e-008 1.1665
5.966598e-008 1.06914
5.986598e-008 1.03427
6.006598e-008 1.11057
6.026598e-008 1.19033
6.046598e-008 1.15615
6.066598e-008 1.10677
6.086598e-008 1.1482
6.106598e-008 1.17962
6.126598e-008 1.14095
6.146598e-008 1.09572
6.166598e-008 1.08433
6.186598e-008 1.10643
6.206598e-008 1.11678
6.226598e-008 1.10125
6.246598e-008 1.10366
6.266598e-008 1.11057
6.286598e-008 1.07881
6.306598e-008 1.03254
6.326598e-008 1.03944
6.346598e-008 1.123
6.366598e-008 1.20241
6.386598e-008 1.19965
6.406598e-008 1.18308
6.426598e-008 1.21381
6.446598e-008 1.20863
6.466598e-008 1.11851
6.486598e-008 1.01424
6.506598e-008 0.977986
6.526598e-008 1.02253
6.546598e-008 1.05878
6.566598e-008 1.0101
6.586598e-008 0.970736
6.606598e-008 1.05222
6.626598e-008 1.14786
6.646598e-008 1.11713
6.666598e-008 1.03047
6.686598e-008 0.982129
6.706598e-008 0.974188
6.726598e-008 1.01907
6.746598e-008 1.06879
6.766598e-008 1.05843
6.786598e-008 1.01631
6.806598e-008 0.985237
6.826598e-008 1.00043
6.846598e-008 1.04842
6.866598e-008 1.04739
6.886598e-008 1.04117
6.906598e-008 1.16063
6.926598e-008 1.29149
6.946598e-008 1.22762
6.966598e-008 1.08537
6.986598e-008 1.02011
7.006598e-008 0.971081
7.026598e-008 0.940697
7.046598e-008 0.978331
7.066598e-008 1.06672
7.086598e-008 1.16927
7.106598e-008 1.2069
7.126598e-008 1.1413
7.146598e-008 1.06499
7.166598e-008 1.04152
7.186598e-008 1.03772
7.206598e-008 1.07501
7.226598e-008 1.17583
7.246598e-008 1.22969
7.266598e-008 1.21277
7.286598e-008 1.19033
7.306598e-008 1.12507
7.326598e-008 1.04497
7.346598e-008 1.02909
7.366598e-008 1.04013
7.386598e-008 1.03599
7.406598e-008 1.04117
7.426598e-008 1.08813
7.446598e-008 1.13543
7.466598e-008 1.11264
7.486598e-008 1.12196
7.506598e-008 1.25489
7.526598e-008 1.32947
7.546598e-008 1.21968
7.566598e-008 1.1154
7.586598e-008 1.15442
7.606598e-008 1.22416
7.626598e-008 1.23072
7.646598e-008 1.18687
7.666598e-008 1.13888
7.686598e-008 1.12783
7.706598e-008 1.10712
7.726598e-008 1.04808
7.746598e-008 1.04566
7.766598e-008 1.14233
7.786598e-008 1.20725
7.806598e-008 1.19447
7.826598e-008 1.19102
7.846598e-008 1.16409
7.866598e-008 1.1009
7.886598e-008 1.04531
7.906598e-008 0.98282
7.926598e-008 0.990416
7.946598e-008 1.0902
7.966598e-008 1.17479
7.986598e-008 1.22209
8.006598e-008 1.2328
8.026598e-008 1.17824
8.046598e-008 1.12438
8.066598e-008 1.12576
8.086598e-008 1.11161
8.106598e-008 1.06085
8.126598e-008 1.05947
8.146598e-008 1.09883
8.166598e-008 1.08951
8.186598e-008 1.0284
8.206598e-008 1.01182
8.226598e-008 1.09365
8.246598e-008 1.15856
8.266598e-008 1.11782
8.286598e-008 1.05015
8.306598e-008 1.00008
8.326598e-008 0.962449
8.346598e-008 0.976605
8.366598e-008 1.02598
8.386598e-008 1.06948
8.406598e-008 1.11057
8.426598e-008 1.09952
8.446598e-008 1.02771
8.466598e-008 1.03012
8.486598e-008 1.11126
8.506598e-008 1.12542
8.526598e-008 1.10056
8.546598e-008 1.13301
8.566598e-008 1.18653
8.586598e-008 1.1924
8.606598e-008 1.12127
8.626598e-008 1.03116
8.646598e-008 1.01493
8.666598e-008 1.06189
8.686598e-008 1.09193
8.706598e-008 1.11748
8.726598e-008 1.18239
8.746598e-008 1.20725
8.766598e-008 1.13854
8.786598e-008 1.06396
8.806598e-008 1.07501
8.826598e-008 1.14751
8.846598e-008 1.15511
8.866598e-008 1.07742
8.886598e-008 1.02805
8.906598e-008 1.01804
8.926598e-008 1.02978
8.946598e-008 1.10159
8.966598e-008 1.16512
8.986598e-008 1.13957
9.006598e-008 1.05533
9.026598e-008 0.993869
9.046598e-008 1.04635
9.066598e-008 1.14959
9.086598e-008 1.14233
9.106598e-008 1.13647
9.126598e-008 1.28217
9.146598e-008 1.3892
9.166598e-008 1.29633
9.186598e-008 1.16443
9.206598e-008 1.15615
9.226598e-008 1.19861
9.246598e-008 1.20103
9.266598e-008 1.20794
9.286598e-008 1.25455
9.306598e-008 1.28977
9.326598e-008 1.25282
9.346598e-008 1.16305
9.366598e-008 1.09227
9.386598e-008 1.06638
9.406598e-008 1.08053
9.426598e-008 1.10332
9.446598e-008 1.11609
9.466598e-008 1.16719
9.486598e-008 1.21381
9.506598e-008 1.15718
9.526598e-008 1.07846
9.546598e-008 1.10643
9.566598e-008 1.19723
9.586598e-008 1.24868
9.606598e-008 1.28873
9.626598e-008 1.34121
9.646598e-008 1.30289
9.666598e-008 1.17341
9.686598e-008 1.07915
9.706598e-008 1.08157
9.726598e-008 1.14544
9.746598e-008 1.15269
9.766598e-008 1.04462
9.786598e-008 0.952091
9.806598e-008 1.01458
9.826598e-008 1.15338
9.846598e-008 1.19758
9.866598e-008 1.13163
9.886598e-008 1.0643
9.906598e-008 1.05567
9.926598e-008 1.07501
9.946598e-008 1.09365
9.966598e-008 1.12542
9.986598e-008 1.152
1.00066e-007 1.13923
1.00266e-007 1.13716
1.00466e-007 1.16374
1.00666e-007 1.17341
1.00866e-007 1.21035
1.01066e-007 1.24246
1.01266e-007 1.17479
1.01466e-007 1.1085
1.01666e-007 1.12196
1.01866e-007 1.17065
1.02066e-007 1.26732
1.02266e-007 1.3274
1.02466e-007 1.20517
1.02666e-007 1.0353
1.02866e-007 1.01182
1.03066e-007 1.07294
1.03266e-007 1.0971
1.03466e-007 1.10401
1.03666e-007 1.17617
1.03866e-007 1.26456
1.04066e-007 1.26905
1.04266e-007 1.29529
1.04466e-007 1.42546
1.04666e-007 1.47207
1.04866e-007 1.31048
1.05066e-007 1.08916
1.05266e-007 0.996976
1.05466e-007 1.05153
1.05666e-007 1.11851
1.05866e-007 1.15166
1.06066e-007 1.21657
1.06266e-007 1.24005
1.06466e-007 1.16029
1.06666e-007 1.0826
1.06866e-007 1.08571
1.07066e-007 1.16685
1.07266e-007 1.26767
1.07466e-007 1.2839
1.07666e-007 1.18998
1.07866e-007 1.13301
1.08066e-007 1.20276
1.08266e-007 1.28804
1.08466e-007 1.29046
1.08666e-007 1.20759
1.08866e-007 1.11575
1.09066e-007 1.07052
1.09266e-007 1.04221
1.09466e-007 1.03496
1.09666e-007 1.08502
1.09866e-007 1.15856
1.10066e-007 1.16547
1.10266e-007 1.12093
1.10466e-007 1.1489
1.10666e-007 1.24039
1.10866e-007 1.28217
1.11066e-007 1.25317
1.11266e-007 1.18722
1.11466e-007 1.14372
1.11666e-007 1.19551
1.11866e-007 1.28148
1.12066e-007 1.26939
1.12266e-007 1.15891
1.12466e-007 1.06258
1.12666e-007 1.06914
1.12866e-007 1.15753
1.13066e-007 1.20448
1.13266e-007 1.1451
1.13466e-007 1.08847
1.13666e-007 1.10297
1.13866e-007 1.08295
1.14066e-007 1.02529
1.14266e-007 1.03496
1.14466e-007 1.09158
1.14666e-007 1.12749
1.14866e-007 1.0978
1.15066e-007 1.04359
1.15266e-007 1.09123
1.15466e-007 1.20276
1.15666e-007 1.24419
1.15866e-007 1.18653
1.16066e-007 1.05705
1.16266e-007 0.958306
1.16466e-007 1.03496
1.16666e-007 1.21312
1.16866e-007 1.2656
1.17066e-007 1.17755
1.17266e-007 1.1009
1.17466e-007 1.12991
1.17666e-007 1.21968
1.17866e-007 1.20483
1.18066e-007 1.11368
1.18266e-007 1.1337
1.18466e-007 1.152
1.18666e-007 1.0498
1.18866e-007 1.03012
1.19066e-007 1.11575
1.19266e-007 1.16029
1.19466e-007 1.18722
1.19666e-007 1.18308
1.19866e-007 1.12991
1.20066e-007 1.12438
1.20266e-007 1.15304
1.20466e-007 1.152
1.20666e-007 1.16305
1.20866e-007 1.16823
1.21066e-007 1.06776
1.21266e-007 0.911349
1.21466e-007 0.86163
1.21666e-007 0.941733
1.21866e-007 1.05878
1.22066e-007 1.123
1.22266e-007 1.09434
1.22466e-007 1.03185
1.22666e-007 1.00112
1.22866e-007 1.02322
1.23066e-007 1.11644
1.23266e-007 1.21588
1.23466e-007 1.23867
1.23666e-007 1.20241
1.23866e-007 1.152
1.24066e-007 1.13785
1.24266e-007 1.21553
1.24466e-007 1.31152
1.24666e-007 1.26111
1.24866e-007 1.10228
1.25066e-007 1.03599
1.25266e-007 1.08053
1.25466e-007 1.11471
1.25666e-007 1.0864
1.25866e-007 1.01113
1.26066e-007 0.996631
1.26266e-007 1.09434
1.26466e-007 1.19654
1.26666e-007 1.20656
1.26866e-007 1.13232
1.27066e-007 1.07363
1.27266e-007 1.10263
1.27466e-007 1.17514
1.27666e-007 1.24246
1.27866e-007 1.3053
1.28066e-007 1.32671
1.28266e-007 1.28079
1.28466e-007 1.25904
1.28666e-007 1.2908
1.28866e-007 1.27561
1.29066e-007 1.1817
1.29266e-007 1.06845
1.29466e-007 1.07397
1.29666e-007 1.21242
1.29866e-007 1.2435
1.30066e-007 1.12783
1.30266e-007 1.04808
1.30466e-007 1.02011
1.30666e-007 1.01424
1.30866e-007 1.06327
1.31066e-007 1.12507
1.31266e-007 1.15028
1.31466e-007 1.1924
1.31666e-007 1.2763
1.31866e-007 1.33431
1.32066e-007 1.36849
1.32266e-007 1.38402
1.32466e-007 1.35675
1.32666e-007 1.34259
1.32866e-007 1.33741
1.33066e-007 1.32878
1.33266e-007 1.33845
1.33466e-007 1.30081
1.33666e-007 1.22969
1.33866e-007 1.25179
1.34066e-007 1.36055
1.34266e-007 1.39887
1.34466e-007 1.32947
1.34666e-007 1.2839
1.34866e-007 1.29494
1.35066e-007 1.29115
1.35266e-007 1.31704
1.35466e-007 1.3823
1.35666e-007 1.37367
1.35866e-007 1.30392
1.36066e-007 1.28528
1.36266e-007 1.34743
1.36466e-007 1.42787
1.36666e-007 1.47621
1.36866e-007 1.47621
1.37066e-007 1.40681
1.37266e-007 1.35157
1.37466e-007 1.35778
1.37666e-007 1.33431
1.37866e-007 1.32222
1.38066e-007 1.39231
1.38266e-007 1.43098
1.38466e-007 1.35295
1.38666e-007 1.24868
1.38866e-007 1.25317
1.39066e-007 1.36676
1.39266e-007 1.44445
1.39466e-007 1.39749
1.39666e-007 1.32395
1.39866e-007 1.37263
1.40066e-007 1.50211
1.40266e-007 1.57012
1.40466e-007 1.55908
1.40666e-007 1.51246
1.40866e-007 1.48105
1.41066e-007 1.44307
1.41266e-007 1.3419
1.41466e-007 1.30876
1.41666e-007 1.42028
1.41866e-007 1.52213
1.42066e-007 1.57012
1.42266e-007 1.61846
1.42466e-007 1.57738
1.42666e-007 1.42718
1.42866e-007 1.33741
1.43066e-007 1.39231
1.43266e-007 1.52662
1.43466e-007 1.60465
1.43666e-007 1.55148
1.43866e-007 1.47656
1.44066e-007 1.48312
1.44266e-007 1.52213
1.44466e-007 1.57427
1.44666e-007 1.66576
1.44866e-007 1.64677
1.45066e-007 1.46689
1.45266e-007 1.4037
1.45466e-007 1.52317
1.45666e-007 1.60362
1.45866e-007 1.61846
1.46066e-007 1.6088
1.46266e-007 1.57012
1.46466e-007 1.60431
1.46666e-007 1.69511
1.46866e-007 1.66956
1.47066e-007 1.51937
1.47266e-007 1.40336
1.47466e-007 1.39542
1.47666e-007 1.41924
1.47866e-007 1.40509
1.48066e-007 1.41268
1.48266e-007 1.49796
1.48466e-007 1.55666
1.48666e-007 1.52455
1.48866e-007 1.52731
1.49066e-007 1.58566
1.49266e-007 1.57082
1.49466e-007 1.54457
1.49666e-007 1.5974
1.49866e-007 1.68993
1.50066e-007 1.78937
1.50266e-007 1.78039
1.50466e-007 1.66784
1.50666e-007 1.62468
1.50866e-007 1.65023
1.51066e-007 1.67129
1.51266e-007 1.71169
1.51466e-007 1.78385
1.51666e-007 1.83875
1.51866e-007 1.83253
1.52066e-007 1.769
1.52266e-007 1.70754
1.52466e-007 1.71997
1.52666e-007 1.76658
1.52866e-007 1.7545
1.53066e-007 1.68993
1.53266e-007 1.6302
1.53466e-007 1.61052
1.53666e-007 1.63469
1.53866e-007 1.63711
1.54066e-007 1.61777
1.54266e-007 1.67647
1.54466e-007 1.7583
1.54666e-007 1.75381
1.54866e-007 1.75692
1.55066e-007 1.8277
1.55266e-007 1.86188
1.55466e-007 1.84772
1.55666e-007 1.83288
1.55866e-007 1.81181
1.56066e-007 1.78799
1.56266e-007 1.75415
1.56466e-007 1.7614
1.56666e-007 1.81906
1.56866e-007 1.81354
1.57066e-007 1.75795
1.57266e-007 1.76451
1.57466e-007 1.84151
1.57666e-007 1.89641
1.57866e-007 1.84427
1.58066e-007 1.76486
1.58266e-007 1.79075
1.58466e-007 1.82735
1.58666e-007 1.75139
1.58866e-007 1.72377
1.59066e-007 1.84116
1.59266e-007 1.9002
1.59466e-007 1.84427
1.59666e-007 1.85048
1.59866e-007 1.9078
1.60066e-007 1.86913
1.60266e-007 1.80215
1.60466e-007 1.84979
1.60666e-007 1.94371
1.60866e-007 1.90227
1.61066e-007 1.73516
1.61266e-007 1.68475
1.61466e-007 1.82493
1.61666e-007 1.94095
1.61866e-007 1.93922
1.62066e-007 1.88985
1.62266e-007 1.77901
1.62466e-007 1.70409
1.62666e-007 1.78247
1.62866e-007 1.84427
1.63066e-007 1.8239
1.63266e-007 1.87293
1.63466e-007 1.97582
1.63666e-007 2.03624
1.63866e-007 2.04315
1.64066e-007 2.01587
1.64266e-007 1.9841
1.64466e-007 1.97236
1.64666e-007 1.98997
1.64866e-007 1.98825
1.65066e-007 1.91574
1.65266e-007 1.83702
1.65466e-007 1.86913
1.65666e-007 1.98272
1.65866e-007 2.01898
1.66066e-007 1.93646
1.66266e-007 1.85463
1.66466e-007 1.84669
1.66666e-007 1.88225
1.66866e-007 1.92748
1.67066e-007 1.98445
1.67266e-007 2.04315
1.67466e-007 2.05523
1.67666e-007 1.98514
1.67866e-007 1.8819
1.68066e-007 1.92679
1.68266e-007 2.1412
1.68466e-007 2.26136
1.68666e-007 2.23684
1.68866e-007 2.16951
1.69066e-007 2.03935
1.69266e-007 1.97444
1.69466e-007 2.05178
1.69666e-007 2.07629
1.69866e-007 2.01069
1.70066e-007 2.00344
1.70266e-007 2.02554
1.70466e-007 1.96857
1.70666e-007 1.875
1.70866e-007 1.875
1.71066e-007 1.99446
1.71266e-007 2.10909
1.71466e-007 2.15985
1.71666e-007 2.19368
1.71866e-007 2.19092
1.72066e-007 2.16813
1.72266e-007 2.20611
1.72466e-007 2.27102
1.72666e-007 2.27896
1.72866e-007 2.20439
1.73066e-007 2.09079
1.73266e-007 2.05696
1.73466e-007 2.13913
1.73666e-007 2.17607
1.73866e-007 2.09252
1.74066e-007 2.05247
1.74266e-007 2.10322
1.74466e-007 2.07802
1.74666e-007 1.99515
1.74866e-007 2.01
1.75066e-007 2.09908
1.75266e-007 2.15467
1.75466e-007 2.1633
1.75666e-007 2.19265
1.75866e-007 2.25583
1.76066e-007 2.27827
1.76266e-007 2.24202
1.76466e-007 2.19092
1.76666e-007 2.15432
1.76866e-007 2.18091
1.77066e-007 2.24547
1.77266e-007 2.26792
1.77466e-007 2.26377
1.77666e-007 2.26723
1.77866e-007 2.27068
1.78066e-007 2.24858
1.78266e-007 2.21785
1.78466e-007 2.26999
1.78666e-007 2.3532
1.78866e-007 2.30728
1.79066e-007 2.19748
1.79266e-007 2.20059
1.79466e-007 2.2838
1.79666e-007 2.26446
1.79866e-007 2.16192
1.80066e-007 2.20162
1.80266e-007 2.36114
1.80466e-007 2.40948
1.80666e-007 2.33662
1.80866e-007 2.27689
1.81066e-007 2.25203
1.81266e-007 2.21889
1.81466e-007 2.20404
1.81666e-007 2.28622
1.81866e-007 2.40637
1.82066e-007 2.36287
1.82266e-007 2.19748
1.82466e-007 2.19299
1.82666e-007 2.38116
1.82866e-007 2.51893
1.83066e-007 2.48682
1.83266e-007 2.42053
1.83466e-007 2.44642
1.83666e-007 2.45678
1.83866e-007 2.31798
1.84066e-007 2.15812
1.84266e-007 2.15363
1.84466e-007 2.23891
1.84666e-007 2.29726
1.84866e-007 2.33006
1.85066e-007 2.37737
1.85266e-007 2.44884
1.85466e-007 2.46852
1.85666e-007 2.37426
1.85866e-007 2.28242
1.86066e-007 2.30728
1.86266e-007 2.36839
1.86466e-007 2.38807
1.86666e-007 2.40637
1.86866e-007 2.46196
1.87066e-007 2.56243
1.87266e-007 2.63183
1.87466e-007 2.56657
1.87666e-007 2.48923
1.87866e-007 2.56485
1.88066e-007 2.64978
1.88266e-007 2.59454
1.88466e-007 2.51409
1.88666e-007 2.49821
1.88866e-007 2.50961
1.89066e-007 2.52756
1.89266e-007 2.50719
1.89466e-007 2.43952
1.89666e-007 2.43503
1.89866e-007 2.49027
1.90066e-007 2.49787
1.90266e-007 2.46921
1.90466e-007 2.4257
1.90666e-007 2.38876
1.90866e-007 2.44538
1.91066e-007 2.59696
1.91266e-007 2.73645
1.91466e-007 2.74232
1.91666e-007 2.58902
1.91866e-007 2.47301
1.92066e-007 2.55449
1.92266e-007 2.65289
1.92466e-007 2.62044
1.92666e-007 2.59799
1.92866e-007 2.627
1.93066e-007 2.63321
1.93266e-007 2.62423
1.93466e-007 2.56519
1.93666e-007 2.47197
1.93866e-007 2.44987
1.94066e-007 2.48544
1.94266e-007 2.52445
1.94466e-007 2.55725
1.94666e-007 2.50063
1.94866e-007 2.38324
1.95066e-007 2.4081
1.95266e-007 2.50132
1.95466e-007 2.45505
1.95666e-007 2.41707
1.95866e-007 2.51064
1.96066e-007 2.57762
1.96266e-007 2.55415
1.96466e-007 2.5248
1.96666e-007 2.54724
1.96866e-007 2.59765
1.97066e-007 2.61664
1.97266e-007 2.62769
1.97466e-007 2.68051
1.97666e-007 2.74991
1.97866e-007 2.74404
1.98066e-007 2.65289
1.98266e-007 2.59316
1.98466e-007 2.59454
1.98666e-007 2.58142
1.98866e-007 2.54137
1.99066e-007 2.55449
1.99266e-007 2.67119
1.99466e-007 2.75993
1.99666e-007 2.70503
1.99866e-007 2.67913
2.00066e-007 2.79135
2.00266e-007 2.84866
2.00466e-007 2.73956
2.00666e-007 2.64081
2.00866e-007 2.71366
2.01066e-007 2.81517
2.01266e-007 2.7658
2.01466e-007 2.7033
2.01666e-007 2.81172
2.01866e-007 2.95777
2.02066e-007 2.92324
2.02266e-007 2.79583
2.02466e-007 2.7803
2.02666e-007 2.84176
2.02866e-007 2.88664
2.03066e-007 2.91185
2.03266e-007 2.88422
2.03466e-007 2.81275
2.03666e-007 2.78755
2.03866e-007 2.85902
2.04066e-007 2.97745
2.04266e-007 3.0244
2.04466e-007 2.96709
2.04666e-007 2.92289
2.04866e-007 2.93014
2.05066e-007 2.88146
2.05266e-007 2.78444
2.05466e-007 2.74681
2.05666e-007 2.76787
2.05866e-007 2.80757
2.06066e-007 2.80136
2.06266e-007 2.71987
2.06466e-007 2.69536
2.06666e-007 2.73817
2.06866e-007 2.72678
2.07066e-007 2.73886
2.07266e-007 2.87974
2.07466e-007 3.04339
2.07666e-007 3.08172
2.07866e-007 2.99609
2.08066e-007 2.91426
2.08266e-007 2.90736
2.08466e-007 2.94326
2.08666e-007 2.9443
2.08866e-007 2.84452
2.09066e-007 2.72333
2.09266e-007 2.7506
2.09466e-007 2.91012
2.09666e-007 2.99506
2.09866e-007 2.97779
2.10066e-007 3.01163
2.10266e-007 3.0213
2.10466e-007 2.91357
2.10666e-007 2.84141
2.10866e-007 2.84486
2.11066e-007 2.83658
2.11266e-007 2.80792
2.11466e-007 2.77961
2.11666e-007 2.82346
2.11866e-007 2.95708
2.12066e-007 3.05202
2.12266e-007 3.03718
2.12466e-007 2.96916
2.12666e-007 2.96502
2.12866e-007 3.07516
2.13066e-007 3.13454
2.13266e-007 3.01646
2.13466e-007 2.85936
2.13666e-007 2.80654
2.13866e-007 2.84176
2.14066e-007 2.9008
2.14266e-007 2.92842
2.14466e-007 2.89596
2.14666e-007 2.83278
2.14866e-007 2.80205
2.15066e-007 2.86765
2.15266e-007 3.01957
2.15466e-007 3.1235
2.15666e-007 3.11694
2.15866e-007 3.08172
2.16066e-007 3.0099
2.16266e-007 2.89942
2.16466e-007 2.90839
2.16666e-007 3.02544
2.16866e-007 3.04857
2.17066e-007 2.93774
2.17266e-007 2.85108
2.17466e-007 2.91668
2.17666e-007 3.05479
2.17866e-007 3.08655
2.18066e-007 3.01681
2.18266e-007 2.99609
2.18466e-007 3.03752
2.18666e-007 3.0572
2.18866e-007 3.05893
2.19066e-007 3.0648
2.19266e-007 3.06653
2.19466e-007 3.03269
2.19666e-007 2.98746
2.19866e-007 3.04995
2.20066e-007 3.18495
2.20266e-007 3.2509
2.20466e-007 3.22673
2.20666e-007 3.19842
2.20866e-007 3.23226
2.21066e-007 3.21016
2.21266e-007 3.09104
2.21466e-007 3.06998
2.21666e-007 3.15975
2.21866e-007 3.16217
2.22066e-007 3.07481
2.22266e-007 3.0686
2.22466e-007 3.13109
2.22666e-007 3.11935
2.22866e-007 3.01612
2.23066e-007 2.97572
2.23266e-007 3.10796
2.23466e-007 3.29613
2.23666e-007 3.42043
2.23866e-007 3.45357
2.24066e-007 3.4149
2.24266e-007 3.38245
2.24466e-007 3.35379
2.24666e-007 3.29993
2.24866e-007 3.25815
2.25066e-007 3.20774
2.25266e-007 3.14939
2.25466e-007 3.18979
2.25666e-007 3.27818
2.25866e-007 3.23744
2.26066e-007 3.12695
2.26266e-007 3.10658
2.26466e-007 3.12764
2.26666e-007 3.09518
2.26866e-007 3.05375
2.27066e-007 3.05202
2.27266e-007 3.08724
2.27466e-007 3.15319
2.27666e-007 3.19566
2.27866e-007 3.17667
2.28066e-007 3.17839
2.28266e-007 3.24192
2.28466e-007 3.25159
2.28666e-007 3.22121
2.28866e-007 3.27438
2.29066e-007 3.29337
2.29266e-007 3.1815
2.29466e-007 3.11555
2.29666e-007 3.167
2.29866e-007 3.24883
2.30066e-007 3.33273
2.30266e-007 3.36622
2.30466e-007 3.2951
2.30666e-007 3.20671
2.30866e-007 3.23571
2.31066e-007 3.37382
2.31266e-007 3.4957
2.31466e-007 3.50985
2.31666e-007 3.40938
2.31866e-007 3.30822
2.32066e-007 3.33204
2.32266e-007 3.40662
2.32466e-007 3.39868
2.32666e-007 3.32582
2.32866e-007 3.26229
2.33066e-007 3.24503
2.33266e-007 3.30338
2.33466e-007 3.4149
2.33666e-007 3.44287
2.33866e-007 3.31512
2.34066e-007 3.24296
2.34266e-007 3.38521
2.34466e-007 3.48948
2.34666e-007 3.37313
2.34866e-007 3.29924
2.35066e-007 3.46152
2.35266e-007 3.63864
2.35466e-007 3.59514
2.35666e-007 3.45496
2.35866e-007 3.46082
2.36066e-007 3.57822
2.36266e-007 3.63381
2.36466e-007 3.59962
2.36666e-007 3.54921
2.36866e-007 3.52435
2.37066e-007 3.51123
2.37266e-007 3.52505
2.37466e-007 3.58823
2.37666e-007 3.6376
2.37866e-007 3.57718
2.38066e-007 3.43148
2.38266e-007 3.36104
2.38466e-007 3.40972
2.38666e-007 3.43666
2.38866e-007 3.41525
2.39066e-007 3.45392
2.39266e-007 3.53057
2.39466e-007 3.53126
2.39666e-007 3.50502
2.39866e-007 3.53057
2.40066e-007 3.49466
2.40266e-007 3.38487
2.40466e-007 3.3607
2.40666e-007 3.41318
2.40866e-007 3.44736
2.41066e-007 3.47222
2.41266e-007 3.5026
2.41466e-007 3.49432
2.41666e-007 3.43735
2.41866e-007 3.42181
2.42066e-007 3.50226
2.42266e-007 3.57753
2.42466e-007 3.53022
2.42666e-007 3.41249
2.42866e-007 3.34792
2.43066e-007 3.34516
2.43266e-007 3.33135
2.43466e-007 3.32548
2.43666e-007 3.41559
2.43866e-007 3.53575
2.44066e-007 3.53333
2.44266e-007 3.45875
2.44466e-007 3.49224
2.44666e-007 3.62932
2.44866e-007 3.70562
2.45066e-007 3.62863
2.45266e-007 3.46946
2.45466e-007 3.42319
2.45666e-007 3.5171
2.45866e-007 3.5506
2.46066e-007 3.50433
2.46266e-007 3.50122
2.46466e-007 3.49604
2.46666e-007 3.45047
2.46866e-007 3.46911
2.47066e-007 3.5575
2.47266e-007 3.57994
2.47466e-007 3.53402
2.47666e-007 3.53471
2.47866e-007 3.56337
2.48066e-007 3.50606
2.48266e-007 3.41042
2.48466e-007 3.46462
2.48666e-007 3.65832
2.48866e-007 3.77847
2.49066e-007 3.7512
2.49266e-007 3.67144
2.49466e-007 3.64693
2.49666e-007 3.68836
2.49866e-007 3.66557
2.50066e-007 3.53264
2.50266e-007 3.45254
2.50466e-007 3.51641
2.50666e-007 3.65072
2.50866e-007 3.79125
2.51066e-007 3.85823
2.51266e-007 3.80161
2.51466e-007 3.70769
2.51666e-007 3.67627
2.51866e-007 3.70873
2.52066e-007 3.70666
