-2.480278e-007 10.1546
-2.478278e-007 10.0379
-2.476278e-007 9.97677
-2.474278e-007 9.96468
-2.472278e-007 10.0009
-2.470278e-007 10.1031
-2.468278e-007 10.1573
-2.466278e-007 10.1073
-2.464278e-007 10.0189
-2.462278e-007 9.96468
-2.460278e-007 9.98781
-2.458278e-007 10.0451
-2.456278e-007 10.0876
-2.454278e-007 10.1477
-2.452278e-007 10.2091
-2.450278e-007 10.1446
-2.448278e-007 9.94914
-2.446278e-007 9.87422
-2.444278e-007 10.0268
-2.442278e-007 10.166
-2.440278e-007 10.1232
-2.438278e-007 10.0189
-2.436278e-007 10.003
-2.434278e-007 10.0341
-2.432278e-007 10.0582
-2.430278e-007 10.0765
-2.428278e-007 10.0313
-2.426278e-007 9.97711
-2.424278e-007 9.97538
-2.422278e-007 9.94949
-2.420278e-007 9.93948
-2.418278e-007 10.0327
-2.416278e-007 10.1549
-2.414278e-007 10.1846
-2.412278e-007 10.1097
-2.410278e-007 10.0334
-2.408278e-007 10.0462
-2.406278e-007 10.1304
-2.404278e-007 10.1636
-2.402278e-007 10.0683
-2.400278e-007 9.94949
-2.398278e-007 9.92256
-2.396278e-007 9.96434
-2.394278e-007 10.0286
-2.392278e-007 10.1328
-2.390278e-007 10.2557
-2.388278e-007 10.2513
-2.386278e-007 10.1211
-2.384278e-007 10.06
-2.382278e-007 10.0424
-2.380278e-007 9.95639
-2.378278e-007 9.87664
-2.376278e-007 9.8687
-2.374278e-007 9.92532
-2.372278e-007 10.0213
-2.370278e-007 10.1211
-2.368278e-007 10.1656
-2.366278e-007 10.137
-2.364278e-007 10.1249
-2.362278e-007 10.1328
-2.360278e-007 10.0734
-2.358278e-007 9.98436
-2.356278e-007 9.93188
-2.354278e-007 9.94431
-2.352278e-007 10.052
-2.350278e-007 10.1266
-2.348278e-007 10.0044
-2.346278e-007 9.85143
-2.344278e-007 9.85627
-2.342278e-007 9.89908
-2.340278e-007 9.91807
-2.338278e-007 9.96365
-2.336278e-007 9.99576
-2.334278e-007 10.0123
-2.332278e-007 9.98609
-2.330278e-007 9.87388
-2.328278e-007 9.81242
-2.326278e-007 9.85316
-2.324278e-007 9.89701
-2.322278e-007 9.99334
-2.320278e-007 10.1539
-2.318278e-007 10.1974
-2.316278e-007 10.0589
-2.314278e-007 9.91289
-2.312278e-007 9.94707
-2.310278e-007 10.1059
-2.308278e-007 10.1874
-2.306278e-007 10.1477
-2.304278e-007 10.0658
-2.302278e-007 9.97815
-2.300278e-007 9.94397
-2.298278e-007 10.0158
-2.296278e-007 10.0942
-2.294278e-007 10.0938
-2.292278e-007 10.0672
-2.290278e-007 10.05
-2.288278e-007 10.0755
-2.286278e-007 10.177
-2.284278e-007 10.2457
-2.282278e-007 10.2005
-2.280278e-007 10.1739
-2.278278e-007 10.2164
-2.276278e-007 10.2064
-2.274278e-007 10.1321
-2.272278e-007 10.0462
-2.270278e-007 9.945
-2.268278e-007 9.85178
-2.266278e-007 9.81
-2.264278e-007 9.83728
-2.262278e-007 9.92428
-2.260278e-007 10.0085
-2.258278e-007 10.0179
-2.256278e-007 9.99299
-2.254278e-007 10.0275
-2.252278e-007 10.1031
-2.250278e-007 10.1487
-2.248278e-007 10.1052
-2.246278e-007 9.99955
-2.244278e-007 9.96952
-2.242278e-007 10.0289
-2.240278e-007 10.0679
-2.238278e-007 10.0261
-2.236278e-007 9.9229
-2.234278e-007 9.88216
-2.232278e-007 9.95881
-2.230278e-007 9.99679
-2.228278e-007 9.95881
-2.226278e-007 9.98885
-2.224278e-007 10.0251
-2.222278e-007 10.0037
-2.220278e-007 10.0496
-2.218278e-007 10.1397
-2.216278e-007 10.1535
-2.214278e-007 10.0942
-2.212278e-007 10.0061
-2.210278e-007 9.93223
-2.208278e-007 9.95881
-2.206278e-007 10.0358
-2.204278e-007 10.0175
-2.202278e-007 9.96226
-2.200278e-007 9.974
-2.198278e-007 10.0413
-2.196278e-007 10.1239
-2.194278e-007 10.1283
-2.192278e-007 10.0365
-2.190278e-007 9.96226
-2.188278e-007 9.95916
-2.186278e-007 10.0261
-2.184278e-007 10.1024
-2.182278e-007 10.0714
-2.180278e-007 10.0023
-2.178278e-007 10.0469
-2.176278e-007 10.119
-2.174278e-007 10.0928
-2.172278e-007 10.0372
-2.170278e-007 10.0189
-2.168278e-007 9.99921
-2.166278e-007 9.97573
-2.164278e-007 10.0175
-2.162278e-007 10.1384
-2.160278e-007 10.1967
-2.158278e-007 10.0759
-2.156278e-007 9.92946
-2.154278e-007 9.94673
-2.152278e-007 10.013
-2.150278e-007 9.97055
-2.148278e-007 9.92118
-2.146278e-007 9.96537
-2.144278e-007 10.0192
-2.142278e-007 10.031
-2.140278e-007 10.0279
-2.138278e-007 9.98056
-2.136278e-007 9.90012
-2.134278e-007 9.90046
-2.132278e-007 9.99368
-2.130278e-007 10.0344
-2.128278e-007 9.92705
-2.126278e-007 9.81276
-2.124278e-007 9.8901
-2.122278e-007 10.0641
-2.120278e-007 10.1142
-2.118278e-007 10.0486
-2.116278e-007 9.99127
-2.114278e-007 10.0082
-2.112278e-007 10.0652
-2.110278e-007 10.0337
-2.108278e-007 9.89321
-2.106278e-007 9.81449
-2.104278e-007 9.90288
-2.102278e-007 10.0558
-2.100278e-007 10.1283
-2.098278e-007 10.1114
-2.096278e-007 10.1059
-2.094278e-007 10.1888
-2.092278e-007 10.2516
-2.090278e-007 10.1449
-2.088278e-007 10.0113
-2.086278e-007 10.0279
-2.084278e-007 10.09
-2.082278e-007 10.0572
-2.080278e-007 9.98022
-2.078278e-007 10.0113
-2.076278e-007 10.1363
-2.074278e-007 10.1546
-2.072278e-007 10.062
-2.070278e-007 10.0272
-2.068278e-007 9.99507
-2.066278e-007 9.88458
-2.064278e-007 9.85696
-2.062278e-007 9.95225
-2.060278e-007 10.0027
-2.058278e-007 9.99507
-2.056278e-007 10.0427
-2.054278e-007 10.1618
-2.052278e-007 10.2616
-2.050278e-007 10.2433
-2.048278e-007 10.1497
-2.046278e-007 10.1056
-2.044278e-007 10.1128
-2.042278e-007 10.0959
-2.040278e-007 10.0531
-2.038278e-007 10.0341
-2.036278e-007 10.0424
-2.034278e-007 10.0292
-2.032278e-007 9.98816
-2.030278e-007 9.98989
-2.028278e-007 10.0161
-2.026278e-007 9.99023
-2.024278e-007 9.96123
-2.022278e-007 9.96123
-2.020278e-007 9.89459
-2.018278e-007 9.79446
-2.016278e-007 9.87111
-2.014278e-007 10.0741
-2.012278e-007 10.1128
-2.010278e-007 9.98954
-2.008278e-007 9.90633
-2.006278e-007 9.91289
-2.004278e-007 9.9633
-2.002278e-007 10.0413
-2.000278e-007 10.1152
-1.998278e-007 10.1031
-1.996278e-007 10.031
-1.994278e-007 10.0344
-1.992278e-007 10.1056
-1.990278e-007 10.0828
-1.988278e-007 9.97262
-1.986278e-007 9.97815
-1.984278e-007 10.1066
-1.982278e-007 10.1346
-1.980278e-007 9.96675
-1.978278e-007 9.80448
-1.976278e-007 9.8649
-1.974278e-007 10.0268
-1.972278e-007 10.0665
-1.970278e-007 10.023
-1.968278e-007 10.0206
-1.966278e-007 10.0368
-1.964278e-007 10.042
-1.962278e-007 10.0924
-1.960278e-007 10.1518
-1.958278e-007 10.1218
-1.956278e-007 10.0365
-1.954278e-007 9.95467
-1.952278e-007 9.89114
-1.950278e-007 9.90702
-1.948278e-007 9.96572
-1.946278e-007 9.94569
-1.944278e-007 9.89597
-1.942278e-007 9.94258
-1.940278e-007 10.0524
-1.938278e-007 10.0935
-1.936278e-007 10.0037
-1.934278e-007 9.89597
-1.932278e-007 9.91427
-1.930278e-007 10.012
-1.928278e-007 10.1007
-1.926278e-007 10.1946
-1.924278e-007 10.2523
-1.922278e-007 10.1974
-1.920278e-007 10.0838
-1.918278e-007 9.99023
-1.916278e-007 9.94293
-1.914278e-007 9.96813
-1.912278e-007 10.0237
-1.910278e-007 10.0869
-1.908278e-007 10.1435
-1.906278e-007 10.1201
-1.904278e-007 10.0389
-1.902278e-007 9.96675
-1.900278e-007 9.92705
-1.898278e-007 9.94776
-1.896278e-007 9.9999
-1.894278e-007 10.0199
-1.892278e-007 10.0303
-1.890278e-007 10.0828
-1.888278e-007 10.1525
-1.886278e-007 10.1901
-1.884278e-007 10.1798
-1.882278e-007 10.1428
-1.880278e-007 10.1021
-1.878278e-007 10.0469
-1.876278e-007 9.96503
-1.874278e-007 9.8794
-1.872278e-007 9.87767
-1.870278e-007 9.97124
-1.868278e-007 10.0341
-1.866278e-007 9.9999
-1.864278e-007 9.91358
-1.862278e-007 9.86559
-1.860278e-007 9.8794
-1.858278e-007 9.90978
-1.856278e-007 9.95743
-1.854278e-007 10.0068
-1.852278e-007 10.0075
-1.850278e-007 9.93671
-1.848278e-007 9.85903
-1.846278e-007 9.8687
-1.844278e-007 9.92014
-1.842278e-007 9.95363
-1.840278e-007 9.97953
-1.838278e-007 9.98885
-1.836278e-007 10.0054
-1.834278e-007 10.0303
-1.832278e-007 10.0334
-1.830278e-007 10.0475
-1.828278e-007 10.052
-1.826278e-007 9.97228
-1.824278e-007 9.87802
-1.822278e-007 9.85281
-1.820278e-007 9.85419
-1.818278e-007 9.89356
-1.816278e-007 9.98229
-1.814278e-007 10.0313
-1.812278e-007 10.0061
-1.810278e-007 9.96088
-1.808278e-007 9.9557
-1.806278e-007 9.99161
-1.804278e-007 10.0044
-1.802278e-007 9.98471
-1.800278e-007 9.9961
-1.798278e-007 10.0296
-1.796278e-007 10.0254
-1.794278e-007 9.99023
-1.792278e-007 9.95881
-1.790278e-007 9.94983
-1.788278e-007 9.94604
-1.786278e-007 9.93637
-1.784278e-007 9.9557
-1.782278e-007 10.0096
-1.780278e-007 10.0534
-1.778278e-007 10.0496
-1.776278e-007 10.0448
-1.774278e-007 10.0786
-1.772278e-007 10.0593
-1.770278e-007 10.0182
-1.768278e-007 10.0558
-1.766278e-007 10.0835
-1.764278e-007 10.0451
-1.762278e-007 9.97953
-1.760278e-007 9.98229
-1.758278e-007 10.137
-1.756278e-007 10.2526
-1.754278e-007 10.1708
-1.752278e-007 10.0838
-1.750278e-007 10.0762
-1.748278e-007 10.0154
-1.746278e-007 9.99437
-1.744278e-007 10.1073
-1.742278e-007 10.1629
-1.740278e-007 10.0638
-1.738278e-007 9.92567
-1.736278e-007 9.8832
-1.734278e-007 9.98125
-1.732278e-007 10.0914
-1.730278e-007 10.1035
-1.728278e-007 10.1031
-1.726278e-007 10.157
-1.724278e-007 10.1977
-1.722278e-007 10.1812
-1.720278e-007 10.1408
-1.718278e-007 10.1339
-1.716278e-007 10.1242
-1.714278e-007 10.0127
-1.712278e-007 9.8687
-1.710278e-007 9.85903
-1.708278e-007 9.94845
-1.706278e-007 9.9999
-1.704278e-007 10.0721
-1.702278e-007 10.1466
-1.700278e-007 10.0603
-1.698278e-007 9.90771
-1.696278e-007 9.87767
-1.694278e-007 9.95294
-1.692278e-007 10.0289
-1.690278e-007 10.0372
-1.688278e-007 9.96054
-1.686278e-007 9.88976
-1.684278e-007 9.92636
-1.682278e-007 10.0168
-1.680278e-007 10.0652
-1.678278e-007 10.05
-1.676278e-007 10.0192
-1.674278e-007 10.0265
-1.672278e-007 10.0507
-1.670278e-007 10.0555
-1.668278e-007 10.0375
-1.666278e-007 10.0085
-1.664278e-007 10.0161
-1.662278e-007 10.0724
-1.660278e-007 10.0555
-1.658278e-007 9.92014
-1.656278e-007 9.87077
-1.654278e-007 10.0113
-1.652278e-007 10.1501
-1.650278e-007 10.1342
-1.648278e-007 10.05
-1.646278e-007 10.0417
-1.644278e-007 10.0911
-1.642278e-007 10.0431
-1.640278e-007 9.95363
-1.638278e-007 10.0182
-1.636278e-007 10.1152
-1.634278e-007 10.0897
-1.632278e-007 10.0582
-1.630278e-007 10.0382
-1.628278e-007 9.96537
-1.626278e-007 9.94673
-1.624278e-007 9.99886
-1.622278e-007 10.0103
-1.620278e-007 10.0275
-1.618278e-007 10.1073
-1.616278e-007 10.1832
-1.614278e-007 10.2029
-1.612278e-007 10.0973
-1.610278e-007 9.93602
-1.608278e-007 9.9412
-1.606278e-007 10.0641
-1.604278e-007 10.1211
-1.602278e-007 10.1397
-1.600278e-007 10.1511
-1.598278e-007 10.1066
-1.596278e-007 10.0548
-1.594278e-007 10.0427
-1.592278e-007 10.0341
-1.590278e-007 10.0341
-1.588278e-007 9.98229
-1.586278e-007 9.84418
-1.584278e-007 9.78238
-1.582278e-007 9.81
-1.580278e-007 9.82657
-1.578278e-007 9.90737
-1.576278e-007 10.0286
-1.574278e-007 10.0631
-1.572278e-007 10.0555
-1.570278e-007 10.0658
-1.568278e-007 10.0734
-1.566278e-007 10.1045
-1.564278e-007 10.1349
-1.562278e-007 10.0797
-1.560278e-007 10.0068
-1.558278e-007 10.0027
-1.556278e-007 10.0044
-1.554278e-007 9.99299
-1.552278e-007 10.0213
-1.550278e-007 10.0351
-1.548278e-007 9.99645
-1.546278e-007 9.96813
-1.544278e-007 9.95122
-1.542278e-007 9.93257
-1.540278e-007 9.92049
-1.538278e-007 9.86801
-1.536278e-007 9.78825
-1.534278e-007 9.75752
-1.532278e-007 9.78549
-1.530278e-007 9.84729
-1.528278e-007 9.93361
-1.526278e-007 10.0182
-1.524278e-007 10.0507
-1.522278e-007 10.012
-1.520278e-007 9.98954
-1.518278e-007 10.0513
-1.516278e-007 10.1018
-1.514278e-007 10.0848
-1.512278e-007 10.0517
-1.510278e-007 10.0261
-1.508278e-007 10.04
-1.506278e-007 10.0745
-1.504278e-007 10.0372
-1.502278e-007 9.93568
-1.500278e-007 9.91531
-1.498278e-007 9.98781
-1.496278e-007 10.0279
-1.494278e-007 10.0365
-1.492278e-007 10.0054
-1.490278e-007 9.9381
-1.488278e-007 9.99196
-1.486278e-007 10.1325
-1.484278e-007 10.1373
-1.482278e-007 10.0458
-1.480278e-007 10.0389
-1.478278e-007 10.07
-1.476278e-007 10.0258
-1.474278e-007 9.95536
-1.472278e-007 9.95881
-1.470278e-007 10.0061
-1.468278e-007 9.97538
-1.466278e-007 9.89321
-1.464278e-007 9.87733
-1.462278e-007 9.9229
-1.460278e-007 9.9961
-1.458278e-007 10.0917
-1.456278e-007 10.1321
-1.454278e-007 10.07
-1.452278e-007 10.0151
-1.450278e-007 10.0527
-1.448278e-007 10.0838
-1.446278e-007 10.0462
-1.444278e-007 10.0341
-1.442278e-007 10.0883
-1.440278e-007 10.1428
-1.438278e-007 10.1197
-1.436278e-007 10.0282
-1.434278e-007 10.0175
-1.432278e-007 10.1228
-1.430278e-007 10.1601
-1.428278e-007 10.069
-1.426278e-007 9.97262
-1.424278e-007 9.95191
-1.422278e-007 9.98816
-1.420278e-007 10.0375
-1.418278e-007 10.0955
-1.416278e-007 10.1204
-1.414278e-007 10.0876
-1.412278e-007 10.0911
-1.410278e-007 10.1484
-1.408278e-007 10.177
-1.406278e-007 10.1767
-1.404278e-007 10.1463
-1.402278e-007 10.0714
-1.400278e-007 10.0348
-1.398278e-007 10.0593
-1.396278e-007 10.0462
-1.394278e-007 9.99886
-1.392278e-007 9.99886
-1.390278e-007 10.0047
-1.388278e-007 10.0054
-1.386278e-007 10.0469
-1.384278e-007 10.0179
-1.382278e-007 9.87249
-1.380278e-007 9.82347
-1.378278e-007 9.91289
-1.376278e-007 9.94638
-1.374278e-007 9.93464
-1.372278e-007 9.97573
-1.370278e-007 10.0607
-1.368278e-007 10.1618
-1.366278e-007 10.1674
-1.364278e-007 10.0258
-1.362278e-007 9.91289
-1.360278e-007 9.95812
-1.358278e-007 10.0541
-1.356278e-007 10.0783
-1.354278e-007 10.0745
-1.352278e-007 10.1004
-1.350278e-007 10.0786
-1.348278e-007 9.99645
-1.346278e-007 9.96572
-1.344278e-007 9.97366
-1.342278e-007 9.9412
-1.340278e-007 9.91531
-1.338278e-007 9.95087
-1.336278e-007 10.0044
-1.334278e-007 10.0199
-1.332278e-007 10.0289
-1.330278e-007 10.0389
-1.328278e-007 9.974
-1.326278e-007 9.91565
-1.324278e-007 9.974
-1.322278e-007 10.0462
-1.320278e-007 10.0914
-1.318278e-007 10.1045
-1.316278e-007 9.98574
-1.314278e-007 9.85419
-1.312278e-007 9.90702
-1.310278e-007 10.0237
-1.308278e-007 10.0082
-1.306278e-007 9.89632
-1.304278e-007 9.82347
-1.302278e-007 9.87146
-1.300278e-007 9.96537
-1.298278e-007 9.9671
-1.296278e-007 9.93499
-1.294278e-007 9.98091
-1.292278e-007 10.0738
-1.290278e-007 10.1211
-1.288278e-007 10.0721
-1.286278e-007 10.0192
-1.284278e-007 10.0855
-1.282278e-007 10.2136
-1.280278e-007 10.2537
-1.278278e-007 10.2012
-1.276278e-007 10.129
-1.274278e-007 10.07
-1.272278e-007 10.0631
-1.270278e-007 10.0582
-1.268278e-007 10.0244
-1.266278e-007 10.1014
-1.264278e-007 10.2167
-1.262278e-007 10.1183
-1.260278e-007 9.93568
-1.258278e-007 9.9122
-1.256278e-007 9.97849
-1.254278e-007 10.0151
-1.252278e-007 10.0244
-1.250278e-007 10.0275
-1.248278e-007 10.0044
-1.246278e-007 9.99576
-1.244278e-007 10.0772
-1.242278e-007 10.1625
-1.240278e-007 10.0966
-1.238278e-007 9.95812
-1.236278e-007 9.96952
-1.234278e-007 10.0658
-1.232278e-007 10.0248
-1.230278e-007 9.91047
-1.228278e-007 9.87836
-1.226278e-007 9.94017
-1.224278e-007 10.0241
-1.222278e-007 10.0185
-1.220278e-007 9.95536
-1.218278e-007 9.99265
-1.216278e-007 10.1049
-1.214278e-007 10.1062
-1.212278e-007 10.0123
-1.210278e-007 9.97228
-1.208278e-007 9.9381
-1.206278e-007 9.87249
-1.204278e-007 9.8718
-1.202278e-007 9.94914
-1.200278e-007 10.0503
-1.198278e-007 10.0679
-1.196278e-007 9.99576
-1.194278e-007 10.0116
-1.192278e-007 10.0873
-1.190278e-007 10.0838
-1.188278e-007 10.0551
-1.186278e-007 10.0275
-1.184278e-007 9.97366
-1.182278e-007 9.92049
-1.180278e-007 9.88838
-1.178278e-007 9.89459
-1.176278e-007 9.91772
-1.174278e-007 9.94431
-1.172278e-007 9.99955
-1.170278e-007 10.0645
-1.168278e-007 10.0676
-1.166278e-007 9.97055
-1.164278e-007 9.89425
-1.162278e-007 9.93602
-1.160278e-007 9.97538
-1.158278e-007 9.9709
-1.156278e-007 10.022
-1.154278e-007 10.0862
-1.152278e-007 10.0786
-1.150278e-007 9.9999
-1.148278e-007 9.87905
-1.146278e-007 9.82243
-1.144278e-007 9.86593
-1.142278e-007 9.89804
-1.140278e-007 9.90219
-1.138278e-007 9.98056
-1.136278e-007 10.1052
-1.134278e-007 10.1308
-1.132278e-007 10.0748
-1.130278e-007 10.0721
-1.128278e-007 10.1359
-1.126278e-007 10.168
-1.124278e-007 10.1232
-1.122278e-007 10.0762
-1.120278e-007 10.0448
-1.118278e-007 9.99507
-1.116278e-007 10.0096
-1.114278e-007 10.0752
-1.112278e-007 10.0258
-1.110278e-007 9.8977
-1.108278e-007 9.87388
-1.106278e-007 9.96503
-1.104278e-007 10.0558
-1.102278e-007 10.042
-1.100278e-007 9.93084
-1.098278e-007 9.86766
-1.096278e-007 9.90771
-1.094278e-007 9.974
-1.092278e-007 10.0672
-1.090278e-007 10.1314
-1.088278e-007 10.0886
-1.086278e-007 10.0645
-1.084278e-007 10.0848
-1.082278e-007 10.0448
-1.080278e-007 9.97884
-1.078278e-007 9.94983
-1.076278e-007 9.96226
-1.074278e-007 9.97538
-1.072278e-007 9.95225
-1.070278e-007 9.92912
-1.068278e-007 9.86455
-1.066278e-007 9.75165
-1.064278e-007 9.75752
-1.062278e-007 9.88561
-1.060278e-007 9.94604
-1.058278e-007 9.90944
-1.056278e-007 9.90081
-1.054278e-007 9.94569
-1.052278e-007 9.97435
-1.050278e-007 9.96744
-1.048278e-007 9.91255
-1.046278e-007 9.79861
-1.044278e-007 9.75752
-1.042278e-007 9.87008
-1.040278e-007 9.99679
-1.038278e-007 10.031
-1.036278e-007 10.0109
-1.034278e-007 10.0175
-1.032278e-007 10.0717
-1.030278e-007 10.0548
-1.028278e-007 9.92014
-1.026278e-007 9.86006
-1.024278e-007 9.94224
-1.022278e-007 10.021
-1.020278e-007 10.0707
-1.018278e-007 10.1163
-1.016278e-007 10.1166
-1.014278e-007 10.069
-1.012278e-007 10.021
-1.010278e-007 10.0327
-1.008278e-007 10.0638
-1.006278e-007 10.0358
-1.004278e-007 9.99334
-1.002278e-007 10.012
-1.000278e-007 10.0545
-9.982783e-008 10.0286
-9.962783e-008 9.98264
-9.942783e-008 9.98885
-9.922783e-008 10.0065
-9.902783e-008 10.042
-9.882783e-008 10.0696
-9.862783e-008 10.0341
-9.842783e-008 9.98022
-9.822783e-008 9.94258
-9.802783e-008 9.93741
-9.782783e-008 10.002
-9.762783e-008 10.1014
-9.742783e-008 10.1663
-9.722783e-008 10.1767
-9.702783e-008 10.1377
-9.682783e-008 10.09
-9.662783e-008 10.099
-9.642783e-008 10.1725
-9.622783e-008 10.2043
-9.602783e-008 10.1121
-9.582783e-008 10.0058
-9.562783e-008 10.0365
-9.542783e-008 10.1591
-9.522783e-008 10.2088
-9.502783e-008 10.1604
-9.482783e-008 10.0859
-9.462783e-008 10.0141
-9.442783e-008 10.0147
-9.422783e-008 10.1042
-9.402783e-008 10.1107
-9.382783e-008 9.98229
-9.362783e-008 9.93844
-9.342783e-008 10.0358
-9.322783e-008 10.081
-9.302783e-008 10.0382
-9.282783e-008 10.0317
-9.262783e-008 10.0683
-9.242783e-008 10.0821
-9.222783e-008 10.0624
-9.202783e-008 10.0189
-9.182783e-008 10.0116
-9.162783e-008 10.0679
-9.142783e-008 10.0886
-9.122783e-008 10.0206
-9.102783e-008 9.96917
-9.082783e-008 10.021
-9.062783e-008 10.0769
-9.042783e-008 10.0431
-9.022783e-008 10.0016
-9.002783e-008 10.0123
-8.982783e-008 10.0192
-8.962783e-008 10.0165
-8.942783e-008 10.0134
-8.922783e-008 9.96986
-8.902783e-008 9.93395
-8.882783e-008 9.94845
-8.862783e-008 9.93223
-8.842783e-008 9.89839
-8.822783e-008 9.93671
-8.802783e-008 10.0382
-8.782783e-008 10.1346
-8.762783e-008 10.1321
-8.742783e-008 10.023
-8.722783e-008 9.95639
-8.702783e-008 10.0061
-8.682783e-008 10.022
-8.662783e-008 9.90909
-8.642783e-008 9.82243
-8.622783e-008 9.85592
-8.602783e-008 9.87353
-8.582783e-008 9.8756
-8.562783e-008 10.0016
-8.542783e-008 10.1435
-8.522783e-008 10.168
-8.502783e-008 10.129
-8.482783e-008 10.0458
-8.462783e-008 9.9557
-8.442783e-008 9.89908
-8.422783e-008 9.86628
-8.402783e-008 9.92705
-8.382783e-008 10.0455
-8.362783e-008 10.0524
-8.342783e-008 9.95881
-8.322783e-008 9.89528
-8.302783e-008 9.90737
-8.282783e-008 9.94293
-8.262783e-008 9.94845
-8.242783e-008 9.9488
-8.222783e-008 9.95881
-8.202783e-008 9.97331
-8.182783e-008 10.0182
-8.162783e-008 10.1052
-8.142783e-008 10.1739
-8.122783e-008 10.1563
-8.102783e-008 10.0955
-8.082783e-008 10.0831
-8.062783e-008 10.1332
-8.042783e-008 10.1746
-8.022783e-008 10.1598
-8.002783e-008 10.1408
-7.982783e-008 10.1522
-7.962783e-008 10.1515
-7.942783e-008 10.1466
-7.922783e-008 10.1346
-7.902783e-008 10.0665
-7.882783e-008 10.0258
-7.862783e-008 10.0904
-7.842783e-008 10.1363
-7.822783e-008 10.062
-7.802783e-008 9.9343
-7.782783e-008 9.85316
-7.762783e-008 9.88044
-7.742783e-008 9.99161
-7.722783e-008 10.061
-7.702783e-008 10.0565
-7.682783e-008 10.0876
-7.662783e-008 10.1677
-7.642783e-008 10.1839
-7.622783e-008 10.0959
-7.602783e-008 9.97469
-7.582783e-008 9.90012
-7.562783e-008 9.9046
-7.542783e-008 9.95156
-7.522783e-008 9.97435
-7.502783e-008 9.94362
-7.482783e-008 9.88251
-7.462783e-008 9.87353
-7.442783e-008 9.88078
-7.422783e-008 9.79723
-7.402783e-008 9.76546
-7.382783e-008 9.916
-7.362783e-008 10.108
-7.342783e-008 10.1729
-7.322783e-008 10.0755
-7.302783e-008 9.92636
-7.282783e-008 9.8359
-7.262783e-008 9.85592
-7.242783e-008 9.96744
-7.222783e-008 10.0286
-7.202783e-008 10.0096
-7.182783e-008 10.0168
-7.162783e-008 10.0393
-7.142783e-008 10.022
-7.122783e-008 10.0078
-7.102783e-008 10.032
-7.082783e-008 10.0448
-7.062783e-008 9.99645
-7.042783e-008 9.93223
-7.022783e-008 9.93913
-7.002783e-008 9.974
-6.982783e-008 9.9816
-6.962783e-008 10.0482
-6.942783e-008 10.1349
-6.922783e-008 10.108
-6.902783e-008 10.0475
-6.882783e-008 10.0393
-6.862783e-008 10.0248
-6.842783e-008 9.99921
-6.822783e-008 10.0061
-6.802783e-008 10.0828
-6.782783e-008 10.2043
-6.762783e-008 10.1746
-6.742783e-008 9.91565
-6.722783e-008 9.72058
-6.702783e-008 9.81242
-6.682783e-008 10.0051
-6.662783e-008 10.0427
-6.642783e-008 9.96675
-6.622783e-008 9.98712
-6.602783e-008 10.0997
-6.582783e-008 10.1287
-6.562783e-008 10.0873
-6.542783e-008 10.0769
-6.522783e-008 10.0458
-6.502783e-008 9.98298
-6.482783e-008 9.96123
-6.462783e-008 9.98678
-6.442783e-008 10.0669
-6.422783e-008 10.139
-6.402783e-008 10.1138
-6.382783e-008 10.0921
-6.362783e-008 10.1073
-6.342783e-008 10.0324
-6.322783e-008 9.94569
-6.302783e-008 9.97608
-6.282783e-008 10.0268
-6.262783e-008 10.0631
-6.242783e-008 10.1235
-6.222783e-008 10.1111
-6.202783e-008 10.0313
-6.182783e-008 10.032
-6.162783e-008 10.0828
-6.142783e-008 10.0541
-6.122783e-008 10.0037
-6.102783e-008 9.99852
-6.082783e-008 10.003
-6.062783e-008 10.0486
-6.042783e-008 10.1169
-6.022783e-008 10.1135
-6.002783e-008 10.0451
-5.982783e-008 9.98125
-5.962783e-008 9.98402
-5.942783e-008 10.0607
-5.922783e-008 10.0948
-5.902783e-008 10.0462
-5.882783e-008 10.0192
-5.862783e-008 10.0179
-5.842783e-008 10.004
-5.822783e-008 10.0206
-5.802783e-008 10.0096
-5.782783e-008 9.93395
-5.762783e-008 9.96675
-5.742783e-008 10.1252
-5.722783e-008 10.1549
-5.702783e-008 10.032
-5.682783e-008 9.96192
-5.662783e-008 9.93982
-5.642783e-008 9.92118
-5.622783e-008 9.96399
-5.602783e-008 10.0179
-5.582783e-008 9.99817
-5.562783e-008 9.91876
-5.542783e-008 9.88907
-5.522783e-008 9.97262
-5.502783e-008 10.0427
-5.482783e-008 10.0027
-5.462783e-008 9.95501
-5.442783e-008 9.95536
-5.422783e-008 9.92808
-5.402783e-008 9.87318
-5.382783e-008 9.84246
-5.362783e-008 9.85109
-5.342783e-008 9.91807
-5.322783e-008 9.98056
-5.302783e-008 9.9671
-5.282783e-008 9.96365
-5.262783e-008 9.99127
-5.242783e-008 9.95778
-5.222783e-008 9.92532
-5.202783e-008 9.9816
-5.182783e-008 10.0448
-5.162783e-008 10.0013
-5.142783e-008 9.89977
-5.122783e-008 9.90426
-5.102783e-008 10.0068
-5.082783e-008 10.0265
-5.062783e-008 9.97435
-5.042783e-008 9.99576
-5.022783e-008 9.99023
-5.002783e-008 9.85903
-4.982783e-008 9.81622
-4.962783e-008 9.97987
-4.942783e-008 10.168
-4.922783e-008 10.1936
-4.902783e-008 10.0955
-4.882783e-008 10.08
-4.862783e-008 10.1877
-4.842783e-008 10.2274
-4.822783e-008 10.1249
-4.802783e-008 10.0023
-4.782783e-008 9.94397
-4.762783e-008 9.99817
-4.742783e-008 10.1321
-4.722783e-008 10.1459
-4.702783e-008 10.0165
-4.682783e-008 9.9816
-4.662783e-008 10.0831
-4.642783e-008 10.1156
-4.622783e-008 10.0341
-4.602783e-008 9.95398
-4.582783e-008 9.91324
-4.562783e-008 9.94776
-4.542783e-008 10.0807
-4.522783e-008 10.2002
-4.502783e-008 10.1939
-4.482783e-008 10.0873
-4.462783e-008 9.99092
-4.442783e-008 9.97469
-4.422783e-008 10.0006
-4.402783e-008 10.0234
-4.382783e-008 10.032
-4.362783e-008 9.99507
-4.342783e-008 9.94707
-4.322783e-008 9.97677
-4.302783e-008 10.0254
-4.282783e-008 9.99714
-4.262783e-008 9.93775
-4.242783e-008 9.89632
-4.222783e-008 9.89183
-4.202783e-008 9.95812
-4.182783e-008 10.0358
-4.162783e-008 10.0275
-4.142783e-008 9.97642
-4.122783e-008 9.97538
-4.102783e-008 10.0261
-4.082783e-008 10.0969
-4.062783e-008 10.1138
-4.042783e-008 9.99714
-4.022783e-008 9.83313
-4.002783e-008 9.83037
-3.982783e-008 9.99472
-3.962783e-008 10.069
-3.942783e-008 9.97987
-3.922783e-008 9.96019
-3.902783e-008 10.0755
-3.882783e-008 10.1304
-3.862783e-008 10.0634
-3.842783e-008 9.95812
-3.822783e-008 9.89356
-3.802783e-008 9.91842
-3.782783e-008 9.95812
-3.762783e-008 9.94983
-3.742783e-008 9.95501
-3.722783e-008 9.99368
-3.702783e-008 10.0161
-3.682783e-008 10.0206
-3.662783e-008 10.0372
-3.642783e-008 10.0527
-3.622783e-008 10.0741
-3.602783e-008 10.109
-3.582783e-008 10.081
-3.562783e-008 10.0047
-3.542783e-008 10.0116
-3.522783e-008 10.041
-3.502783e-008 9.95881
-3.482783e-008 9.87629
-3.462783e-008 9.91151
-3.442783e-008 9.98367
-3.422783e-008 10.0261
-3.402783e-008 10.0154
-3.382783e-008 9.93326
-3.362783e-008 9.87733
-3.342783e-008 9.94224
-3.322783e-008 10.0368
-3.302783e-008 10.0551
-3.282783e-008 10.0724
-3.262783e-008 10.1511
-3.242783e-008 10.1946
-3.222783e-008 10.1266
-3.202783e-008 10.0137
-3.182783e-008 10.0009
-3.162783e-008 10.1118
-3.142783e-008 10.1946
-3.122783e-008 10.1608
-3.102783e-008 10.0897
-3.082783e-008 10.08
-3.062783e-008 10.1235
-3.042783e-008 10.118
-3.022783e-008 10.0451
-3.002783e-008 10.0127
-2.982783e-008 10.0168
-2.962783e-008 9.98402
-2.942783e-008 9.9595
-2.922783e-008 9.99576
-2.902783e-008 10.0596
-2.882783e-008 10.0897
-2.862783e-008 10.0451
-2.842783e-008 9.97711
-2.822783e-008 9.9709
-2.802783e-008 9.9923
-2.782783e-008 9.9778
-2.762783e-008 9.99748
-2.742783e-008 10.0976
-2.722783e-008 10.1245
-2.702783e-008 10.0324
-2.682783e-008 9.98333
-2.662783e-008 9.97884
-2.642783e-008 9.9488
-2.622783e-008 9.9381
-2.602783e-008 9.97815
-2.582783e-008 10.0058
-2.562783e-008 9.94569
-2.542783e-008 9.91634
-2.522783e-008 9.99437
-2.502783e-008 9.95398
-2.482783e-008 9.77962
-2.462783e-008 9.78031
-2.442783e-008 9.95191
-2.422783e-008 10.0272
-2.402783e-008 9.99058
-2.382783e-008 9.9557
-2.362783e-008 9.93775
-2.342783e-008 9.95398
-2.322783e-008 9.96503
-2.302783e-008 9.92981
-2.282783e-008 9.95743
-2.262783e-008 10.0458
-2.242783e-008 10.0434
-2.222783e-008 9.95639
-2.202783e-008 9.88665
-2.182783e-008 9.8832
-2.162783e-008 9.94845
-2.142783e-008 10.0355
-2.122783e-008 10.118
-2.102783e-008 10.1604
-2.082783e-008 10.1042
-2.062783e-008 10.0282
-2.042783e-008 10.0458
-2.022783e-008 10.0776
-2.002783e-008 10.0254
-1.982783e-008 9.9526
-1.962783e-008 9.93637
-1.942783e-008 9.96675
-1.922783e-008 10.0351
-1.902783e-008 10.0911
-1.882783e-008 10.0317
-1.862783e-008 9.93844
-1.842783e-008 9.91876
-1.822783e-008 9.91151
-1.802783e-008 9.94569
-1.782783e-008 10.0362
-1.762783e-008 10.0873
-1.742783e-008 10.1384
-1.722783e-008 10.195
-1.702783e-008 10.1974
-1.682783e-008 10.1794
-1.662783e-008 10.1087
-1.642783e-008 9.9816
-1.622783e-008 9.9305
-1.602783e-008 9.98954
-1.582783e-008 10.079
-1.562783e-008 10.1304
-1.542783e-008 10.1173
-1.522783e-008 10.0969
-1.502783e-008 10.1073
-1.482783e-008 10.0852
-1.462783e-008 10.0075
-1.442783e-008 9.95639
-1.422783e-008 9.96641
-1.402783e-008 9.97504
-1.382783e-008 9.98367
-1.362783e-008 9.99472
-1.342783e-008 9.95225
-1.322783e-008 9.95536
-1.302783e-008 10.0596
-1.282783e-008 10.1042
-1.262783e-008 10.0814
-1.242783e-008 10.0935
-1.222783e-008 10.0966
-1.202783e-008 10.0379
-1.182783e-008 9.92981
-1.162783e-008 9.85937
-1.142783e-008 9.93775
-1.122783e-008 10.0638
-1.102783e-008 10.0652
-1.082783e-008 9.97884
-1.062783e-008 9.89804
-1.042783e-008 9.9015
-1.022783e-008 10.0168
-1.002783e-008 10.118
-9.82783e-009 10.1328
-9.62783e-009 10.0938
-9.42783e-009 9.96917
-9.22783e-009 9.79895
-9.02783e-009 9.7627
-8.82783e-009 9.88458
-8.62783e-009 9.9999
-8.42783e-009 10.0379
-8.22783e-009 10.0344
-8.02783e-009 9.97953
-7.82783e-009 9.9084
-7.62783e-009 9.90391
-7.42783e-009 9.8939
-7.22783e-009 9.85696
-7.02783e-009 9.92394
-6.82783e-009 10.0368
-6.62783e-009 10.05
-6.42783e-009 10.0158
-6.22783e-009 10.0244
-6.02783e-009 10.0403
-5.82783e-009 10.0089
-5.62783e-009 9.9816
-5.42783e-009 10.0386
-5.22783e-009 10.1328
-5.02783e-009 10.1653
-4.82783e-009 10.1225
-4.62783e-009 10.0769
-4.42783e-009 10.0997
-4.22783e-009 10.1228
-4.02783e-009 10.0772
-3.82783e-009 10.032
-3.62783e-009 10.0337
-3.42783e-009 10.0275
-3.22783e-009 9.96882
-3.02783e-009 9.90737
-2.82783e-009 9.89632
-2.62783e-009 9.93499
-2.42783e-009 10.0047
-2.22783e-009 10.0254
-2.02783e-009 9.92118
-1.82783e-009 9.77064
-1.62783e-009 9.62666
-1.42783e-009 9.23582
-1.22783e-009 8.30877
-1.02783e-009 6.95945
-8.278296e-010 5.55351
-6.278296e-010 4.36336
-4.278296e-010 3.45081
-2.278296e-010 2.71746
-2.782958e-011 2.14776
1.721704e-010 1.81837
3.721704e-010 1.6706
5.721704e-010 1.5905
7.721704e-010 1.52973
9.721704e-010 1.45688
1.17217e-009 1.364
1.37217e-009 1.2801
1.57217e-009 1.25006
1.77217e-009 1.25627
1.97217e-009 1.22313
2.17217e-009 1.18653
2.37217e-009 1.20828
2.57217e-009 1.23867
2.77217e-009 1.26214
2.97217e-009 1.29253
3.17217e-009 1.32809
3.37217e-009 1.37367
3.57217e-009 1.36642
3.77217e-009 1.29391
3.97217e-009 1.2839
4.17217e-009 1.35019
4.37217e-009 1.3419
4.57217e-009 1.23797
4.77217e-009 1.21829
4.97217e-009 1.30358
5.17217e-009 1.30427
5.37217e-009 1.2511
5.57217e-009 1.31152
5.77217e-009 1.42822
5.97217e-009 1.4555
6.17217e-009 1.38092
6.37217e-009 1.2725
6.57217e-009 1.20863
6.77217e-009 1.20172
6.97217e-009 1.18653
7.17217e-009 1.17065
7.37217e-009 1.17065
7.57217e-009 1.14303
7.77217e-009 1.12231
7.97217e-009 1.16858
8.17217e-009 1.27872
8.37217e-009 1.36469
8.57217e-009 1.33396
8.77217e-009 1.27354
8.97217e-009 1.28873
9.17217e-009 1.31462
9.37217e-009 1.2946
9.57217e-009 1.24592
9.77217e-009 1.18273
9.97217e-009 1.11264
1.017217e-008 1.10988
1.037217e-008 1.19792
1.057217e-008 1.25973
1.077217e-008 1.27078
1.097217e-008 1.24384
1.117217e-008 1.16719
1.137217e-008 1.13992
1.157217e-008 1.15753
1.177217e-008 1.10574
1.197217e-008 1.06948
1.217217e-008 1.16374
1.237217e-008 1.24039
1.257217e-008 1.17721
1.277217e-008 1.0864
1.297217e-008 1.05912
1.317217e-008 1.10228
1.337217e-008 1.20069
1.357217e-008 1.2725
1.377217e-008 1.24108
1.397217e-008 1.13094
1.417217e-008 1.07363
1.437217e-008 1.14786
1.457217e-008 1.26698
1.477217e-008 1.31221
1.497217e-008 1.29736
1.517217e-008 1.3015
1.537217e-008 1.29909
1.557217e-008 1.25248
1.577217e-008 1.18273
1.597217e-008 1.13198
1.617217e-008 1.16029
1.637217e-008 1.24074
1.657217e-008 1.27872
1.677217e-008 1.26318
1.697217e-008 1.21381
1.717217e-008 1.10574
1.737217e-008 0.976605
1.757217e-008 0.926196
1.777217e-008 0.941733
1.797217e-008 0.917564
1.817217e-008 0.879929
1.837217e-008 0.941733
1.857217e-008 1.06327
1.877217e-008 1.09262
1.897217e-008 1.06016
1.917217e-008 1.14061
1.937217e-008 1.26836
1.957217e-008 1.28217
1.977217e-008 1.26456
1.997217e-008 1.2687
2.017217e-008 1.18964
2.037217e-008 1.07294
2.057217e-008 1.05049
2.077217e-008 1.12645
2.097217e-008 1.18998
2.117217e-008 1.15062
2.137217e-008 1.07294
2.157217e-008 1.05153
2.177217e-008 1.06016
2.197217e-008 1.03599
2.217217e-008 0.980058
2.237217e-008 0.936899
2.257217e-008 0.963485
2.277217e-008 1.05222
2.297217e-008 1.0826
2.317217e-008 1.06154
2.337217e-008 1.13336
2.357217e-008 1.21035
2.377217e-008 1.123
2.397217e-008 0.979713
2.417217e-008 0.975569
2.437217e-008 1.09987
2.457217e-008 1.18342
2.477217e-008 1.1665
2.497217e-008 1.13439
2.517217e-008 1.11022
2.537217e-008 1.08053
2.557217e-008 1.06707
2.577217e-008 1.07225
2.597217e-008 1.07811
2.617217e-008 1.08882
2.637217e-008 1.1123
2.657217e-008 1.12749
2.677217e-008 1.13543
2.697217e-008 1.16616
2.717217e-008 1.20725
2.737217e-008 1.21035
2.757217e-008 1.15373
2.777217e-008 1.07984
2.797217e-008 1.08606
2.817217e-008 1.15684
2.837217e-008 1.14406
2.857217e-008 1.03772
2.877217e-008 0.953472
2.897217e-008 0.951746
2.917217e-008 1.03288
2.937217e-008 1.12438
2.957217e-008 1.13716
2.977217e-008 1.08916
2.997217e-008 1.05982
3.017217e-008 1.06776
3.037217e-008 1.1123
3.057217e-008 1.21104
3.077217e-008 1.27285
3.097217e-008 1.19413
3.117217e-008 1.07121
3.137217e-008 1.02667
3.157217e-008 1.0536
3.177217e-008 1.11886
3.197217e-008 1.152
3.217217e-008 1.12956
3.237217e-008 1.12265
3.257217e-008 1.11886
3.277217e-008 1.09745
3.297217e-008 1.08019
3.317217e-008 1.04946
3.337217e-008 0.989725
3.357217e-008 0.92516
3.377217e-008 0.967283
3.397217e-008 1.12335
3.417217e-008 1.20345
3.437217e-008 1.14303
3.457217e-008 1.07604
3.477217e-008 1.08847
3.497217e-008 1.10436
3.517217e-008 1.05947
3.537217e-008 1.02771
3.557217e-008 1.06638
3.577217e-008 1.13336
3.597217e-008 1.1741
3.617217e-008 1.15407
3.637217e-008 1.10194
3.657217e-008 1.08157
3.677217e-008 1.06016
3.697217e-008 1.02563
3.717217e-008 1.03185
3.737217e-008 1.05671
3.757217e-008 1.08398
3.777217e-008 1.08433
3.797217e-008 1.0101
3.817217e-008 0.941388
3.837217e-008 0.966592
3.857217e-008 1.03081
3.877217e-008 1.06327
3.897217e-008 1.08467
3.917217e-008 1.09296
3.937217e-008 1.06741
3.957217e-008 1.05636
3.977217e-008 1.05118
3.997217e-008 1.00906
4.017217e-008 0.99594
4.037217e-008 1.0612
4.057217e-008 1.11989
4.077217e-008 1.10505
4.097217e-008 1.08053
4.117217e-008 1.123
4.137217e-008 1.18964
4.157217e-008 1.15304
4.177217e-008 1.02978
4.197217e-008 1.02494
4.217217e-008 1.16478
4.237217e-008 1.23314
4.257217e-008 1.17272
4.277217e-008 1.10953
4.297217e-008 1.0574
4.317217e-008 1.00595
4.337217e-008 1.01597
4.357217e-008 1.10194
4.377217e-008 1.21381
4.397217e-008 1.24315
4.417217e-008 1.13888
4.437217e-008 1.03047
4.457217e-008 1.04255
4.477217e-008 1.1268
4.497217e-008 1.18066
4.517217e-008 1.14717
4.537217e-008 1.05326
4.557217e-008 1.02391
4.577217e-008 1.0795
4.597217e-008 1.12818
4.617217e-008 1.17824
4.637217e-008 1.21242
4.657217e-008 1.15304
4.677217e-008 1.07811
4.697217e-008 1.07501
4.717217e-008 1.11022
4.737217e-008 1.16478
4.757217e-008 1.18135
4.777217e-008 1.12473
4.797217e-008 1.11195
4.817217e-008 1.17203
4.837217e-008 1.19585
4.857217e-008 1.19274
4.877217e-008 1.2176
4.897217e-008 1.20621
4.917217e-008 1.16029
4.937217e-008 1.16029
4.957217e-008 1.16581
4.977217e-008 1.11161
4.997217e-008 1.02563
5.017217e-008 1.00492
5.037217e-008 1.11471
5.057217e-008 1.25558
5.077217e-008 1.26352
5.097217e-008 1.16374
5.117217e-008 1.15269
5.137217e-008 1.2839
5.157217e-008 1.38437
5.177217e-008 1.2946
5.197217e-008 1.08951
5.217217e-008 0.977986
5.237217e-008 1.00077
5.257217e-008 1.0643
5.277217e-008 1.10712
5.297217e-008 1.08882
5.317217e-008 1.06879
5.337217e-008 1.12438
5.357217e-008 1.15028
5.377217e-008 1.08398
5.397217e-008 1.05326
5.417217e-008 1.06776
5.437217e-008 1.04911
5.457217e-008 1.06914
5.477217e-008 1.1268
5.497217e-008 1.11713
5.517217e-008 1.08226
5.537217e-008 1.08675
5.557217e-008 1.07881
5.577217e-008 1.06223
5.597217e-008 1.11437
5.617217e-008 1.21415
5.637217e-008 1.26214
5.657217e-008 1.18929
5.677217e-008 1.05187
5.697217e-008 0.999738
5.717217e-008 1.04048
5.737217e-008 1.07984
5.757217e-008 1.10988
5.777217e-008 1.11782
5.797217e-008 1.08916
5.817217e-008 1.04462
5.837217e-008 0.974534
5.857217e-008 0.954508
5.877217e-008 1.11368
5.897217e-008 1.30461
5.917217e-008 1.30081
5.937217e-008 1.22416
5.957217e-008 1.21622
5.977217e-008 1.17583
5.997217e-008 1.10781
6.017217e-008 1.13163
6.037217e-008 1.1848
6.057217e-008 1.1489
6.077217e-008 1.08502
6.097217e-008 1.09952
6.117217e-008 1.13785
6.137217e-008 1.07811
6.157217e-008 0.989725
6.177217e-008 1.02563
6.197217e-008 1.10125
6.217217e-008 1.08951
6.237217e-008 1.08088
6.257217e-008 1.16098
6.277217e-008 1.26767
6.297217e-008 1.31877
6.317217e-008 1.29978
6.337217e-008 1.27837
6.357217e-008 1.29011
6.377217e-008 1.258
6.397217e-008 1.20897
6.417217e-008 1.24799
6.437217e-008 1.28907
6.457217e-008 1.24384
6.477217e-008 1.19274
6.497217e-008 1.19274
6.517217e-008 1.22106
6.537217e-008 1.229
6.557217e-008 1.16719
6.577217e-008 1.05636
6.597217e-008 0.975569
6.617217e-008 0.985927
6.637217e-008 1.04808
6.657217e-008 1.06327
6.677217e-008 1.0353
6.697217e-008 1.03288
6.717217e-008 1.06465
6.737217e-008 1.0757
6.757217e-008 1.10056
6.777217e-008 1.22589
6.797217e-008 1.31532
6.817217e-008 1.23556
6.837217e-008 1.11402
6.857217e-008 1.03875
6.877217e-008 0.989035
6.897217e-008 0.973498
6.917217e-008 0.994904
6.937217e-008 1.0391
6.957217e-008 1.08951
6.977217e-008 1.10263
6.997217e-008 1.08985
7.017217e-008 1.12611
7.037217e-008 1.13267
7.057217e-008 1.05602
7.077217e-008 1.01735
7.097217e-008 1.02115
7.117217e-008 1.04531
7.137217e-008 1.13785
7.157217e-008 1.20517
7.177217e-008 1.17341
7.197217e-008 1.152
7.217217e-008 1.16892
7.237217e-008 1.15994
7.257217e-008 1.16098
7.277217e-008 1.20863
7.297217e-008 1.26801
7.317217e-008 1.28217
7.337217e-008 1.19067
7.357217e-008 1.02494
7.377217e-008 0.935863
7.397217e-008 1.01735
7.417217e-008 1.1596
7.437217e-008 1.18722
7.457217e-008 1.11471
7.477217e-008 1.09503
7.497217e-008 1.14855
7.517217e-008 1.18273
7.537217e-008 1.1634
7.557217e-008 1.13508
7.577217e-008 1.14441
7.597217e-008 1.14648
7.617217e-008 1.12093
7.637217e-008 1.12265
7.657217e-008 1.12162
7.677217e-008 1.10884
7.697217e-008 1.11575
7.717217e-008 1.11195
7.737217e-008 1.12956
7.757217e-008 1.16996
7.777217e-008 1.14475
7.797217e-008 1.11092
7.817217e-008 1.17514
7.837217e-008 1.24143
7.857217e-008 1.20725
7.877217e-008 1.16236
7.897217e-008 1.20517
7.917217e-008 1.26801
7.937217e-008 1.2618
7.957217e-008 1.31428
7.977217e-008 1.46758
7.997217e-008 1.43581
8.017217e-008 1.1962
8.037217e-008 1.07535
8.057217e-008 1.13094
8.077217e-008 1.19723
8.097217e-008 1.2069
8.117217e-008 1.16616
8.137217e-008 1.11782
8.157217e-008 1.11644
8.177217e-008 1.14303
8.197217e-008 1.11851
8.217217e-008 1.06776
8.237217e-008 1.09262
8.257217e-008 1.16236
8.277217e-008 1.17617
8.297217e-008 1.1451
8.317217e-008 1.18618
8.337217e-008 1.29943
8.357217e-008 1.32257
8.377217e-008 1.24695
8.397217e-008 1.22693
8.417217e-008 1.23728
8.437217e-008 1.16961
8.457217e-008 1.1306
8.477217e-008 1.17514
8.497217e-008 1.13681
8.517217e-008 1.00837
8.537217e-008 0.946221
8.557217e-008 0.981439
8.577217e-008 1.05567
8.597217e-008 1.14303
8.617217e-008 1.22347
8.637217e-008 1.25455
8.657217e-008 1.19516
8.677217e-008 1.10056
8.697217e-008 1.0795
8.717217e-008 1.094
8.737217e-008 1.09262
8.757217e-008 1.14095
8.777217e-008 1.19102
8.797217e-008 1.15822
8.817217e-008 1.0971
8.837217e-008 1.04635
8.857217e-008 1.02805
8.877217e-008 1.10366
8.897217e-008 1.20034
8.917217e-008 1.21657
8.937217e-008 1.17824
8.957217e-008 1.10781
8.977217e-008 1.06499
8.997217e-008 1.14026
9.017217e-008 1.23418
9.037217e-008 1.17237
9.057217e-008 1.02115
9.077217e-008 0.994214
9.097217e-008 1.08191
9.117217e-008 1.12783
9.137217e-008 1.14372
9.157217e-008 1.20069
9.177217e-008 1.25973
9.197217e-008 1.25973
9.217217e-008 1.21829
9.237217e-008 1.19482
9.257217e-008 1.16927
9.277217e-008 1.09123
9.297217e-008 1.01838
9.317217e-008 1.0208
9.337217e-008 1.10021
9.357217e-008 1.18998
9.377217e-008 1.15925
9.397217e-008 1.0315
9.417217e-008 1.01217
9.437217e-008 1.12749
9.457217e-008 1.21381
9.477217e-008 1.21208
9.497217e-008 1.16167
9.517217e-008 1.13681
9.537217e-008 1.17928
9.557217e-008 1.22313
9.577217e-008 1.25489
9.597217e-008 1.2946
9.617217e-008 1.2328
9.637217e-008 1.11092
9.657217e-008 1.14682
9.677217e-008 1.25662
9.697217e-008 1.24453
9.717217e-008 1.20172
9.737217e-008 1.22727
9.757217e-008 1.24074
9.777217e-008 1.17997
9.797217e-008 1.11126
9.817217e-008 1.09918
9.837217e-008 1.11817
9.857217e-008 1.1268
9.877217e-008 1.13336
9.897217e-008 1.13336
9.917217e-008 1.09814
9.937217e-008 1.09745
9.957217e-008 1.19723
9.977217e-008 1.28528
9.997217e-008 1.21381
1.001722e-007 1.05118
1.003722e-007 0.991107
1.005722e-007 1.06016
1.007722e-007 1.15511
1.009722e-007 1.20448
1.011722e-007 1.16754
1.013722e-007 1.09607
1.015722e-007 1.10815
1.017722e-007 1.16996
1.019722e-007 1.152
1.021722e-007 1.07984
1.023722e-007 1.06361
1.025722e-007 1.10539
1.027722e-007 1.12369
1.029722e-007 1.12507
1.031722e-007 1.16374
1.033722e-007 1.18826
1.035722e-007 1.17168
1.037722e-007 1.14717
1.039722e-007 1.12404
1.041722e-007 1.13508
1.043722e-007 1.19033
1.045722e-007 1.20448
1.047722e-007 1.15718
1.049722e-007 1.12611
1.051722e-007 1.11161
1.053722e-007 1.09434
1.055722e-007 1.10366
1.057722e-007 1.10194
1.059722e-007 1.07535
1.061722e-007 1.08916
1.063722e-007 1.11437
1.065722e-007 1.12818
1.067722e-007 1.18964
1.069722e-007 1.23936
1.071722e-007 1.19102
1.073722e-007 1.11437
1.075722e-007 1.08537
1.077722e-007 1.10159
1.079722e-007 1.19171
1.081722e-007 1.30323
1.083722e-007 1.26594
1.085722e-007 1.10608
1.087722e-007 1.0353
1.089722e-007 1.12265
1.091722e-007 1.21691
1.093722e-007 1.15028
1.095722e-007 1.04083
1.097722e-007 1.09572
1.099722e-007 1.1962
1.101722e-007 1.18549
1.103722e-007 1.19067
1.105722e-007 1.28666
1.107722e-007 1.30703
1.109722e-007 1.20276
1.111722e-007 1.11851
1.113722e-007 1.11748
1.115722e-007 1.18791
1.117722e-007 1.27561
1.119722e-007 1.258
1.121722e-007 1.15718
1.123722e-007 1.13129
1.125722e-007 1.15856
1.127722e-007 1.09814
1.129722e-007 1.01148
1.131722e-007 1.05947
1.133722e-007 1.19274
1.135722e-007 1.2511
1.137722e-007 1.21346
1.139722e-007 1.15062
1.141722e-007 1.1009
1.143722e-007 1.07294
1.145722e-007 1.07915
1.147722e-007 1.11195
1.149722e-007 1.15269
1.151722e-007 1.20966
1.153722e-007 1.25904
1.155722e-007 1.27837
1.157722e-007 1.26905
1.159722e-007 1.20552
1.161722e-007 1.16616
1.163722e-007 1.24039
1.165722e-007 1.30047
1.167722e-007 1.27112
1.169722e-007 1.25213
1.171722e-007 1.22555
1.173722e-007 1.12438
1.175722e-007 1.02184
1.177722e-007 1.00077
1.179722e-007 1.017
1.181722e-007 1.03772
1.183722e-007 1.10366
1.185722e-007 1.1848
1.187722e-007 1.22244
1.189722e-007 1.18584
1.191722e-007 1.12956
1.193722e-007 1.15718
1.195722e-007 1.19723
1.197722e-007 1.16616
1.199722e-007 1.13094
1.201722e-007 1.10953
1.203722e-007 1.08122
1.205722e-007 1.07846
1.207722e-007 1.11955
1.209722e-007 1.1451
1.211722e-007 1.08398
1.213722e-007 0.978677
1.215722e-007 0.932756
1.217722e-007 0.964175
1.219722e-007 0.988344
1.221722e-007 0.983856
1.223722e-007 1.00699
1.225722e-007 1.05049
1.227722e-007 1.11126
1.229722e-007 1.20448
1.231722e-007 1.28113
1.233722e-007 1.30841
1.235722e-007 1.27112
1.237722e-007 1.17445
1.239722e-007 1.1337
1.241722e-007 1.20828
1.243722e-007 1.23487
1.245722e-007 1.14993
1.247722e-007 1.13508
1.249722e-007 1.19447
1.251722e-007 1.1634
1.253722e-007 1.09745
1.255722e-007 1.09918
1.257722e-007 1.08985
1.259722e-007 1.06223
1.261722e-007 1.08882
1.263722e-007 1.17306
1.265722e-007 1.27906
1.267722e-007 1.30737
1.269722e-007 1.23763
1.271722e-007 1.1741
1.273722e-007 1.17824
1.275722e-007 1.25524
1.277722e-007 1.31117
1.279722e-007 1.25869
1.281722e-007 1.22278
1.283722e-007 1.28562
1.285722e-007 1.30806
1.287722e-007 1.26974
1.289722e-007 1.30496
1.291722e-007 1.36469
1.293722e-007 1.3274
1.295722e-007 1.22865
1.297722e-007 1.14441
1.299722e-007 1.11748
1.301722e-007 1.14682
1.303722e-007 1.15304
1.305722e-007 1.16547
1.307722e-007 1.28838
1.309722e-007 1.35916
1.311722e-007 1.25213
1.313722e-007 1.19309
1.315722e-007 1.29046
1.317722e-007 1.35295
1.319722e-007 1.28286
1.321722e-007 1.17341
1.323722e-007 1.11955
1.325722e-007 1.16029
1.327722e-007 1.24523
1.329722e-007 1.2687
1.331722e-007 1.2145
1.333722e-007 1.18998
1.335722e-007 1.26732
1.337722e-007 1.34501
1.339722e-007 1.34294
1.341722e-007 1.31635
1.343722e-007 1.27768
1.345722e-007 1.23038
1.347722e-007 1.22727
1.349722e-007 1.27492
1.351722e-007 1.34535
1.353722e-007 1.35226
1.355722e-007 1.2542
1.357722e-007 1.19827
1.359722e-007 1.2801
1.361722e-007 1.41303
1.363722e-007 1.48174
1.365722e-007 1.45964
1.367722e-007 1.44237
1.369722e-007 1.49002
1.371722e-007 1.52317
1.373722e-007 1.4731
1.375722e-007 1.40163
1.377722e-007 1.40716
1.379722e-007 1.45515
1.381722e-007 1.45688
1.383722e-007 1.43961
1.385722e-007 1.44583
1.387722e-007 1.43236
1.389722e-007 1.40301
1.391722e-007 1.38713
1.393722e-007 1.35916
1.395722e-007 1.37643
1.397722e-007 1.49002
1.399722e-007 1.57668
1.401722e-007 1.57668
1.403722e-007 1.58152
1.405722e-007 1.56391
1.407722e-007 1.45826
1.409722e-007 1.36262
1.411722e-007 1.35675
1.413722e-007 1.42995
1.415722e-007 1.54147
1.417722e-007 1.55321
1.419722e-007 1.45342
1.421722e-007 1.46171
1.423722e-007 1.58877
1.425722e-007 1.6264
1.427722e-007 1.57151
1.429722e-007 1.51005
1.431722e-007 1.4883
1.433722e-007 1.58877
1.435722e-007 1.71652
1.437722e-007 1.69062
1.439722e-007 1.57289
1.441722e-007 1.51316
1.443722e-007 1.50176
1.445722e-007 1.50521
1.447722e-007 1.56287
1.449722e-007 1.65782
1.451722e-007 1.69131
1.453722e-007 1.6157
1.455722e-007 1.53663
1.457722e-007 1.57082
1.459722e-007 1.6416
1.461722e-007 1.64021
1.463722e-007 1.60396
1.465722e-007 1.59429
1.467722e-007 1.63676
1.469722e-007 1.68683
1.471722e-007 1.62261
1.473722e-007 1.52904
1.475722e-007 1.57634
1.477722e-007 1.66818
1.479722e-007 1.70167
1.481722e-007 1.71376
1.483722e-007 1.69787
1.485722e-007 1.65644
1.487722e-007 1.61536
1.489722e-007 1.55044
1.491722e-007 1.48726
1.493722e-007 1.49865
1.495722e-007 1.56702
1.497722e-007 1.62848
1.499722e-007 1.65748
1.501722e-007 1.65851
1.503722e-007 1.64988
1.505722e-007 1.64781
1.507722e-007 1.62813
1.509722e-007 1.61121
1.511722e-007 1.65575
1.513722e-007 1.69891
1.515722e-007 1.70754
1.517722e-007 1.71825
1.519722e-007 1.68752
1.521722e-007 1.69511
1.523722e-007 1.80733
1.525722e-007 1.85325
1.527722e-007 1.79593
1.529722e-007 1.76279
1.531722e-007 1.72998
1.533722e-007 1.69649
1.535722e-007 1.72826
1.537722e-007 1.7286
1.539722e-007 1.69442
1.541722e-007 1.75968
1.543722e-007 1.8056
1.545722e-007 1.73137
1.547722e-007 1.71272
1.549722e-007 1.78937
1.551722e-007 1.82045
1.553722e-007 1.83495
1.555722e-007 1.92955
1.557722e-007 2.01242
1.559722e-007 1.97409
1.561722e-007 1.85739
1.563722e-007 1.77936
1.565722e-007 1.79351
1.567722e-007 1.83426
1.569722e-007 1.82977
1.571722e-007 1.78108
1.573722e-007 1.72342
1.575722e-007 1.72135
1.577722e-007 1.8163
1.579722e-007 1.90262
1.581722e-007 1.89779
1.583722e-007 1.87845
1.585722e-007 1.84358
1.587722e-007 1.77314
1.589722e-007 1.77142
1.591722e-007 1.85014
1.593722e-007 1.90849
1.595722e-007 1.92161
1.597722e-007 1.92921
1.599722e-007 1.96166
1.601722e-007 1.97064
1.603722e-007 1.9185
1.605722e-007 1.90918
1.607722e-007 1.96891
1.609722e-007 1.98031
1.611722e-007 1.96201
1.613722e-007 2.01898
1.615722e-007 2.05661
1.617722e-007 1.97202
1.619722e-007 1.85428
1.621722e-007 1.78039
1.623722e-007 1.81699
1.625722e-007 1.96166
1.627722e-007 2.03969
1.629722e-007 2.00413
1.631722e-007 1.97892
1.633722e-007 1.98548
1.635722e-007 1.96339
1.637722e-007 1.93059
1.639722e-007 1.97133
1.641722e-007 2.07284
1.643722e-007 2.10288
1.645722e-007 2.02312
1.647722e-007 1.9551
1.649722e-007 1.97236
1.651722e-007 1.98997
1.653722e-007 1.94371
1.655722e-007 1.92196
1.657722e-007 1.99722
1.659722e-007 2.07353
1.661722e-007 2.0062
1.663722e-007 1.83771
1.665722e-007 1.77349
1.667722e-007 1.89813
1.669722e-007 2.04625
1.671722e-007 2.08285
1.673722e-007 2.07802
1.675722e-007 2.08941
1.677722e-007 2.11841
1.679722e-007 2.12394
1.681722e-007 2.0283
1.683722e-007 1.91816
1.685722e-007 1.94751
1.687722e-007 2.09321
1.689722e-007 2.17262
1.691722e-007 2.09355
1.693722e-007 2.02001
1.695722e-007 2.08043
1.697722e-007 2.13671
1.699722e-007 2.09908
1.701722e-007 2.07836
1.703722e-007 2.13015
1.705722e-007 2.18747
1.707722e-007 2.19817
1.709722e-007 2.17193
1.711722e-007 2.10633
1.713722e-007 2.02795
1.715722e-007 2.0352
1.717722e-007 2.09666
1.719722e-007 2.10184
1.721722e-007 2.12497
1.723722e-007 2.22027
1.725722e-007 2.24513
1.727722e-007 2.17607
1.729722e-007 2.13533
1.731722e-007 2.10357
1.733722e-007 2.03969
1.735722e-007 2.06075
1.737722e-007 2.17746
1.739722e-007 2.19714
1.741722e-007 2.11841
1.743722e-007 2.15329
1.745722e-007 2.29278
1.747722e-007 2.34767
1.749722e-007 2.2731
1.751722e-007 2.16641
1.753722e-007 2.13671
1.755722e-007 2.18471
1.757722e-007 2.19783
1.759722e-007 2.19472
1.761722e-007 2.27793
1.763722e-007 2.36252
1.765722e-007 2.33973
1.767722e-007 2.25997
1.769722e-007 2.2106
1.771722e-007 2.222
1.773722e-007 2.30659
1.775722e-007 2.41742
1.777722e-007 2.39256
1.779722e-007 2.23719
1.781722e-007 2.14155
1.783722e-007 2.15363
1.785722e-007 2.25307
1.787722e-007 2.39981
1.789722e-007 2.46921
1.791722e-007 2.39946
1.793722e-007 2.28898
1.795722e-007 2.27862
1.797722e-007 2.35665
1.799722e-007 2.41673
1.801722e-007 2.38669
1.803722e-007 2.29174
1.805722e-007 2.23891
1.807722e-007 2.22165
1.809722e-007 2.18816
1.811722e-007 2.20301
1.813722e-007 2.28518
1.815722e-007 2.37253
1.817722e-007 2.38427
1.819722e-007 2.30451
1.821722e-007 2.24271
1.823722e-007 2.23995
1.825722e-007 2.20473
1.827722e-007 2.14776
1.829722e-007 2.21716
1.831722e-007 2.35907
1.833722e-007 2.40257
1.835722e-007 2.39014
1.837722e-007 2.39601
1.839722e-007 2.4371
1.841722e-007 2.51375
1.843722e-007 2.53654
1.845722e-007 2.46334
1.847722e-007 2.37737
1.849722e-007 2.34284
1.851722e-007 2.37046
1.853722e-007 2.41189
1.855722e-007 2.3822
1.857722e-007 2.33593
1.859722e-007 2.36494
1.861722e-007 2.42329
1.863722e-007 2.46437
1.865722e-007 2.47991
1.867722e-007 2.43952
1.869722e-007 2.33386
1.871722e-007 2.2365
1.873722e-007 2.28345
1.875722e-007 2.4737
1.877722e-007 2.60628
1.879722e-007 2.56243
1.881722e-007 2.46161
1.883722e-007 2.45781
1.885722e-007 2.51375
1.887722e-007 2.52031
1.889722e-007 2.48026
1.891722e-007 2.444
1.893722e-007 2.45712
1.895722e-007 2.50615
1.897722e-007 2.48475
1.899722e-007 2.41604
1.901722e-007 2.44538
1.903722e-007 2.52342
1.905722e-007 2.57037
1.907722e-007 2.64599
1.909722e-007 2.73403
1.911722e-007 2.77097
1.913722e-007 2.74335
1.915722e-007 2.67948
1.917722e-007 2.62493
1.919722e-007 2.59592
1.921722e-007 2.61457
1.923722e-007 2.66256
1.925722e-007 2.70434
1.927722e-007 2.70158
1.929722e-007 2.59972
1.931722e-007 2.47991
1.933722e-007 2.46437
1.935722e-007 2.52134
1.937722e-007 2.521
1.939722e-007 2.45609
1.941722e-007 2.46817
1.943722e-007 2.57244
1.945722e-007 2.68915
1.947722e-007 2.75751
1.949722e-007 2.66532
1.951722e-007 2.50339
1.953722e-007 2.50477
1.955722e-007 2.627
1.957722e-007 2.71815
1.959722e-007 2.74853
1.961722e-007 2.69709
1.963722e-007 2.58384
1.965722e-007 2.5317
1.967722e-007 2.62976
1.969722e-007 2.77719
1.971722e-007 2.75785
1.973722e-007 2.60248
1.975722e-007 2.54966
1.977722e-007 2.58764
1.979722e-007 2.57141
1.981722e-007 2.51755
1.983722e-007 2.4951
1.985722e-007 2.5172
1.987722e-007 2.53136
1.989722e-007 2.51651
1.991722e-007 2.55069
1.993722e-007 2.66636
1.995722e-007 2.78064
1.997722e-007 2.82277
1.999722e-007 2.78858
2.001722e-007 2.74301
2.003722e-007 2.76303
2.005722e-007 2.78548
2.007722e-007 2.75164
2.009722e-007 2.7216
2.011722e-007 2.73507
2.013722e-007 2.81517
2.015722e-007 2.90218
2.017722e-007 2.84935
2.019722e-007 2.6926
2.021722e-007 2.66049
2.023722e-007 2.78133
2.025722e-007 2.85142
2.027722e-007 2.83071
2.029722e-007 2.7689
2.031722e-007 2.6484
2.033722e-007 2.58522
2.035722e-007 2.6377
2.037722e-007 2.66463
2.039722e-007 2.66325
2.041722e-007 2.70952
2.043722e-007 2.74853
2.045722e-007 2.76683
2.047722e-007 2.77132
2.049722e-007 2.73472
2.051722e-007 2.69916
2.053722e-007 2.68949
2.055722e-007 2.67603
2.057722e-007 2.69571
2.059722e-007 2.79445
2.061722e-007 2.87525
2.063722e-007 2.9008
2.065722e-007 3.003
2.067722e-007 3.11901
2.069722e-007 3.07896
2.071722e-007 2.94982
2.073722e-007 2.89078
2.075722e-007 2.94879
2.077722e-007 2.99747
2.079722e-007 2.92566
2.081722e-007 2.85211
2.083722e-007 2.89803
2.085722e-007 2.99298
2.087722e-007 3.0503
2.089722e-007 3.03683
2.091722e-007 2.96018
2.093722e-007 2.90736
2.095722e-007 2.88422
2.097722e-007 2.8055
2.099722e-007 2.73058
2.101722e-007 2.7765
2.103722e-007 2.87145
2.105722e-007 2.89631
2.107722e-007 2.86075
2.109722e-007 2.8314
2.111722e-007 2.9115
2.113722e-007 3.0686
2.115722e-007 3.11452
2.117722e-007 3.04305
2.119722e-007 2.9847
2.121722e-007 2.99229
2.123722e-007 3.0572
2.125722e-007 3.06445
2.127722e-007 2.94499
2.129722e-007 2.89251
2.131722e-007 2.98332
2.133722e-007 2.99747
2.135722e-007 2.88043
2.137722e-007 2.80481
2.139722e-007 2.84383
2.141722e-007 2.94637
2.143722e-007 3.05237
2.145722e-007 3.08586
2.147722e-007 2.99644
2.149722e-007 2.86938
2.151722e-007 2.82656
2.153722e-007 2.90977
2.155722e-007 3.01543
2.157722e-007 3.00956
2.159722e-007 3.00403
2.161722e-007 3.09518
2.163722e-007 3.16113
2.165722e-007 3.19393
2.167722e-007 3.26057
2.169722e-007 3.27369
2.171722e-007 3.18979
2.173722e-007 3.12522
2.175722e-007 3.1014
2.177722e-007 3.07032
2.179722e-007 3.06618
2.181722e-007 3.06445
2.183722e-007 3.0427
2.185722e-007 3.0465
2.187722e-007 3.07757
2.189722e-007 3.08621
2.191722e-007 3.04512
2.193722e-007 3.06169
2.195722e-007 3.21327
2.197722e-007 3.3348
2.199722e-007 3.27818
2.201722e-007 3.12108
2.203722e-007 3.01508
2.205722e-007 3.02302
2.207722e-007 3.03752
2.209722e-007 2.98194
2.211722e-007 2.99022
2.213722e-007 3.13385
2.215722e-007 3.23329
2.217722e-007 3.16079
2.219722e-007 3.06066
2.221722e-007 3.07723
2.223722e-007 3.16113
2.225722e-007 3.22431
2.227722e-007 3.25953
2.229722e-007 3.26264
2.231722e-007 3.23087
2.233722e-007 3.26333
2.235722e-007 3.39557
2.237722e-007 3.47187
2.239722e-007 3.41836
2.241722e-007 3.32168
2.243722e-007 3.20118
2.245722e-007 3.09518
2.247722e-007 3.14283
2.249722e-007 3.33584
2.251722e-007 3.46911
2.253722e-007 3.42423
2.255722e-007 3.30096
2.257722e-007 3.22466
2.259722e-007 3.21983
2.261722e-007 3.25297
2.263722e-007 3.31823
2.265722e-007 3.38314
2.267722e-007 3.37209
2.269722e-007 3.32479
2.271722e-007 3.28197
2.273722e-007 3.2402
2.275722e-007 3.26195
2.277722e-007 3.28301
2.279722e-007 3.21568
2.281722e-007 3.16355
2.283722e-007 3.18185
2.285722e-007 3.24848
2.287722e-007 3.33964
2.289722e-007 3.33653
2.291722e-007 3.21706
2.293722e-007 3.12522
2.295722e-007 3.14801
2.297722e-007 3.2074
2.299722e-007 3.20567
2.301722e-007 3.19497
2.303722e-007 3.20463
2.305722e-007 3.19013
2.307722e-007 3.1922
2.309722e-007 3.27472
2.311722e-007 3.4004
2.313722e-007 3.43527
2.315722e-007 3.37175
2.317722e-007 3.34102
2.319722e-007 3.38728
2.321722e-007 3.46704
2.323722e-007 3.49846
2.325722e-007 3.44909
2.327722e-007 3.39039
2.329722e-007 3.32375
2.331722e-007 3.23329
2.333722e-007 3.23536
2.335722e-007 3.34309
2.337722e-007 3.37692
2.339722e-007 3.2837
2.341722e-007 3.21016
2.343722e-007 3.20878
2.345722e-007 3.25401
2.347722e-007 3.34412
2.349722e-007 3.38038
2.351722e-007 3.35068
2.353722e-007 3.39557
2.355722e-007 3.46669
2.357722e-007 3.44114
2.359722e-007 3.4187
2.361722e-007 3.4446
2.363722e-007 3.39522
2.365722e-007 3.30269
2.367722e-007 3.28957
2.369722e-007 3.33894
2.371722e-007 3.36864
2.373722e-007 3.3279
2.375722e-007 3.28267
2.377722e-007 3.32651
2.379722e-007 3.42215
2.381722e-007 3.53609
2.383722e-007 3.60722
2.385722e-007 3.5499
2.387722e-007 3.45323
2.389722e-007 3.43217
2.391722e-007 3.44736
2.393722e-007 3.46808
2.395722e-007 3.55612
2.397722e-007 3.63415
2.399722e-007 3.55336
2.401722e-007 3.40144
2.403722e-007 3.32651
2.405722e-007 3.34274
2.407722e-007 3.42492
2.409722e-007 3.49984
2.411722e-007 3.48534
2.413722e-007 3.42285
2.415722e-007 3.39799
2.417722e-007 3.42285
2.419722e-007 3.43838
2.421722e-007 3.39039
2.423722e-007 3.35793
2.425722e-007 3.44114
2.427722e-007 3.54542
2.429722e-007 3.55025
2.431722e-007 3.52746
2.433722e-007 3.57545
2.435722e-007 3.65521
2.437722e-007 3.72979
2.439722e-007 3.76086
2.441722e-007 3.6597
2.443722e-007 3.53955
2.445722e-007 3.52505
2.447722e-007 3.47325
2.449722e-007 3.38072
2.451722e-007 3.41042
2.453722e-007 3.50744
2.455722e-007 3.53817
2.457722e-007 3.51434
2.459722e-007 3.54162
2.461722e-007 3.65866
2.463722e-007 3.7215
2.465722e-007 3.62483
2.467722e-007 3.48499
2.469722e-007 3.44114
2.471722e-007 3.51779
2.473722e-007 3.65349
2.475722e-007 3.74774
2.477722e-007 3.7657
2.479722e-007 3.75292
2.481722e-007 3.72323
2.483722e-007 3.67455
2.485722e-007 3.60273
2.487722e-007 3.52919
2.489722e-007 3.5285
2.491722e-007 3.57442
2.493722e-007 3.58823
2.495722e-007 3.59824
2.497722e-007 3.6307
2.499722e-007 3.64969
2.501722e-007 3.65556
2.503722e-007 3.67351
2.505722e-007 3.6673
2.507722e-007 3.62621
2.509722e-007 3.62552
2.511722e-007 3.66212
2.513722e-007 3.69526
2.515722e-007 3.75914
2.517722e-007 3.82439
2.519722e-007 3.83613
2.521722e-007 3.75258
