-2.480886e-007 10.0413
-2.478886e-007 10.0351
-2.476886e-007 10.0672
-2.474886e-007 10.1242
-2.472886e-007 10.11
-2.470886e-007 10.0092
-2.468886e-007 9.98125
-2.466886e-007 10.0624
-2.464886e-007 10.1194
-2.462886e-007 10.0976
-2.460886e-007 10.05
-2.458886e-007 10.0545
-2.456886e-007 10.1159
-2.454886e-007 10.1453
-2.452886e-007 10.1
-2.450886e-007 10.0213
-2.448886e-007 9.96779
-2.446886e-007 10.0096
-2.444886e-007 10.1062
-2.442886e-007 10.1446
-2.440886e-007 10.1674
-2.438886e-007 10.2298
-2.436886e-007 10.2336
-2.434886e-007 10.158
-2.432886e-007 10.1218
-2.430886e-007 10.1587
-2.428886e-007 10.1715
-2.426886e-007 10.1066
-2.424886e-007 10.0044
-2.422886e-007 9.91703
-2.420886e-007 9.92187
-2.418886e-007 9.99576
-2.416886e-007 10.0168
-2.414886e-007 9.97538
-2.412886e-007 9.92325
-2.410886e-007 9.94258
-2.408886e-007 10.0434
-2.406886e-007 10.0586
-2.404886e-007 9.94051
-2.402886e-007 9.8428
-2.400886e-007 9.82001
-2.398886e-007 9.82208
-2.396886e-007 9.89321
-2.394886e-007 10.0365
-2.392886e-007 10.1145
-2.390886e-007 10.0696
-2.388886e-007 10.0085
-2.386886e-007 10.0065
-2.384886e-007 10.0265
-2.382886e-007 10.0431
-2.380886e-007 10.0306
-2.378886e-007 9.97711
-2.376886e-007 9.94189
-2.374886e-007 9.9816
-2.372886e-007 10.0721
-2.370886e-007 10.0765
-2.368886e-007 9.9595
-2.366886e-007 9.89804
-2.364886e-007 9.9526
-2.362886e-007 10.0009
-2.360886e-007 9.99576
-2.358886e-007 9.9671
-2.356886e-007 9.98264
-2.354886e-007 10.0527
-2.352886e-007 10.0486
-2.350886e-007 9.95674
-2.348886e-007 9.91772
-2.346886e-007 9.93775
-2.344886e-007 9.96675
-2.342886e-007 10.012
-2.340886e-007 10.0393
-2.338886e-007 10.0662
-2.336886e-007 10.1104
-2.334886e-007 10.1276
-2.332886e-007 10.1183
-2.330886e-007 10.0665
-2.328886e-007 9.96537
-2.326886e-007 9.90529
-2.324886e-007 9.93084
-2.322886e-007 9.93637
-2.320886e-007 9.88354
-2.318886e-007 9.90771
-2.316886e-007 10.0227
-2.314886e-007 10.0955
-2.312886e-007 10.0904
-2.310886e-007 10.0548
-2.308886e-007 10.0686
-2.306886e-007 10.1518
-2.304886e-007 10.1632
-2.302886e-007 10.0503
-2.300886e-007 9.95501
-2.298886e-007 9.92014
-2.296886e-007 9.92843
-2.294886e-007 10.0061
-2.292886e-007 10.0071
-2.290886e-007 9.83762
-2.288886e-007 9.74854
-2.286886e-007 9.91047
-2.284886e-007 10.1135
-2.282886e-007 10.1435
-2.280886e-007 10.0741
-2.278886e-007 10.0893
-2.276886e-007 10.1863
-2.274886e-007 10.2119
-2.272886e-007 10.1532
-2.270886e-007 10.1266
-2.268886e-007 10.1725
-2.266886e-007 10.2288
-2.264886e-007 10.2198
-2.262886e-007 10.1321
-2.260886e-007 10.0634
-2.258886e-007 10.0714
-2.256886e-007 10.0638
-2.254886e-007 10.0341
-2.252886e-007 10.0486
-2.250886e-007 10.0206
-2.248886e-007 9.91738
-2.246886e-007 9.90322
-2.244886e-007 10.0006
-2.242886e-007 10.0472
-2.240886e-007 10.0161
-2.238886e-007 9.98091
-2.236886e-007 9.97055
-2.234886e-007 10.0116
-2.232886e-007 10.0828
-2.230886e-007 10.1142
-2.228886e-007 10.1
-2.226886e-007 10.0973
-2.224886e-007 10.1131
-2.222886e-007 10.0755
-2.220886e-007 9.99127
-2.218886e-007 9.99817
-2.216886e-007 10.1173
-2.214886e-007 10.175
-2.212886e-007 10.0973
-2.210886e-007 10.0313
-2.208886e-007 10.0496
-2.206886e-007 10.0993
-2.204886e-007 10.1404
-2.202886e-007 10.0607
-2.200886e-007 9.86732
-2.198886e-007 9.77616
-2.196886e-007 9.81276
-2.194886e-007 9.84142
-2.192886e-007 9.87871
-2.190886e-007 9.94776
-2.188886e-007 10.0134
-2.186886e-007 10.0776
-2.184886e-007 10.1107
-2.182886e-007 10.1228
-2.180886e-007 10.1497
-2.178886e-007 10.1339
-2.176886e-007 10.0645
-2.174886e-007 10.0034
-2.172886e-007 9.96365
-2.170886e-007 9.99161
-2.168886e-007 10.0683
-2.166886e-007 10.0289
-2.164886e-007 9.93361
-2.162886e-007 9.98298
-2.160886e-007 10.0772
-2.158886e-007 10.0669
-2.156886e-007 10.0413
-2.154886e-007 10.061
-2.152886e-007 10.0769
-2.150886e-007 10.0852
-2.148886e-007 10.0721
-2.146886e-007 10.0324
-2.144886e-007 10.0344
-2.142886e-007 10.0821
-2.140886e-007 10.1183
-2.138886e-007 10.1463
-2.136886e-007 10.1442
-2.134886e-007 10.069
-2.132886e-007 10.0009
-2.130886e-007 9.99403
-2.128886e-007 9.9923
-2.126886e-007 10.0137
-2.124886e-007 10.0652
-2.122886e-007 10.108
-2.120886e-007 10.1808
-2.118886e-007 10.2357
-2.116886e-007 10.1642
-2.114886e-007 10.0344
-2.112886e-007 9.99576
-2.110886e-007 10.06
-2.108886e-007 10.1138
-2.106886e-007 10.0969
-2.104886e-007 10.0406
-2.102886e-007 9.99645
-2.100886e-007 9.99023
-2.098886e-007 10.0244
-2.096886e-007 10.0696
-2.094886e-007 10.04
-2.092886e-007 9.91634
-2.090886e-007 9.83106
-2.088886e-007 9.91151
-2.086886e-007 10.0752
-2.084886e-007 10.1218
-2.082886e-007 10.0151
-2.080886e-007 9.9229
-2.078886e-007 9.98609
-2.076886e-007 10.1142
-2.074886e-007 10.1435
-2.072886e-007 10.1197
-2.070886e-007 10.1594
-2.068886e-007 10.2264
-2.066886e-007 10.2236
-2.064886e-007 10.1339
-2.062886e-007 10.0627
-2.060886e-007 10.0814
-2.058886e-007 10.0783
-2.056886e-007 9.98091
-2.054886e-007 9.9381
-2.052886e-007 10.0676
-2.050886e-007 10.2015
-2.048886e-007 10.1225
-2.046886e-007 9.94155
-2.044886e-007 9.93395
-2.042886e-007 10.0603
-2.040886e-007 10.0572
-2.038886e-007 9.96641
-2.036886e-007 9.97262
-2.034886e-007 10.0082
-2.032886e-007 10.004
-2.030886e-007 10.0337
-2.028886e-007 10.09
-2.026886e-007 10.0986
-2.024886e-007 10.0493
-2.022886e-007 9.99817
-2.020886e-007 10.0206
-2.018886e-007 10.1107
-2.016886e-007 10.1321
-2.014886e-007 10.0527
-2.012886e-007 9.99886
-2.010886e-007 9.99886
-2.008886e-007 10.0268
-2.006886e-007 10.0893
-2.004886e-007 10.1225
-2.002886e-007 10.0793
-2.000886e-007 10.0327
-1.998886e-007 10.0006
-1.996886e-007 9.95053
-1.994886e-007 9.95432
-1.992886e-007 9.99472
-1.990886e-007 9.97297
-1.988886e-007 9.96157
-1.986886e-007 9.9778
-1.984886e-007 9.92152
-1.982886e-007 9.88492
-1.980886e-007 9.96952
-1.978886e-007 10.0759
-1.976886e-007 10.1242
-1.974886e-007 10.1156
-1.972886e-007 10.0769
-1.970886e-007 10.079
-1.968886e-007 10.1045
-1.966886e-007 10.0786
-1.964886e-007 10.0386
-1.962886e-007 10.013
-1.960886e-007 9.96365
-1.958886e-007 9.94362
-1.956886e-007 10.0303
-1.954886e-007 10.1639
-1.952886e-007 10.2544
-1.950886e-007 10.2613
-1.948886e-007 10.1805
-1.946886e-007 10.0658
-1.944886e-007 9.99023
-1.942886e-007 9.9709
-1.940886e-007 9.97711
-1.938886e-007 10.0165
-1.936886e-007 10.1038
-1.934886e-007 10.196
-1.932886e-007 10.2081
-1.930886e-007 10.0945
-1.928886e-007 9.96641
-1.926886e-007 9.98574
-1.924886e-007 10.1011
-1.922886e-007 10.1187
-1.920886e-007 10.0179
-1.918886e-007 9.91496
-1.916886e-007 9.86214
-1.914886e-007 9.88907
-1.912886e-007 10.0127
-1.910886e-007 10.1308
-1.908886e-007 10.1059
-1.906886e-007 9.9816
-1.904886e-007 9.95156
-1.902886e-007 10.0403
-1.900886e-007 10.0779
-1.898886e-007 10.0358
-1.896886e-007 9.99955
-1.894886e-007 9.9709
-1.892886e-007 9.95087
-1.890886e-007 9.95329
-1.888886e-007 9.98229
-1.886886e-007 10.0562
-1.884886e-007 10.1042
-1.882886e-007 10.04
-1.880886e-007 9.97021
-1.878886e-007 9.9816
-1.876886e-007 9.98747
-1.874886e-007 9.97193
-1.872886e-007 9.99748
-1.870886e-007 10.0451
-1.868886e-007 10.0624
-1.866886e-007 10.0631
-1.864886e-007 10.0693
-1.862886e-007 10.0717
-1.860886e-007 10.0814
-1.858886e-007 10.0948
-1.856886e-007 10.0959
-1.854886e-007 10.081
-1.852886e-007 10.0538
-1.850886e-007 10.0282
-1.848886e-007 10.0179
-1.846886e-007 10.0337
-1.844886e-007 10.042
-1.842886e-007 10.0389
-1.840886e-007 10.079
-1.838886e-007 10.1159
-1.836886e-007 10.0703
-1.834886e-007 9.98781
-1.832886e-007 9.94431
-1.830886e-007 9.93637
-1.828886e-007 9.93568
-1.826886e-007 9.96986
-1.824886e-007 10.0362
-1.822886e-007 10.0793
-1.820886e-007 10.0821
-1.818886e-007 10.0586
-1.816886e-007 10.0396
-1.814886e-007 10.0203
-1.812886e-007 9.94327
-1.810886e-007 9.85765
-1.808886e-007 9.88838
-1.806886e-007 10.004
-1.804886e-007 10.0845
-1.802886e-007 10.1149
-1.800886e-007 10.1539
-1.798886e-007 10.1808
-1.796886e-007 10.1007
-1.794886e-007 9.98781
-1.792886e-007 10.0227
-1.790886e-007 10.128
-1.788886e-007 10.1152
-1.786886e-007 10.0627
-1.784886e-007 10.1069
-1.782886e-007 10.1846
-1.780886e-007 10.1829
-1.778886e-007 10.1007
-1.776886e-007 10.021
-1.774886e-007 9.99058
-1.772886e-007 9.98471
-1.770886e-007 9.96952
-1.768886e-007 9.96537
-1.766886e-007 9.96917
-1.764886e-007 9.94983
-1.762886e-007 9.98505
-1.760886e-007 10.081
-1.758886e-007 10.0786
-1.756886e-007 10.0113
-1.754886e-007 10.0465
-1.752886e-007 10.1487
-1.750886e-007 10.2233
-1.748886e-007 10.235
-1.746886e-007 10.1387
-1.744886e-007 10.0054
-1.742886e-007 9.94017
-1.740886e-007 9.94155
-1.738886e-007 9.99403
-1.736886e-007 10.0317
-1.734886e-007 9.99265
-1.732886e-007 9.94535
-1.730886e-007 9.94466
-1.728886e-007 9.94914
-1.726886e-007 9.89528
-1.724886e-007 9.79826
-1.722886e-007 9.7848
-1.720886e-007 9.91186
-1.718886e-007 10.0558
-1.716886e-007 10.0696
-1.714886e-007 10.0151
-1.712886e-007 10.0503
-1.710886e-007 10.1156
-1.708886e-007 10.069
-1.706886e-007 9.97573
-1.704886e-007 9.99541
-1.702886e-007 10.1
-1.700886e-007 10.1259
-1.698886e-007 10.0431
-1.696886e-007 9.93188
-1.694886e-007 9.88078
-1.692886e-007 9.93395
-1.690886e-007 9.9999
-1.688886e-007 9.97987
-1.686886e-007 9.90702
-1.684886e-007 9.88044
-1.682886e-007 9.95156
-1.680886e-007 10.0272
-1.678886e-007 10.0047
-1.676886e-007 9.98264
-1.674886e-007 10.051
-1.672886e-007 10.0821
-1.670886e-007 10.0127
-1.668886e-007 9.99023
-1.666886e-007 10.0745
-1.664886e-007 10.1529
-1.662886e-007 10.1377
-1.660886e-007 10.0738
-1.658886e-007 10.0707
-1.656886e-007 10.1142
-1.654886e-007 10.1283
-1.652886e-007 10.0955
-1.650886e-007 9.98229
-1.648886e-007 9.8901
-1.646886e-007 9.99679
-1.644886e-007 10.129
-1.642886e-007 10.0672
-1.640886e-007 9.99023
-1.638886e-007 10.0341
-1.636886e-007 10.0862
-1.634886e-007 10.0966
-1.632886e-007 10.061
-1.630886e-007 9.98091
-1.628886e-007 9.9557
-1.626886e-007 10.0078
-1.624886e-007 10.0324
-1.622886e-007 10.0103
-1.620886e-007 9.98436
-1.618886e-007 9.96261
-1.616886e-007 9.96365
-1.614886e-007 10.004
-1.612886e-007 10.0714
-1.610886e-007 10.1342
-1.608886e-007 10.1328
-1.606886e-007 10.0351
-1.604886e-007 9.93844
-1.602886e-007 9.96261
-1.600886e-007 10.0248
-1.598886e-007 10.0344
-1.596886e-007 10.0703
-1.594886e-007 10.1138
-1.592886e-007 10.0835
-1.590886e-007 10.0475
-1.588886e-007 10.0582
-1.586886e-007 10.0741
-1.584886e-007 10.0855
-1.582886e-007 10.0841
-1.580886e-007 10.0472
-1.578886e-007 10.0134
-1.576886e-007 10.0589
-1.574886e-007 10.1511
-1.572886e-007 10.1435
-1.570886e-007 10.0106
-1.568886e-007 9.8939
-1.566886e-007 9.89114
-1.564886e-007 9.96088
-1.562886e-007 10.0261
-1.560886e-007 10.0558
-1.558886e-007 10.0555
-1.556886e-007 10.0576
-1.554886e-007 10.0482
-1.552886e-007 10.0009
-1.550886e-007 10.0096
-1.548886e-007 10.0841
-1.546886e-007 10.0835
-1.544886e-007 10.0127
-1.542886e-007 9.97987
-1.540886e-007 9.99437
-1.538886e-007 10.0092
-1.536886e-007 10.0406
-1.534886e-007 10.1228
-1.532886e-007 10.1622
-1.530886e-007 10.1031
-1.528886e-007 10.071
-1.526886e-007 10.0717
-1.524886e-007 9.98367
-1.522886e-007 9.85385
-1.520886e-007 9.80827
-1.518886e-007 9.89183
-1.516886e-007 10.0531
-1.514886e-007 10.1532
-1.512886e-007 10.099
-1.510886e-007 9.97228
-1.508886e-007 9.92981
-1.506886e-007 9.9595
-1.504886e-007 9.97055
-1.502886e-007 10.0493
-1.500886e-007 10.1825
-1.498886e-007 10.1456
-1.496886e-007 9.98851
-1.494886e-007 9.93015
-1.492886e-007 9.95536
-1.490886e-007 9.94742
-1.488886e-007 9.8794
-1.486886e-007 9.83762
-1.484886e-007 9.89148
-1.482886e-007 9.96675
-1.480886e-007 9.99334
-1.478886e-007 10.0317
-1.476886e-007 10.1028
-1.474886e-007 10.1252
-1.472886e-007 10.1083
-1.470886e-007 10.1073
-1.468886e-007 10.1138
-1.466886e-007 10.127
-1.464886e-007 10.118
-1.462886e-007 10.0562
-1.460886e-007 10.0165
-1.458886e-007 10.0034
-1.456886e-007 9.90219
-1.454886e-007 9.80517
-1.452886e-007 9.86283
-1.450886e-007 9.98022
-1.448886e-007 10.062
-1.446886e-007 10.1149
-1.444886e-007 10.0852
-1.442886e-007 9.96019
-1.440886e-007 9.83141
-1.438886e-007 9.82036
-1.436886e-007 9.96882
-1.434886e-007 10.0962
-1.432886e-007 10.0966
-1.430886e-007 10.1314
-1.428886e-007 10.2129
-1.426886e-007 10.1957
-1.424886e-007 10.1501
-1.422886e-007 10.1542
-1.420886e-007 10.1062
-1.418886e-007 10.0103
-1.416886e-007 9.96226
-1.414886e-007 9.93533
-1.412886e-007 9.88596
-1.410886e-007 9.87733
-1.408886e-007 9.94569
-1.406886e-007 10.0258
-1.404886e-007 10.0717
-1.402886e-007 10.1042
-1.400886e-007 10.1232
-1.398886e-007 10.1194
-1.396886e-007 10.1228
-1.394886e-007 10.0935
-1.392886e-007 10.0165
-1.390886e-007 10.0223
-1.388886e-007 10.0952
-1.386886e-007 10.1049
-1.384886e-007 10.1038
-1.382886e-007 10.1456
-1.380886e-007 10.1501
-1.378886e-007 10.1035
-1.376886e-007 10.098
-1.374886e-007 10.1459
-1.372886e-007 10.1304
-1.370886e-007 10.042
-1.368886e-007 9.99679
-1.366886e-007 10.002
-1.364886e-007 10.0175
-1.362886e-007 10.0413
-1.360886e-007 10.022
-1.358886e-007 9.93119
-1.356886e-007 9.89632
-1.354886e-007 10.0151
-1.352886e-007 10.1422
-1.350886e-007 10.1418
-1.348886e-007 10.11
-1.346886e-007 10.1249
-1.344886e-007 10.1311
-1.342886e-007 10.1591
-1.340886e-007 10.1998
-1.338886e-007 10.1166
-1.336886e-007 9.98678
-1.334886e-007 9.97331
-1.332886e-007 9.98091
-1.330886e-007 9.90771
-1.328886e-007 9.86835
-1.326886e-007 9.92532
-1.324886e-007 9.98989
-1.322886e-007 10.0337
-1.320886e-007 10.0924
-1.318886e-007 10.1535
-1.316886e-007 10.1763
-1.314886e-007 10.1311
-1.312886e-007 10.0765
-1.310886e-007 10.1294
-1.308886e-007 10.2205
-1.306886e-007 10.1767
-1.304886e-007 10.0534
-1.302886e-007 10.0082
-1.300886e-007 10.0469
-1.298886e-007 10.0728
-1.296886e-007 10.0444
-1.294886e-007 10.0482
-1.292886e-007 10.1042
-1.290886e-007 10.1321
-1.288886e-007 10.1107
-1.286886e-007 10.0403
-1.284886e-007 9.95916
-1.282886e-007 9.92359
-1.280886e-007 9.94949
-1.278886e-007 10.0451
-1.276886e-007 10.1221
-1.274886e-007 10.0493
-1.272886e-007 9.8901
-1.270886e-007 9.86386
-1.268886e-007 10.0199
-1.266886e-007 10.1435
-1.264886e-007 10.0741
-1.262886e-007 9.93361
-1.260886e-007 9.90357
-1.258886e-007 9.94189
-1.256886e-007 9.95087
-1.254886e-007 9.98264
-1.252886e-007 10.0569
-1.250886e-007 10.0603
-1.248886e-007 9.95916
-1.246886e-007 9.84902
-1.244886e-007 9.86973
-1.242886e-007 10.0448
-1.240886e-007 10.1705
-1.238886e-007 10.1508
-1.236886e-007 10.1038
-1.234886e-007 10.0986
-1.232886e-007 10.1024
-1.230886e-007 10.0714
-1.228886e-007 10.07
-1.226886e-007 10.1245
-1.224886e-007 10.0993
-1.222886e-007 9.99437
-1.220886e-007 9.99092
-1.218886e-007 10.0817
-1.216886e-007 10.0893
-1.214886e-007 10.0368
-1.212886e-007 10.0078
-1.210886e-007 9.91911
-1.208886e-007 9.83175
-1.206886e-007 9.89873
-1.204886e-007 10.0051
-1.202886e-007 10.0258
-1.200886e-007 10.0289
-1.198886e-007 10.0368
-1.196886e-007 10.0065
-1.194886e-007 9.97124
-1.192886e-007 9.9923
-1.190886e-007 10.0441
-1.188886e-007 10.0748
-1.186886e-007 10.0676
-1.184886e-007 10.0116
-1.182886e-007 9.9633
-1.180886e-007 9.9778
-1.178886e-007 10.0092
-1.176886e-007 10.0355
-1.174886e-007 10.0876
-1.172886e-007 10.1301
-1.170886e-007 10.1045
-1.168886e-007 10.0493
-1.166886e-007 10.0192
-1.164886e-007 9.98436
-1.162886e-007 9.9488
-1.160886e-007 10.003
-1.158886e-007 10.1314
-1.156886e-007 10.2205
-1.154886e-007 10.2171
-1.152886e-007 10.1328
-1.150886e-007 10.0752
-1.148886e-007 10.1297
-1.146886e-007 10.1667
-1.144886e-007 10.0707
-1.142886e-007 9.92739
-1.140886e-007 9.87042
-1.138886e-007 9.96537
-1.136886e-007 10.1125
-1.134886e-007 10.127
-1.132886e-007 10.0268
-1.130886e-007 9.96986
-1.128886e-007 9.97642
-1.126886e-007 9.98505
-1.124886e-007 10.0168
-1.122886e-007 10.0248
-1.120886e-007 9.91807
-1.118886e-007 9.8466
-1.116886e-007 9.94811
-1.114886e-007 10.0824
-1.112886e-007 10.1221
-1.110886e-007 10.0793
-1.108886e-007 10.0217
-1.106886e-007 10.0403
-1.104886e-007 10.0883
-1.102886e-007 10.0634
-1.100886e-007 10.0379
-1.098886e-007 10.0289
-1.096886e-007 9.94707
-1.094886e-007 9.86662
-1.092886e-007 9.8794
-1.090886e-007 9.93223
-1.088886e-007 9.98678
-1.086886e-007 10.0196
-1.084886e-007 9.99092
-1.082886e-007 9.95985
-1.080886e-007 9.97159
-1.078886e-007 9.98609
-1.076886e-007 9.99679
-1.074886e-007 10.0172
-1.072886e-007 10.0538
-1.070886e-007 10.0917
-1.068886e-007 10.1142
-1.066886e-007 10.1311
-1.064886e-007 10.119
-1.062886e-007 10.022
-1.060886e-007 9.88458
-1.058886e-007 9.85005
-1.056886e-007 9.90702
-1.054886e-007 9.94569
-1.052886e-007 10.0027
-1.050886e-007 10.0427
-1.048886e-007 9.99368
-1.046886e-007 9.99645
-1.044886e-007 10.0603
-1.042886e-007 9.9816
-1.040886e-007 9.83313
-1.038886e-007 9.89977
-1.036886e-007 10.138
-1.034886e-007 10.235
-1.032886e-007 10.1508
-1.030886e-007 10.0942
-1.028886e-007 10.1194
-1.026886e-007 10.1459
-1.024886e-007 10.1442
-1.022886e-007 10.1346
-1.020886e-007 10.1111
-1.018886e-007 10.0627
-1.016886e-007 10.0434
-1.014886e-007 10.0645
-1.012886e-007 10.0444
-1.010886e-007 9.96399
-1.008886e-007 9.92221
-1.006886e-007 10.002
-1.004886e-007 10.1183
-1.002886e-007 10.1173
-1.000886e-007 10.0334
-9.98886e-008 10.0196
-9.96886e-008 10.0562
-9.94886e-008 10.0493
-9.92886e-008 10.0551
-9.90886e-008 10.0824
-9.88886e-008 10.0351
-9.86886e-008 9.94362
-9.84886e-008 9.8756
-9.82886e-008 9.85109
-9.80886e-008 9.91911
-9.78886e-008 10.0365
-9.76886e-008 10.0624
-9.74886e-008 9.97642
-9.72886e-008 9.87526
-9.70886e-008 9.81829
-9.68886e-008 9.84349
-9.66886e-008 9.94604
-9.64886e-008 10.0251
-9.62886e-008 10.0158
-9.60886e-008 9.96503
-9.58886e-008 9.96468
-9.56886e-008 10.0261
-9.54886e-008 10.0458
-9.52886e-008 10.0085
-9.50886e-008 10.0448
-9.48886e-008 10.148
-9.46886e-008 10.1366
-9.44886e-008 9.97608
-9.42886e-008 9.86283
-9.40886e-008 9.92532
-9.38886e-008 10.0379
-9.36886e-008 10.0282
-9.34886e-008 9.96434
-9.32886e-008 10.0037
-9.30886e-008 10.0731
-9.28886e-008 10.0479
-9.26886e-008 9.99334
-9.24886e-008 9.96399
-9.22886e-008 9.94051
-9.20886e-008 9.97366
-9.18886e-008 10.0475
-9.16886e-008 9.99472
-9.14886e-008 9.80896
-9.12886e-008 9.75545
-9.10886e-008 9.96641
-9.08886e-008 10.1839
-9.06886e-008 10.1477
-9.04886e-008 9.97538
-9.02886e-008 9.91393
-9.00886e-008 9.97642
-8.98886e-008 10.0258
-8.96886e-008 10.0289
-8.94886e-008 10.0576
-8.92886e-008 10.1225
-8.90886e-008 10.1128
-8.88886e-008 9.98851
-8.86886e-008 9.91842
-8.84886e-008 9.99368
-8.82886e-008 10.0413
-8.80886e-008 9.96261
-8.78886e-008 9.93154
-8.76886e-008 10.0272
-8.74886e-008 10.1021
-8.72886e-008 10.1135
-8.70886e-008 10.0717
-8.68886e-008 9.94638
-8.66886e-008 9.85316
-8.64886e-008 9.88734
-8.62886e-008 10.0054
-8.60886e-008 10.1397
-8.58886e-008 10.1877
-8.56886e-008 10.1266
-8.54886e-008 10.0486
-8.52886e-008 9.94707
-8.50886e-008 9.79688
-8.48886e-008 9.74682
-8.46886e-008 9.87905
-8.44886e-008 10.0365
-8.42886e-008 10.1062
-8.40886e-008 10.1211
-8.38886e-008 10.1166
-8.36886e-008 10.1446
-8.34886e-008 10.1891
-8.32886e-008 10.1615
-8.30886e-008 10.1038
-8.28886e-008 10.1062
-8.26886e-008 10.1166
-8.24886e-008 10.0627
-8.22886e-008 10.0078
-8.20886e-008 10.0413
-8.18886e-008 10.1042
-8.16886e-008 10.0572
-8.14886e-008 9.94293
-8.12886e-008 9.91151
-8.10886e-008 9.94086
-8.08886e-008 9.93706
-8.06886e-008 9.93464
-8.04886e-008 9.94742
-8.02886e-008 9.887
-8.00886e-008 9.82864
-7.98886e-008 9.91807
-7.96886e-008 10.0776
-7.94886e-008 10.1853
-7.92886e-008 10.2219
-7.90886e-008 10.1784
-7.88886e-008 10.1207
-7.86886e-008 10.1508
-7.84886e-008 10.2133
-7.82886e-008 10.1895
-7.80886e-008 10.0721
-7.78886e-008 9.97677
-7.76886e-008 9.99679
-7.74886e-008 10.0458
-7.72886e-008 10.0413
-7.70886e-008 10.0009
-7.68886e-008 9.94638
-7.66886e-008 9.95294
-7.64886e-008 10.0175
-7.62886e-008 10.0248
-7.60886e-008 9.99299
-7.58886e-008 10.0251
-7.56886e-008 10.0372
-7.54886e-008 9.9305
-7.52886e-008 9.86835
-7.50886e-008 9.92981
-7.48886e-008 9.94845
-7.46886e-008 9.9198
-7.44886e-008 9.99196
-7.42886e-008 10.1373
-7.40886e-008 10.1819
-7.38886e-008 10.0596
-7.36886e-008 9.91842
-7.34886e-008 9.91565
-7.32886e-008 9.98402
-7.30886e-008 10.0261
-7.28886e-008 10.0807
-7.26886e-008 10.1194
-7.24886e-008 10.0703
-7.22886e-008 9.98678
-7.20886e-008 9.96606
-7.18886e-008 10.0424
-7.16886e-008 10.128
-7.14886e-008 10.1183
-7.12886e-008 10.0862
-7.10886e-008 10.1249
-7.08886e-008 10.1497
-7.06886e-008 10.1104
-7.04886e-008 10.0562
-7.02886e-008 9.99817
-7.00886e-008 9.95294
-6.98886e-008 9.95674
-6.96886e-008 9.97262
-6.94886e-008 9.94258
-6.92886e-008 9.93741
-6.90886e-008 10.0127
-6.88886e-008 10.0614
-6.86886e-008 10.0507
-6.84886e-008 10.0752
-6.82886e-008 10.1111
-6.80886e-008 10.0596
-6.78886e-008 9.97504
-6.76886e-008 10.0092
-6.74886e-008 10.1377
-6.72886e-008 10.1667
-6.70886e-008 10.1201
-6.68886e-008 10.1522
-6.66886e-008 10.1591
-6.64886e-008 10.0614
-6.62886e-008 9.99299
-6.60886e-008 10.0054
-6.58886e-008 10.0424
-6.56886e-008 10.0375
-6.54886e-008 9.99023
-6.52886e-008 10.0092
-6.50886e-008 10.1204
-6.48886e-008 10.1501
-6.46886e-008 10.0444
-6.44886e-008 10.0113
-6.42886e-008 10.0831
-6.40886e-008 10.0948
-6.38886e-008 10.0496
-6.36886e-008 10.0541
-6.34886e-008 10.127
-6.32886e-008 10.1708
-6.30886e-008 10.1159
-6.28886e-008 10.0614
-6.26886e-008 10.0969
-6.24886e-008 10.127
-6.22886e-008 10.0793
-6.20886e-008 10.042
-6.18886e-008 10.0582
-6.16886e-008 10.0762
-6.14886e-008 10.108
-6.12886e-008 10.1674
-6.10886e-008 10.177
-6.08886e-008 10.1159
-6.06886e-008 10.0824
-6.04886e-008 10.0935
-6.02886e-008 10.0527
-6.00886e-008 9.96848
-5.98886e-008 9.96503
-5.96886e-008 10.0482
-5.94886e-008 10.0534
-5.92886e-008 9.97055
-5.90886e-008 9.96434
-5.88886e-008 10.0034
-5.86886e-008 9.96226
-5.84886e-008 9.92221
-5.82886e-008 9.97953
-5.80886e-008 10.0562
-5.78886e-008 10.0386
-5.76886e-008 9.96296
-5.74886e-008 9.9999
-5.72886e-008 10.1491
-5.70886e-008 10.2064
-5.68886e-008 10.1183
-5.66886e-008 10.0282
-5.64886e-008 10.0092
-5.62886e-008 10.0437
-5.60886e-008 10.1359
-5.58886e-008 10.2202
-5.56886e-008 10.2057
-5.54886e-008 10.1183
-5.52886e-008 10.0089
-5.50886e-008 9.92636
-5.48886e-008 9.94569
-5.46886e-008 10.0334
-5.44886e-008 10.098
-5.42886e-008 10.1104
-5.40886e-008 10.0503
-5.38886e-008 9.97262
-5.36886e-008 9.97918
-5.34886e-008 10.0296
-5.32886e-008 10.0313
-5.30886e-008 10.0027
-5.28886e-008 9.97193
-5.26886e-008 9.92808
-5.24886e-008 9.9015
-5.22886e-008 9.94017
-5.20886e-008 10.0379
-5.18886e-008 10.1007
-5.16886e-008 10.0441
-5.14886e-008 9.92843
-5.12886e-008 9.93292
-5.10886e-008 10.0731
-5.08886e-008 10.1487
-5.06886e-008 10.1024
-5.04886e-008 10.0303
-5.02886e-008 10.0141
-5.00886e-008 10.0765
-4.98886e-008 10.1456
-4.96886e-008 10.157
-4.94886e-008 10.1377
-4.92886e-008 10.1073
-4.90886e-008 10.0824
-4.88886e-008 10.0841
-4.86886e-008 10.0496
-4.84886e-008 9.9923
-4.82886e-008 9.9961
-4.80886e-008 10.0282
-4.78886e-008 10.0579
-4.76886e-008 10.1218
-4.74886e-008 10.2105
-4.72886e-008 10.2188
-4.70886e-008 10.1152
-4.68886e-008 10.0137
-4.66886e-008 10.0058
-4.64886e-008 10.1131
-4.62886e-008 10.2589
-4.60886e-008 10.2806
-4.58886e-008 10.1294
-4.56886e-008 9.93223
-4.54886e-008 9.86524
-4.52886e-008 9.96399
-4.50886e-008 10.0703
-4.48886e-008 10.1128
-4.46886e-008 10.1352
-4.44886e-008 10.0658
-4.42886e-008 9.90391
-4.40886e-008 9.84142
-4.38886e-008 9.92014
-4.36886e-008 9.96503
-4.34886e-008 9.92808
-4.32886e-008 9.92325
-4.30886e-008 9.96917
-4.28886e-008 10.051
-4.26886e-008 10.128
-4.24886e-008 10.1042
-4.22886e-008 10.0379
-4.20886e-008 9.99334
-4.18886e-008 9.96882
-4.16886e-008 10.0289
-4.14886e-008 10.1335
-4.12886e-008 10.1687
-4.10886e-008 10.1339
-4.08886e-008 10.1121
-4.06886e-008 10.1404
-4.04886e-008 10.1135
-4.02886e-008 9.95122
-4.00886e-008 9.77513
-3.98886e-008 9.77237
-3.96886e-008 9.93982
-3.94886e-008 10.1128
-3.92886e-008 10.1988
-3.90886e-008 10.1815
-3.88886e-008 10.0952
-3.86886e-008 10.0199
-3.84886e-008 9.9923
-3.82886e-008 10.0071
-3.80886e-008 10.042
-3.78886e-008 10.0368
-3.76886e-008 10.012
-3.74886e-008 10.0824
-3.72886e-008 10.2033
-3.70886e-008 10.1857
-3.68886e-008 10.0179
-3.66886e-008 9.91565
-3.64886e-008 9.96261
-3.62886e-008 10.0109
-3.60886e-008 10.0396
-3.58886e-008 10.1318
-3.56886e-008 10.2637
-3.54886e-008 10.3093
-3.52886e-008 10.2036
-3.50886e-008 10.1111
-3.48886e-008 10.119
-3.46886e-008 10.1304
-3.44886e-008 10.1176
-3.42886e-008 10.0983
-3.40886e-008 10.1076
-3.38886e-008 10.1394
-3.36886e-008 10.0917
-3.34886e-008 10.0203
-3.32886e-008 10.0686
-3.30886e-008 10.099
-3.28886e-008 10.013
-3.26886e-008 9.99576
-3.24886e-008 10.033
-3.22886e-008 9.99472
-3.20886e-008 9.96744
-3.18886e-008 9.99507
-3.16886e-008 10.0458
-3.14886e-008 10.129
-3.12886e-008 10.1618
-3.10886e-008 10.1011
-3.08886e-008 10.0924
-3.06886e-008 10.1563
-3.04886e-008 10.1249
-3.02886e-008 10.0034
-3.00886e-008 9.89839
-2.98886e-008 9.84004
-2.96886e-008 9.87629
-2.94886e-008 9.96088
-2.92886e-008 9.96434
-2.90886e-008 9.92498
-2.88886e-008 9.95639
-2.86886e-008 10.08
-2.84886e-008 10.1863
-2.82886e-008 10.1352
-2.80886e-008 10.0282
-2.78886e-008 9.99161
-2.76886e-008 9.90702
-2.74886e-008 9.78997
-2.72886e-008 9.82243
-2.70886e-008 9.97193
-2.68886e-008 10.0952
-2.66886e-008 10.139
-2.64886e-008 10.1138
-2.62886e-008 10.0931
-2.60886e-008 10.1183
-2.58886e-008 10.1228
-2.56886e-008 10.0382
-2.54886e-008 9.92083
-2.52886e-008 9.90046
-2.50886e-008 9.97711
-2.48886e-008 10.051
-2.46886e-008 10.0807
-2.44886e-008 10.0337
-2.42886e-008 9.93257
-2.40886e-008 9.8832
-2.38886e-008 9.93395
-2.36886e-008 10.0755
-2.34886e-008 10.1915
-2.32886e-008 10.127
-2.30886e-008 9.95812
-2.28886e-008 9.8939
-2.26886e-008 10.0078
-2.24886e-008 10.1415
-2.22886e-008 10.1221
-2.20886e-008 10.0379
-2.18886e-008 9.97642
-2.16886e-008 9.89804
-2.14886e-008 9.8687
-2.12886e-008 9.92912
-2.10886e-008 9.95778
-2.08886e-008 9.92325
-2.06886e-008 9.94604
-2.04886e-008 10.0006
-2.02886e-008 9.95536
-2.00886e-008 9.88769
-1.98886e-008 9.92636
-1.96886e-008 10.0175
-1.94886e-008 10.0762
-1.92886e-008 10.0973
-1.90886e-008 10.0969
-1.88886e-008 10.1018
-1.86886e-008 10.1152
-1.84886e-008 10.0855
-1.82886e-008 10.0375
-1.80886e-008 10.0762
-1.78886e-008 10.1604
-1.76886e-008 10.1739
-1.74886e-008 10.1056
-1.72886e-008 10.0034
-1.70886e-008 9.93879
-1.68886e-008 9.92981
-1.66886e-008 9.97953
-1.64886e-008 10.118
-1.62886e-008 10.1801
-1.60886e-008 10.0327
-1.58886e-008 9.89804
-1.56886e-008 9.95087
-1.54886e-008 10.079
-1.52886e-008 10.1435
-1.50886e-008 10.1207
-1.48886e-008 10.0717
-1.46886e-008 10.0431
-1.44886e-008 10.0068
-1.42886e-008 9.93775
-1.40886e-008 9.92601
-1.38886e-008 9.96813
-1.36886e-008 9.92981
-1.34886e-008 9.8794
-1.32886e-008 9.90978
-1.30886e-008 9.97021
-1.28886e-008 10.0437
-1.26886e-008 10.07
-1.24886e-008 9.99955
-1.22886e-008 9.93533
-1.20886e-008 9.90702
-1.18886e-008 9.87491
-1.16886e-008 9.88285
-1.14886e-008 9.88561
-1.12886e-008 9.84971
-1.10886e-008 9.90219
-1.08886e-008 10.0424
-1.06886e-008 10.1359
-1.04886e-008 10.1408
-1.02886e-008 10.0911
-1.00886e-008 10.0313
-9.888597e-009 9.99645
-9.688597e-009 10.0044
-9.488597e-009 10.0182
-9.288597e-009 9.96434
-9.088597e-009 9.88631
-8.888597e-009 9.90115
-8.688597e-009 9.97677
-8.488597e-009 9.97297
-8.288597e-009 9.8794
-8.088597e-009 9.82899
-7.888597e-009 9.87836
-7.688597e-009 9.95432
-7.488597e-009 10.0372
-7.288597e-009 10.127
-7.088597e-009 10.1957
-6.888597e-009 10.2112
-6.688597e-009 10.118
-6.488597e-009 10.0279
-6.288597e-009 10.0638
-6.088597e-009 10.128
-5.888597e-009 10.1342
-5.688597e-009 10.0703
-5.488597e-009 9.97193
-5.288597e-009 9.93948
-5.088597e-009 9.98402
-4.888597e-009 10.0299
-4.688597e-009 10.061
-4.488597e-009 10.0786
-4.288597e-009 10.031
-4.088597e-009 9.92187
-3.888597e-009 9.88044
-3.688597e-009 9.96952
-3.488597e-009 10.0558
-3.288597e-009 10.0299
-3.088597e-009 9.9595
-2.888597e-009 9.95847
-2.688597e-009 10.0372
-2.488597e-009 10.0955
-2.288597e-009 10.0869
-2.088597e-009 10.0759
-1.888597e-009 10.0009
-1.688597e-009 9.65152
-1.488597e-009 8.88191
-1.288597e-009 7.68279
-1.088597e-009 6.2841
-8.885965e-010 5.0028
-6.885965e-010 3.91934
-4.885965e-010 3.01853
-2.885965e-010 2.41776
-8.859655e-011 2.13326
1.114035e-010 1.94129
3.114035e-010 1.71963
5.114035e-010 1.55113
7.114035e-010 1.4914
9.114035e-010 1.48139
1.111403e-009 1.43996
1.311403e-009 1.38368
1.511403e-009 1.36814
1.711403e-009 1.3709
1.911403e-009 1.32118
2.111403e-009 1.23694
2.311403e-009 1.21519
2.511403e-009 1.22589
2.711403e-009 1.22416
2.911403e-009 1.29494
3.111403e-009 1.4189
3.311403e-009 1.44652
3.511403e-009 1.34777
3.711403e-009 1.24212
3.911403e-009 1.22071
4.111403e-009 1.24868
4.311403e-009 1.25179
4.511403e-009 1.22037
4.711403e-009 1.20897
4.911403e-009 1.24971
5.111403e-009 1.32118
5.311403e-009 1.37436
5.511403e-009 1.3678
5.711403e-009 1.33776
5.911403e-009 1.30945
6.111403e-009 1.27803
6.311403e-009 1.287
6.511403e-009 1.30116
6.711403e-009 1.2252
6.911403e-009 1.13957
7.111403e-009 1.15994
7.311403e-009 1.20656
7.511403e-009 1.21242
7.711403e-009 1.23107
7.911403e-009 1.24764
8.111403e-009 1.2687
8.311403e-009 1.36849
8.511403e-009 1.45032
8.711403e-009 1.36676
8.911403e-009 1.21277
9.111403e-009 1.16029
9.311403e-009 1.17375
9.511403e-009 1.15994
9.711403e-009 1.1703
9.911403e-009 1.23383
1.01114e-008 1.24074
1.03114e-008 1.16581
1.05114e-008 1.15028
1.07114e-008 1.20517
1.09114e-008 1.20552
1.11114e-008 1.1741
1.13114e-008 1.18687
1.15114e-008 1.21346
1.17114e-008 1.21726
1.19114e-008 1.20897
1.21114e-008 1.23867
1.23114e-008 1.30634
1.25114e-008 1.30772
1.27114e-008 1.24108
1.29114e-008 1.20863
1.31114e-008 1.21104
1.33114e-008 1.2214
1.35114e-008 1.23418
1.37114e-008 1.20207
1.39114e-008 1.12127
1.41114e-008 1.06154
1.43114e-008 1.06948
1.45114e-008 1.14579
1.47114e-008 1.22209
1.49114e-008 1.17721
1.51114e-008 1.07086
1.53114e-008 1.04221
1.55114e-008 1.01493
1.57114e-008 0.957961
1.59114e-008 1.00181
1.61114e-008 1.09158
1.63114e-008 1.1047
1.65114e-008 1.14337
1.67114e-008 1.26387
1.69114e-008 1.33534
1.71114e-008 1.32844
1.73114e-008 1.28182
1.75114e-008 1.17237
1.77114e-008 1.08606
1.79114e-008 1.10539
1.81114e-008 1.14026
1.83114e-008 1.14233
1.85114e-008 1.14199
1.87114e-008 1.09849
1.89114e-008 0.996631
1.91114e-008 0.94415
1.93114e-008 1.00561
1.95114e-008 1.0971
1.97114e-008 1.1375
1.99114e-008 1.13094
2.01114e-008 1.10608
2.03114e-008 1.07915
2.05114e-008 1.04635
2.07114e-008 1.00008
2.09114e-008 1.017
2.11114e-008 1.10436
2.13114e-008 1.1047
2.15114e-008 1.01942
2.17114e-008 1.02494
2.19114e-008 1.11264
2.21114e-008 1.09469
2.23114e-008 0.991107
2.25114e-008 0.997321
2.27114e-008 1.10228
2.29114e-008 1.14372
2.31114e-008 1.08744
2.33114e-008 1.00146
2.35114e-008 0.950365
2.37114e-008 0.983856
2.39114e-008 1.05498
2.41114e-008 1.06568
2.43114e-008 1.06638
2.45114e-008 1.1413
2.47114e-008 1.2107
2.49114e-008 1.18584
2.51114e-008 1.11057
2.53114e-008 1.07397
2.55114e-008 1.10988
2.57114e-008 1.16581
2.59114e-008 1.17099
2.61114e-008 1.13163
2.63114e-008 1.08537
2.65114e-008 1.04013
2.67114e-008 1.04013
2.69114e-008 1.09883
2.71114e-008 1.13957
2.73114e-008 1.13198
2.75114e-008 1.11678
2.77114e-008 1.1154
2.79114e-008 1.14199
2.81114e-008 1.18411
2.83114e-008 1.16685
2.85114e-008 1.10297
2.87114e-008 1.08847
2.89114e-008 1.12783
2.91114e-008 1.16685
2.93114e-008 1.15442
2.95114e-008 1.09365
2.97114e-008 1.05636
2.99114e-008 1.06534
3.01114e-008 1.08019
3.03114e-008 1.10263
3.05114e-008 1.1596
3.07114e-008 1.18273
3.09114e-008 1.08329
3.11114e-008 0.965902
3.13114e-008 0.99525
3.15114e-008 1.09952
3.17114e-008 1.09918
3.19114e-008 1.01838
3.21114e-008 1.03737
3.23114e-008 1.16098
3.25114e-008 1.20483
3.27114e-008 1.18653
3.29114e-008 1.24453
3.31114e-008 1.29425
3.33114e-008 1.23556
3.35114e-008 1.14406
3.37114e-008 1.14648
3.39114e-008 1.24419
3.41114e-008 1.24143
3.43114e-008 1.08502
3.45114e-008 0.980403
3.47114e-008 0.990416
3.49114e-008 1.01631
3.51114e-008 1.05084
3.53114e-008 1.1192
3.55114e-008 1.15269
3.57114e-008 1.0971
3.59114e-008 1.03496
3.61114e-008 1.04566
3.63114e-008 1.08122
3.65114e-008 1.07673
3.67114e-008 1.02978
3.69114e-008 0.994559
3.71114e-008 1.03219
3.73114e-008 1.11092
3.75114e-008 1.15615
3.77114e-008 1.16581
3.79114e-008 1.14441
3.81114e-008 1.06948
3.83114e-008 0.986273
3.85114e-008 0.973152
3.87114e-008 1.01838
3.89114e-008 1.09089
3.91114e-008 1.19689
3.93114e-008 1.20863
3.95114e-008 1.04566
3.97114e-008 0.922743
3.99114e-008 0.962104
4.01114e-008 1.03703
4.03114e-008 1.09918
4.05114e-008 1.14924
4.07114e-008 1.12438
4.09114e-008 1.05602
4.11114e-008 1.0429
4.13114e-008 1.06258
4.15114e-008 1.0612
4.17114e-008 1.09641
4.19114e-008 1.16443
4.21114e-008 1.14233
4.23114e-008 1.05636
4.25114e-008 1.01528
4.27114e-008 0.999048
4.29114e-008 0.994559
4.31114e-008 1.04152
4.33114e-008 1.12404
4.35114e-008 1.16823
4.37114e-008 1.13301
4.39114e-008 1.09641
4.41114e-008 1.1306
4.43114e-008 1.17652
4.45114e-008 1.20069
4.47114e-008 1.23694
4.49114e-008 1.23107
4.51114e-008 1.15131
4.53114e-008 1.10505
4.55114e-008 1.11817
4.57114e-008 1.10436
4.59114e-008 1.08226
4.61114e-008 1.10194
4.63114e-008 1.11644
4.65114e-008 1.10263
4.67114e-008 1.10401
4.69114e-008 1.09918
4.71114e-008 1.06361
4.73114e-008 1.05326
4.75114e-008 1.05153
4.77114e-008 1.0101
4.79114e-008 0.985237
4.81114e-008 1.0132
4.83114e-008 1.06361
4.85114e-008 1.12438
4.87114e-008 1.18239
4.89114e-008 1.22555
4.91114e-008 1.21035
4.93114e-008 1.09331
4.95114e-008 0.983165
4.97114e-008 1.00941
4.99114e-008 1.12024
5.01114e-008 1.1779
5.03114e-008 1.13681
5.05114e-008 1.07225
5.07114e-008 1.05567
5.09114e-008 1.06154
5.11114e-008 1.05636
5.13114e-008 1.06292
5.15114e-008 1.00181
5.17114e-008 0.858177
5.19114e-008 0.852998
5.21114e-008 0.966938
5.23114e-008 0.992833
5.25114e-008 0.992488
5.27114e-008 1.06327
5.29114e-008 1.12127
5.31114e-008 1.09365
5.33114e-008 1.02149
5.35114e-008 0.997667
5.37114e-008 1.08019
5.39114e-008 1.21346
5.41114e-008 1.28286
5.43114e-008 1.26111
5.45114e-008 1.18895
5.47114e-008 1.10884
5.49114e-008 1.05222
5.51114e-008 1.02667
5.53114e-008 1.02529
5.55114e-008 1.02115
5.57114e-008 0.997667
5.59114e-008 0.991107
5.61114e-008 1.04083
5.63114e-008 1.11402
5.65114e-008 1.14303
5.67114e-008 1.13854
5.69114e-008 1.16167
5.71114e-008 1.20483
5.73114e-008 1.23314
5.75114e-008 1.24971
5.77114e-008 1.22451
5.79114e-008 1.11264
5.81114e-008 0.985582
5.83114e-008 0.970736
5.85114e-008 1.04117
5.87114e-008 1.05602
5.89114e-008 1.01286
5.91114e-008 1.03875
5.93114e-008 1.16167
5.95114e-008 1.25904
5.97114e-008 1.21588
5.99114e-008 1.08226
6.01114e-008 1.02218
6.03114e-008 1.09227
6.05114e-008 1.16685
6.07114e-008 1.17617
6.09114e-008 1.19792
6.11114e-008 1.20448
6.13114e-008 1.1337
6.15114e-008 1.09676
6.17114e-008 1.13163
6.19114e-008 1.13336
6.21114e-008 1.07604
6.23114e-008 1.046
6.25114e-008 1.14372
6.27114e-008 1.30668
6.29114e-008 1.30461
6.31114e-008 1.16029
6.33114e-008 1.14924
6.35114e-008 1.23072
6.37114e-008 1.17099
6.39114e-008 1.02218
6.41114e-008 0.962449
6.43114e-008 1.03772
6.45114e-008 1.13508
6.47114e-008 1.12852
6.49114e-008 1.08226
6.51114e-008 1.0826
6.53114e-008 1.09952
6.55114e-008 1.12542
6.57114e-008 1.15028
6.59114e-008 1.10608
6.61114e-008 1.0391
6.63114e-008 1.10919
6.65114e-008 1.24384
6.67114e-008 1.22969
6.69114e-008 1.12369
6.71114e-008 1.06361
6.73114e-008 1.04842
6.75114e-008 1.06154
6.77114e-008 1.03703
6.79114e-008 0.946912
6.81114e-008 0.92516
6.83114e-008 1.00423
6.85114e-008 1.08019
6.87114e-008 1.10988
6.89114e-008 1.09469
6.91114e-008 1.10297
6.93114e-008 1.16685
6.95114e-008 1.17445
6.97114e-008 1.12127
6.99114e-008 1.13508
7.01114e-008 1.18135
7.03114e-008 1.15787
7.05114e-008 1.11161
7.07114e-008 1.09469
7.09114e-008 1.094
7.11114e-008 1.12024
7.13114e-008 1.12887
7.15114e-008 1.07881
7.17114e-008 1.10263
7.19114e-008 1.22762
7.21114e-008 1.27147
7.23114e-008 1.25282
7.25114e-008 1.25593
7.27114e-008 1.17824
7.29114e-008 1.04048
7.31114e-008 1.01044
7.33114e-008 1.11333
7.35114e-008 1.18791
7.37114e-008 1.12093
7.39114e-008 1.04083
7.41114e-008 1.06223
7.43114e-008 1.10712
7.45114e-008 1.15615
7.47114e-008 1.24453
7.49114e-008 1.29149
7.51114e-008 1.23349
7.53114e-008 1.18826
7.55114e-008 1.22796
7.57114e-008 1.22347
7.59114e-008 1.15166
7.61114e-008 1.11851
7.63114e-008 1.12231
7.65114e-008 1.13336
7.67114e-008 1.11299
7.69114e-008 1.03668
7.71114e-008 1.03979
7.73114e-008 1.1337
7.75114e-008 1.14061
7.77114e-008 1.08709
7.79114e-008 1.09089
7.81114e-008 1.11195
7.83114e-008 1.08329
7.85114e-008 1.03323
7.87114e-008 1.02701
7.89114e-008 1.08571
7.91114e-008 1.16132
7.93114e-008 1.20932
7.95114e-008 1.22209
7.97114e-008 1.14613
7.99114e-008 1.02943
8.01114e-008 1.0719
8.03114e-008 1.26836
8.05114e-008 1.39335
8.07114e-008 1.36642
8.09114e-008 1.28493
8.11114e-008 1.24868
8.13114e-008 1.26525
8.15114e-008 1.27043
8.17114e-008 1.2435
8.19114e-008 1.22175
8.21114e-008 1.24592
8.23114e-008 1.26145
8.25114e-008 1.18101
8.27114e-008 1.09365
8.29114e-008 1.10436
8.31114e-008 1.1154
8.33114e-008 1.04704
8.35114e-008 0.965211
8.37114e-008 0.9514
8.39114e-008 1.02874
8.41114e-008 1.12335
8.43114e-008 1.12749
8.45114e-008 1.05326
8.47114e-008 1.01804
8.49114e-008 1.06603
8.51114e-008 1.12576
8.53114e-008 1.16029
8.55114e-008 1.2176
8.57114e-008 1.25938
8.59114e-008 1.19965
8.61114e-008 1.12196
8.63114e-008 1.11817
8.65114e-008 1.12162
8.67114e-008 1.11057
8.69114e-008 1.14924
8.71114e-008 1.1993
8.73114e-008 1.19136
8.75114e-008 1.12783
8.77114e-008 1.04497
8.79114e-008 1.01735
8.81114e-008 1.05774
8.83114e-008 1.11195
8.85114e-008 1.14786
8.87114e-008 1.1306
8.89114e-008 1.10263
8.91114e-008 1.16581
8.93114e-008 1.27354
8.95114e-008 1.30876
8.97114e-008 1.3053
8.99114e-008 1.30565
9.01114e-008 1.25386
9.03114e-008 1.16996
9.05114e-008 1.13819
9.07114e-008 1.13439
9.09114e-008 1.10919
9.11114e-008 1.0902
9.13114e-008 1.10332
9.15114e-008 1.16858
9.17114e-008 1.21864
9.19114e-008 1.17962
9.21114e-008 1.16098
9.23114e-008 1.21381
9.25114e-008 1.22693
9.27114e-008 1.18964
9.29114e-008 1.19551
9.31114e-008 1.24419
9.33114e-008 1.24695
9.35114e-008 1.15407
9.37114e-008 1.03496
9.39114e-008 1.0063
9.41114e-008 1.06948
9.43114e-008 1.15235
9.45114e-008 1.21173
9.47114e-008 1.21484
9.49114e-008 1.18618
9.51114e-008 1.18791
9.53114e-008 1.18791
9.55114e-008 1.11022
9.57114e-008 1.00699
9.59114e-008 1.04324
9.61114e-008 1.24384
9.63114e-008 1.39438
9.65114e-008 1.32015
9.67114e-008 1.16961
9.69114e-008 1.18204
9.71114e-008 1.25006
9.73114e-008 1.18757
9.75114e-008 1.07639
9.77114e-008 0.986618
9.79114e-008 0.928613
9.81114e-008 0.981439
9.83114e-008 1.11609
9.85114e-008 1.1741
9.87114e-008 1.09227
9.89114e-008 0.992488
9.91114e-008 1.00077
9.93114e-008 1.07017
9.95114e-008 1.07708
9.97114e-008 1.01079
9.99114e-008 0.987654
1.001114e-007 1.05843
1.003114e-007 1.13301
1.005114e-007 1.14303
1.007114e-007 1.15407
1.009114e-007 1.22209
1.011114e-007 1.26387
1.013114e-007 1.25386
1.015114e-007 1.23728
1.017114e-007 1.16029
1.019114e-007 1.05222
1.021114e-007 1.06396
1.023114e-007 1.20345
1.025114e-007 1.29805
1.027114e-007 1.23694
1.029114e-007 1.08744
1.031114e-007 0.995595
1.033114e-007 1.04946
1.035114e-007 1.14026
1.037114e-007 1.1489
1.039114e-007 1.15338
1.041114e-007 1.17652
1.043114e-007 1.15028
1.045114e-007 1.15476
1.047114e-007 1.24315
1.049114e-007 1.26007
1.051114e-007 1.16858
1.053114e-007 1.12265
1.055114e-007 1.16236
1.057114e-007 1.23383
1.059114e-007 1.27492
1.061114e-007 1.1993
1.063114e-007 1.05118
1.065114e-007 1.00699
1.067114e-007 1.09814
1.069114e-007 1.19516
1.071114e-007 1.21622
1.073114e-007 1.15787
1.075114e-007 1.08985
1.077114e-007 1.10988
1.079114e-007 1.21622
1.081114e-007 1.3198
1.083114e-007 1.35019
1.085114e-007 1.29356
1.087114e-007 1.21173
1.089114e-007 1.18342
1.091114e-007 1.20138
1.093114e-007 1.19378
1.095114e-007 1.13992
1.097114e-007 1.11368
1.099114e-007 1.14579
1.101114e-007 1.18653
1.103114e-007 1.19896
1.105114e-007 1.18964
1.107114e-007 1.19378
1.109114e-007 1.1993
1.111114e-007 1.18826
1.113114e-007 1.17168
1.115114e-007 1.11575
1.117114e-007 1.06948
1.119114e-007 1.14959
1.121114e-007 1.2687
1.123114e-007 1.25731
1.125114e-007 1.20172
1.127114e-007 1.23383
1.129114e-007 1.26525
1.131114e-007 1.24039
1.133114e-007 1.23245
1.135114e-007 1.229
1.137114e-007 1.17514
1.139114e-007 1.12507
1.141114e-007 1.12714
1.143114e-007 1.14441
1.145114e-007 1.15891
1.147114e-007 1.15787
1.149114e-007 1.14164
1.151114e-007 1.15891
1.153114e-007 1.20345
1.155114e-007 1.20103
1.157114e-007 1.14095
1.159114e-007 1.13336
1.161114e-007 1.21795
1.163114e-007 1.24799
1.165114e-007 1.17272
1.167114e-007 1.11678
1.169114e-007 1.11471
1.171114e-007 1.15407
1.173114e-007 1.24281
1.175114e-007 1.34639
1.177114e-007 1.40543
1.179114e-007 1.32567
1.181114e-007 1.1489
1.183114e-007 1.10815
1.185114e-007 1.25386
1.187114e-007 1.33534
1.189114e-007 1.2328
1.191114e-007 1.12852
1.193114e-007 1.11092
1.195114e-007 1.09572
1.197114e-007 1.0719
1.199114e-007 1.06845
1.201114e-007 1.0757
1.203114e-007 1.08951
1.205114e-007 1.13508
1.207114e-007 1.21139
1.209114e-007 1.2763
1.211114e-007 1.28321
1.213114e-007 1.19896
1.215114e-007 1.08226
1.217114e-007 1.02909
1.219114e-007 1.01804
1.221114e-007 1.00802
1.223114e-007 1.0284
1.225114e-007 1.0826
1.227114e-007 1.12611
1.229114e-007 1.12231
1.231114e-007 1.09572
1.233114e-007 1.11126
1.235114e-007 1.15891
1.237114e-007 1.17962
1.239114e-007 1.1482
1.241114e-007 1.07673
1.243114e-007 1.05326
1.245114e-007 1.14648
1.247114e-007 1.2397
1.249114e-007 1.20414
1.251114e-007 1.12852
1.253114e-007 1.12887
1.255114e-007 1.1665
1.257114e-007 1.19861
1.259114e-007 1.2397
1.261114e-007 1.26525
1.263114e-007 1.28182
1.265114e-007 1.3015
1.267114e-007 1.25938
1.269114e-007 1.15097
1.271114e-007 1.06396
1.273114e-007 1.07225
1.275114e-007 1.16858
1.277114e-007 1.24005
1.279114e-007 1.18584
1.281114e-007 1.12265
1.283114e-007 1.18826
1.285114e-007 1.25386
1.287114e-007 1.21795
1.289114e-007 1.16202
1.291114e-007 1.10332
1.293114e-007 1.04773
1.295114e-007 1.05912
1.297114e-007 1.12507
1.299114e-007 1.16374
1.301114e-007 1.13163
1.303114e-007 1.09745
1.305114e-007 1.13163
1.307114e-007 1.15442
1.309114e-007 1.12714
1.311114e-007 1.15407
1.313114e-007 1.2504
1.315114e-007 1.33845
1.317114e-007 1.36745
1.319114e-007 1.29391
1.321114e-007 1.17341
1.323114e-007 1.14855
1.325114e-007 1.23625
1.327114e-007 1.30427
1.329114e-007 1.26249
1.331114e-007 1.18239
1.333114e-007 1.20483
1.335114e-007 1.32775
1.337114e-007 1.41406
1.339114e-007 1.44307
1.341114e-007 1.48035
1.343114e-007 1.44168
1.345114e-007 1.30668
1.347114e-007 1.24246
1.349114e-007 1.29011
1.351114e-007 1.38023
1.353114e-007 1.43547
1.355114e-007 1.35778
1.357114e-007 1.25938
1.359114e-007 1.34259
1.361114e-007 1.48105
1.363114e-007 1.45204
1.365114e-007 1.35019
1.367114e-007 1.33016
1.369114e-007 1.33776
1.371114e-007 1.31152
1.373114e-007 1.29909
1.375114e-007 1.34812
1.377114e-007 1.42338
1.379114e-007 1.43098
1.381114e-007 1.3861
1.383114e-007 1.39197
1.385114e-007 1.42166
1.387114e-007 1.39542
1.389114e-007 1.33223
1.391114e-007 1.33189
1.393114e-007 1.41924
1.395114e-007 1.4151
1.397114e-007 1.2725
1.399114e-007 1.23867
1.401114e-007 1.42028
1.403114e-007 1.61087
1.405114e-007 1.62053
1.407114e-007 1.53801
1.409114e-007 1.53422
1.411114e-007 1.60672
1.413114e-007 1.6416
1.415114e-007 1.59429
1.417114e-007 1.55666
1.419114e-007 1.57289
1.421114e-007 1.55804
1.423114e-007 1.53491
1.425114e-007 1.60914
1.427114e-007 1.68648
1.429114e-007 1.6851
1.431114e-007 1.68096
1.433114e-007 1.63849
1.435114e-007 1.56011
1.437114e-007 1.51557
1.439114e-007 1.41855
1.441114e-007 1.31117
1.443114e-007 1.38471
1.445114e-007 1.56598
1.447114e-007 1.65299
1.449114e-007 1.6302
1.451114e-007 1.61812
1.453114e-007 1.70133
1.455114e-007 1.79938
1.457114e-007 1.75864
1.459114e-007 1.62433
1.461114e-007 1.55217
1.463114e-007 1.53145
1.465114e-007 1.4807
1.467114e-007 1.43581
1.469114e-007 1.44893
1.471114e-007 1.47932
1.473114e-007 1.49451
1.475114e-007 1.51074
1.477114e-007 1.54457
1.479114e-007 1.59464
1.481114e-007 1.61087
1.483114e-007 1.61018
1.485114e-007 1.66024
1.487114e-007 1.66749
1.489114e-007 1.59706
1.491114e-007 1.61536
1.493114e-007 1.70202
1.495114e-007 1.71238
1.497114e-007 1.67371
1.499114e-007 1.6706
1.501114e-007 1.72722
1.503114e-007 1.76866
1.505114e-007 1.71859
1.507114e-007 1.62261
1.509114e-007 1.55459
1.511114e-007 1.5425
1.513114e-007 1.58186
1.515114e-007 1.6523
1.517114e-007 1.67267
1.519114e-007 1.62261
1.521114e-007 1.64367
1.523114e-007 1.74621
1.525114e-007 1.76175
1.527114e-007 1.68648
1.529114e-007 1.66922
1.531114e-007 1.72377
1.533114e-007 1.75761
1.535114e-007 1.74863
1.537114e-007 1.75692
1.539114e-007 1.79662
1.541114e-007 1.78557
1.543114e-007 1.73447
1.545114e-007 1.74414
1.547114e-007 1.76555
1.549114e-007 1.73516
1.551114e-007 1.72826
1.553114e-007 1.77004
1.555114e-007 1.79731
1.557114e-007 1.82355
1.559114e-007 1.90055
1.561114e-007 1.9513
1.563114e-007 1.90883
1.565114e-007 1.86706
1.567114e-007 1.91367
1.569114e-007 1.98687
1.571114e-007 1.96132
1.573114e-007 1.85083
1.575114e-007 1.78074
1.577114e-007 1.75243
1.579114e-007 1.73206
1.581114e-007 1.76555
1.583114e-007 1.86015
1.585114e-007 2.02174
1.587114e-007 2.18574
1.589114e-007 2.17573
1.591114e-007 2.00862
1.593114e-007 1.86153
1.595114e-007 1.79524
1.597114e-007 1.77694
1.599114e-007 1.79006
1.601114e-007 1.84289
1.603114e-007 1.95372
1.605114e-007 2.06041
1.607114e-007 2.02588
1.609114e-007 1.92403
1.611114e-007 1.94854
1.613114e-007 2.00378
1.615114e-007 1.94543
1.617114e-007 1.91678
1.619114e-007 1.99515
1.621114e-007 2.03106
1.623114e-007 1.97029
1.625114e-007 1.90607
1.627114e-007 1.90711
1.629114e-007 1.92886
1.631114e-007 1.90124
1.633114e-007 1.89468
1.635114e-007 1.97962
1.637114e-007 2.04315
1.639114e-007 1.97927
1.641114e-007 1.87155
1.643114e-007 1.82666
1.645114e-007 1.83771
1.647114e-007 1.86533
1.649114e-007 1.88018
1.651114e-007 1.90849
1.653114e-007 1.95717
1.655114e-007 1.93162
1.657114e-007 1.90573
1.659114e-007 2.06041
1.661114e-007 2.22061
1.663114e-007 2.15329
1.665114e-007 2.05488
1.667114e-007 2.116
1.669114e-007 2.2144
1.671114e-007 2.20128
1.673114e-007 2.0535
1.675114e-007 1.93438
1.677114e-007 1.97927
1.679114e-007 2.02243
1.681114e-007 1.98479
1.683114e-007 2.05523
1.685114e-007 2.14949
1.687114e-007 2.04591
1.689114e-007 1.92368
1.691114e-007 1.99826
1.693114e-007 2.14189
1.695114e-007 2.18229
1.697114e-007 2.15708
1.699114e-007 2.15985
1.701114e-007 2.12808
1.703114e-007 1.9841
1.705114e-007 1.89157
1.707114e-007 2.02001
1.709114e-007 2.18091
1.711114e-007 2.13222
1.713114e-007 2.04971
1.715114e-007 2.13153
1.717114e-007 2.19921
1.719114e-007 2.14638
1.721114e-007 2.13878
1.723114e-007 2.24513
1.725114e-007 2.32627
1.727114e-007 2.29381
1.729114e-007 2.23442
1.731114e-007 2.23926
1.733114e-007 2.2617
1.735114e-007 2.2655
1.737114e-007 2.30244
1.739114e-007 2.33628
1.741114e-007 2.3021
1.743114e-007 2.25721
1.745114e-007 2.24444
1.747114e-007 2.23339
1.749114e-007 2.20024
1.751114e-007 2.1488
1.753114e-007 2.13153
1.755114e-007 2.16537
1.757114e-007 2.17055
1.759114e-007 2.10495
1.761114e-007 2.10357
1.763114e-007 2.26861
1.765114e-007 2.4226
1.767114e-007 2.4043
1.769114e-007 2.30382
1.771114e-007 2.28035
1.773114e-007 2.36321
1.775114e-007 2.4295
1.777114e-007 2.42156
1.779114e-007 2.36459
1.781114e-007 2.28449
1.783114e-007 2.25549
1.785114e-007 2.29485
1.787114e-007 2.3273
1.789114e-007 2.33421
1.791114e-007 2.34767
1.793114e-007 2.32903
1.795114e-007 2.24168
1.797114e-007 2.16399
1.799114e-007 2.13602
1.801114e-007 2.16261
1.803114e-007 2.29934
1.805114e-007 2.43434
1.807114e-007 2.44262
1.809114e-007 2.4226
1.811114e-007 2.41707
1.813114e-007 2.37909
1.815114e-007 2.33455
1.817114e-007 2.30037
1.819114e-007 2.29243
1.821114e-007 2.33352
1.823114e-007 2.39325
1.825114e-007 2.43123
1.827114e-007 2.40223
1.829114e-007 2.32558
1.831114e-007 2.26723
1.833114e-007 2.23063
1.835114e-007 2.24755
1.837114e-007 2.36321
1.839114e-007 2.49372
1.841114e-007 2.51927
1.843114e-007 2.45125
1.845114e-007 2.39014
1.847114e-007 2.36183
1.849114e-007 2.33939
1.851114e-007 2.37288
1.853114e-007 2.45678
1.855114e-007 2.50581
1.857114e-007 2.52583
1.859114e-007 2.48475
1.861114e-007 2.36701
1.863114e-007 2.3418
1.865114e-007 2.44021
1.867114e-007 2.47957
1.869114e-007 2.42363
1.871114e-007 2.36045
1.873114e-007 2.32765
1.875114e-007 2.35941
1.877114e-007 2.41293
1.879114e-007 2.44055
1.881114e-007 2.51893
1.883114e-007 2.59212
1.885114e-007 2.53516
1.887114e-007 2.45851
1.889114e-007 2.52065
1.891114e-007 2.64461
1.893114e-007 2.69502
1.895114e-007 2.72367
1.897114e-007 2.76303
1.899114e-007 2.70227
1.901114e-007 2.53688
1.903114e-007 2.44884
1.905114e-007 2.52031
1.907114e-007 2.59351
1.909114e-007 2.59005
1.911114e-007 2.60801
1.913114e-007 2.63977
1.915114e-007 2.61111
1.917114e-007 2.56865
1.919114e-007 2.53239
1.921114e-007 2.48026
1.923114e-007 2.49579
1.925114e-007 2.60628
1.927114e-007 2.70261
1.929114e-007 2.72885
1.931114e-007 2.69536
1.933114e-007 2.63356
1.935114e-007 2.58177
1.937114e-007 2.53067
1.939114e-007 2.48647
1.941114e-007 2.47715
1.943114e-007 2.521
1.945114e-007 2.59282
1.947114e-007 2.61215
1.949114e-007 2.58315
1.951114e-007 2.5683
1.953114e-007 2.60732
1.955114e-007 2.67982
1.957114e-007 2.66808
1.959114e-007 2.55173
1.961114e-007 2.48544
1.963114e-007 2.58073
1.965114e-007 2.74335
1.967114e-007 2.76269
1.969114e-007 2.65842
1.971114e-007 2.65358
1.973114e-007 2.71228
1.975114e-007 2.68742
1.977114e-007 2.66808
1.979114e-007 2.72678
1.981114e-007 2.76441
1.983114e-007 2.74439
1.985114e-007 2.7147
1.987114e-007 2.66947
1.989114e-007 2.64219
1.991114e-007 2.69191
1.993114e-007 2.75026
1.995114e-007 2.76234
1.997114e-007 2.75751
1.999114e-007 2.70986
2.001114e-007 2.68466
2.003114e-007 2.7803
2.005114e-007 2.84279
2.007114e-007 2.78513
2.009114e-007 2.74542
2.011114e-007 2.71124
2.013114e-007 2.63563
2.015114e-007 2.66429
2.017114e-007 2.80999
2.019114e-007 2.84728
2.021114e-007 2.72091
2.023114e-007 2.63528
2.025114e-007 2.67499
2.027114e-007 2.75958
2.029114e-007 2.82587
2.031114e-007 2.83036
2.033114e-007 2.81034
2.035114e-007 2.79307
2.037114e-007 2.7399
2.039114e-007 2.71642
2.041114e-007 2.79238
2.043114e-007 2.84728
2.045114e-007 2.7506
2.047114e-007 2.64495
2.049114e-007 2.72195
2.051114e-007 2.91495
2.053114e-007 3.03718
2.055114e-007 3.00092
2.057114e-007 2.88422
2.059114e-007 2.82864
2.061114e-007 2.89424
2.063114e-007 3.02095
2.065114e-007 3.08241
2.067114e-007 3.03787
2.069114e-007 2.96053
2.071114e-007 2.90839
2.073114e-007 2.87352
2.075114e-007 2.83416
2.077114e-007 2.78824
2.079114e-007 2.74163
2.081114e-007 2.70848
2.083114e-007 2.74542
2.085114e-007 2.85591
2.087114e-007 2.92324
2.089114e-007 2.91841
2.091114e-007 2.90632
2.093114e-007 2.89527
2.095114e-007 2.88491
2.097114e-007 2.91737
2.099114e-007 2.97607
2.101114e-007 2.94016
2.103114e-007 2.8314
2.105114e-007 2.80861
2.107114e-007 2.88284
2.109114e-007 2.94603
2.111114e-007 2.94016
2.113114e-007 2.89562
2.115114e-007 2.87352
2.117114e-007 2.88181
2.119114e-007 2.89147
2.121114e-007 2.89113
2.123114e-007 2.89838
2.125114e-007 2.91254
2.127114e-007 2.91461
2.129114e-007 2.93222
2.131114e-007 2.99264
2.133114e-007 3.06169
2.135114e-007 3.07481
2.137114e-007 3.05617
2.139114e-007 3.10174
2.141114e-007 3.16838
2.143114e-007 3.10865
2.145114e-007 2.97814
2.147114e-007 2.94568
2.149114e-007 2.98055
2.151114e-007 3.01094
2.153114e-007 3.02958
2.155114e-007 2.99333
2.157114e-007 2.94223
2.159114e-007 2.99298
2.161114e-007 3.15871
2.163114e-007 3.30511
2.165114e-007 3.30752
2.167114e-007 3.21672
2.169114e-007 3.16735
2.171114e-007 3.16182
2.173114e-007 3.16389
2.175114e-007 3.19773
2.177114e-007 3.17598
2.179114e-007 3.05789
2.181114e-007 2.94982
2.183114e-007 2.8894
2.185114e-007 2.90425
2.187114e-007 2.99333
2.189114e-007 3.02751
2.191114e-007 3.00749
2.193114e-007 3.06722
2.195114e-007 3.15077
2.197114e-007 3.15733
2.199114e-007 3.12004
2.201114e-007 3.09656
2.203114e-007 3.11314
2.205114e-007 3.11521
2.207114e-007 3.09829
2.209114e-007 3.14663
2.211114e-007 3.25712
2.213114e-007 3.33135
2.215114e-007 3.28577
2.217114e-007 3.17011
2.219114e-007 3.11625
2.221114e-007 3.12764
2.223114e-007 3.14732
2.225114e-007 3.21396
2.227114e-007 3.30614
2.229114e-007 3.30373
2.231114e-007 3.23847
2.233114e-007 3.21983
2.235114e-007 3.16079
2.237114e-007 3.02509
2.239114e-007 2.9885
2.241114e-007 3.11038
2.243114e-007 3.25988
2.245114e-007 3.30925
2.247114e-007 3.27611
2.249114e-007 3.26195
2.251114e-007 3.30373
2.253114e-007 3.34412
2.255114e-007 3.28784
2.257114e-007 3.16769
2.259114e-007 3.13696
2.261114e-007 3.22293
2.263114e-007 3.29268
2.265114e-007 3.26264
2.267114e-007 3.20774
2.269114e-007 3.24572
2.271114e-007 3.33238
2.273114e-007 3.34689
2.275114e-007 3.32134
2.277114e-007 3.27714
2.279114e-007 3.17356
2.281114e-007 3.08759
2.283114e-007 3.08344
2.285114e-007 3.15353
2.287114e-007 3.29648
2.289114e-007 3.40765
2.291114e-007 3.38521
2.293114e-007 3.30856
2.295114e-007 3.28336
2.297114e-007 3.32341
2.299114e-007 3.35483
2.301114e-007 3.31788
2.303114e-007 3.2837
2.305114e-007 3.30822
2.307114e-007 3.32824
2.309114e-007 3.29199
2.311114e-007 3.24054
2.313114e-007 3.21465
2.315114e-007 3.19082
2.317114e-007 3.19013
2.319114e-007 3.24158
2.321114e-007 3.24779
2.323114e-007 3.20947
2.325114e-007 3.26091
2.327114e-007 3.32548
2.329114e-007 3.25159
2.331114e-007 3.18219
2.333114e-007 3.25297
2.335114e-007 3.33273
2.337114e-007 3.38694
2.339114e-007 3.47705
2.341114e-007 3.50191
2.343114e-007 3.44667
2.345114e-007 3.46497
2.347114e-007 3.49224
2.349114e-007 3.38417
2.351114e-007 3.26126
2.353114e-007 3.21534
2.355114e-007 3.18634
2.357114e-007 3.24365
2.359114e-007 3.42526
2.361114e-007 3.54231
2.363114e-007 3.50778
2.365114e-007 3.4477
2.367114e-007 3.46531
2.369114e-007 3.53575
2.371114e-007 3.58443
2.373114e-007 3.5979
2.375114e-007 3.52194
2.377114e-007 3.33929
2.379114e-007 3.30442
2.381114e-007 3.53126
2.383114e-007 3.71425
2.385114e-007 3.65038
2.387114e-007 3.49224
2.389114e-007 3.40144
2.391114e-007 3.3821
2.393114e-007 3.44701
2.395114e-007 3.5392
2.397114e-007 3.47015
2.399114e-007 3.27334
2.401114e-007 3.20049
2.403114e-007 3.31029
2.405114e-007 3.44494
2.407114e-007 3.51434
2.409114e-007 3.58029
2.411114e-007 3.66902
2.413114e-007 3.68905
2.415114e-007 3.62207
2.417114e-007 3.57269
2.419114e-007 3.53678
2.421114e-007 3.43148
2.423114e-007 3.34102
2.425114e-007 3.36898
2.427114e-007 3.4408
2.429114e-007 3.49639
2.431114e-007 3.54438
2.433114e-007 3.58685
2.435114e-007 3.62932
2.437114e-007 3.6193
2.439114e-007 3.55785
2.441114e-007 3.56372
2.443114e-007 3.60964
2.445114e-007 3.61033
2.447114e-007 3.61585
2.449114e-007 3.57545
2.451114e-007 3.42871
2.453114e-007 3.38176
2.455114e-007 3.50536
2.457114e-007 3.56026
2.459114e-007 3.49984
2.461114e-007 3.4629
2.463114e-007 3.46324
2.465114e-007 3.48568
2.467114e-007 3.5468
2.469114e-007 3.60308
2.471114e-007 3.6231
2.473114e-007 3.62207
2.475114e-007 3.60549
2.477114e-007 3.61171
2.479114e-007 3.65245
2.481114e-007 3.66384
2.483114e-007 3.65314
2.485114e-007 3.67904
2.487114e-007 3.74705
2.489114e-007 3.81507
2.491114e-007 3.83648
2.493114e-007 3.79954
2.495114e-007 3.71563
2.497114e-007 3.63553
2.499114e-007 3.61516
2.501114e-007 3.64589
2.503114e-007 3.68283
2.505114e-007 3.66212
2.507114e-007 3.56613
2.509114e-007 3.51987
2.511114e-007 3.61447
2.513114e-007 3.72668
2.515114e-007 3.75085
2.517114e-007 3.76535
2.519114e-007 3.80851
2.521114e-007 3.84097
