-6.91574e-009 2.20064
-6.71574e-009 2.20064
-6.51574e-009 2.20064
-6.31574e-009 2.20063
-6.11574e-009 2.20064
-5.91574e-009 2.20064
-5.71574e-009 2.20064
-5.51574e-009 2.20064
-5.31574e-009 2.20064
-5.11574e-009 2.20064
-4.91574e-009 2.20064
-4.71574e-009 2.20064
-4.51574e-009 2.20064
-4.31574e-009 2.20064
-4.11574e-009 2.20064
-3.91574e-009 2.20064
-3.71574e-009 2.20064
-3.51574e-009 2.20064
-3.31574e-009 2.20064
-3.11574e-009 2.20064
-2.91574e-009 2.20064
-2.71574e-009 2.20064
-2.51574e-009 2.20064
-2.31574e-009 2.20064
-2.11574e-009 2.20064
-1.91574e-009 2.20064
-1.71574e-009 2.20064
-1.51574e-009 2.20064
-1.31574e-009 2.20064
-1.11574e-009 2.20064
-9.15735e-010 2.20064
-7.15735e-010 2.20064
-5.15735e-010 2.20064
-3.15735e-010 2.19055
-1.15735e-010 2.13772
8.42648e-011 2.02418
2.84265e-010 1.8981
4.84265e-010 1.82908
6.84265e-010 1.82876
8.84265e-010 1.85877
1.08426e-009 1.88231
1.28426e-009 1.88739
1.48426e-009 1.88098
1.68426e-009 1.87085
1.88426e-009 1.85813
2.08426e-009 1.8455
2.28426e-009 1.84109
2.48426e-009 1.84921
2.68426e-009 1.86276
2.88426e-009 1.87389
3.08426e-009 1.88749
3.28426e-009 1.91066
3.48426e-009 1.93587
3.68426e-009 1.95265
3.88426e-009 1.96582
4.08426e-009 1.9825
4.28426e-009 1.99927
4.48426e-009 2.01086
4.68426e-009 2.01555
4.88426e-009 2.01757
5.08426e-009 2.02293
5.28426e-009 2.03047
5.48426e-009 2.03691
5.68426e-009 2.04337
5.88426e-009 2.04868
6.08426e-009 2.04836
6.28426e-009 2.04544
6.48426e-009 2.0469
6.68426e-009 2.05118
6.88426e-009 2.05258
7.08426e-009 2.04882
7.28426e-009 2.04197
7.48426e-009 2.03747
7.68426e-009 2.03475
7.88426e-009 2.02869
8.08426e-009 2.02254
8.28426e-009 2.0209
8.48426e-009 2.01857
8.68426e-009 2.01107
8.88426e-009 2.00246
9.08426e-009 1.99506
9.28426e-009 1.98722
9.48426e-009 1.98094
9.68426e-009 1.97839
9.88426e-009 1.97627
1.00843e-008 1.97191
1.02843e-008 1.96891
1.04843e-008 1.97157
1.06843e-008 1.97754
1.08843e-008 1.98262
1.10843e-008 1.9872
1.12843e-008 1.99012
1.14843e-008 1.9869
1.16843e-008 1.97805
1.18843e-008 1.96944
1.20843e-008 1.9625
1.22843e-008 1.95451
1.24843e-008 1.94582
1.26843e-008 1.93815
1.28843e-008 1.9335
1.30843e-008 1.9336
1.32843e-008 1.93726
1.34843e-008 1.94053
1.36843e-008 1.93978
1.38843e-008 1.93653
1.40843e-008 1.93388
1.42843e-008 1.93058
1.44843e-008 1.92403
1.46843e-008 1.91553
1.48843e-008 1.90996
1.50843e-008 1.90875
1.52843e-008 1.90628
1.54843e-008 1.89968
1.56843e-008 1.89499
1.58843e-008 1.89434
1.60843e-008 1.88988
1.62843e-008 1.88135
1.64843e-008 1.87808
1.66843e-008 1.87857
1.68843e-008 1.87556
1.70843e-008 1.87043
1.72843e-008 1.86649
1.74843e-008 1.86527
1.76843e-008 1.86394
1.78843e-008 1.85862
1.80843e-008 1.85531
1.82843e-008 1.85798
1.84843e-008 1.85776
1.86843e-008 1.85033
1.88843e-008 1.84411
1.90843e-008 1.84548
1.92843e-008 1.84935
1.94843e-008 1.84808
1.96843e-008 1.84273
1.98843e-008 1.83846
2.00843e-008 1.83645
2.02843e-008 1.83632
2.04843e-008 1.83688
2.06843e-008 1.83705
2.08843e-008 1.83963
2.10843e-008 1.84211
2.12843e-008 1.83795
2.14843e-008 1.83077
2.16843e-008 1.82799
2.18843e-008 1.83087
2.20843e-008 1.83455
2.22843e-008 1.83251
2.24843e-008 1.82646
2.26843e-008 1.82278
2.28843e-008 1.82283
2.30843e-008 1.82454
2.32843e-008 1.825
2.34843e-008 1.82426
2.36843e-008 1.82498
2.38843e-008 1.82525
2.40843e-008 1.82341
2.42843e-008 1.8238
2.44843e-008 1.82624
2.46843e-008 1.82389
2.48843e-008 1.81647
2.50843e-008 1.81103
2.52843e-008 1.80987
2.54843e-008 1.80958
2.56843e-008 1.80891
2.58843e-008 1.81039
2.60843e-008 1.81412
2.62843e-008 1.8165
2.64843e-008 1.8179
2.66843e-008 1.81901
2.68843e-008 1.81569
2.70843e-008 1.81036
2.72843e-008 1.80895
2.74843e-008 1.80894
2.76843e-008 1.80791
2.78843e-008 1.80806
2.80843e-008 1.80822
2.82843e-008 1.80763
2.84843e-008 1.80738
2.86843e-008 1.80452
2.88843e-008 1.80086
2.90843e-008 1.80392
2.92843e-008 1.81166
2.94843e-008 1.81502
2.96843e-008 1.81154
2.98843e-008 1.8061
3.00843e-008 1.80259
3.02843e-008 1.80189
3.04843e-008 1.80302
3.06843e-008 1.80492
3.08843e-008 1.80814
3.10843e-008 1.81023
3.12843e-008 1.80821
3.14843e-008 1.80466
3.16843e-008 1.80262
3.18843e-008 1.80122
3.20843e-008 1.80055
3.22843e-008 1.80268
3.24843e-008 1.80524
3.26843e-008 1.80425
3.28843e-008 1.80331
3.30843e-008 1.80779
3.32843e-008 1.81319
3.34843e-008 1.81121
3.36843e-008 1.80461
3.38843e-008 1.80187
3.40843e-008 1.80135
3.42843e-008 1.79951
3.44843e-008 1.79952
3.46843e-008 1.80045
3.48843e-008 1.79826
3.50843e-008 1.79443
3.52843e-008 1.79148
3.54843e-008 1.7907
3.56843e-008 1.79329
3.58843e-008 1.79656
3.60843e-008 1.79944
3.62843e-008 1.80315
3.64843e-008 1.80212
3.66843e-008 1.7956
3.68843e-008 1.79411
3.70843e-008 1.79948
3.72843e-008 1.80086
3.74843e-008 1.79606
3.76843e-008 1.79461
3.78843e-008 1.79945
3.80843e-008 1.80559
3.82843e-008 1.80726
3.84843e-008 1.80248
3.86843e-008 1.79769
3.88843e-008 1.79756
3.90843e-008 1.79856
3.92843e-008 1.79799
3.94843e-008 1.79714
3.96843e-008 1.79709
3.98843e-008 1.79764
4.00843e-008 1.79782
4.02843e-008 1.79632
4.04843e-008 1.79439
4.06843e-008 1.79455
4.08843e-008 1.79635
4.10843e-008 1.79713
4.12843e-008 1.79619
4.14843e-008 1.79592
4.16843e-008 1.79564
4.18843e-008 1.79262
4.20843e-008 1.7903
4.22843e-008 1.7936
4.24843e-008 1.79794
4.26843e-008 1.79489
4.28843e-008 1.78854
4.30843e-008 1.78896
4.32843e-008 1.79269
