-2.481806e-007 9.87526
-2.479806e-007 9.8901
-2.477806e-007 10.032
-2.475806e-007 10.1266
-2.473806e-007 10.0866
-2.471806e-007 9.97711
-2.469806e-007 9.93533
-2.467806e-007 9.97021
-2.465806e-007 10.0051
-2.463806e-007 10.0465
-2.461806e-007 10.0603
-2.459806e-007 10.0071
-2.457806e-007 9.9854
-2.455806e-007 10.0192
-2.453806e-007 10.0375
-2.451806e-007 10.0524
-2.449806e-007 10.0955
-2.447806e-007 10.1276
-2.445806e-007 10.0904
-2.443806e-007 10.0348
-2.441806e-007 10.0627
-2.439806e-007 10.0914
-2.437806e-007 9.96952
-2.435806e-007 9.80862
-2.433806e-007 9.82036
-2.431806e-007 9.9229
-2.429806e-007 9.9488
-2.427806e-007 9.95363
-2.425806e-007 9.99265
-2.423806e-007 10.0268
-2.421806e-007 10.0248
-2.419806e-007 9.99092
-2.417806e-007 10.0355
-2.415806e-007 10.1615
-2.413806e-007 10.1439
-2.411806e-007 9.97366
-2.409806e-007 9.90322
-2.407806e-007 9.95156
-2.405806e-007 9.94466
-2.403806e-007 9.88976
-2.401806e-007 9.89666
-2.399806e-007 9.95156
-2.397806e-007 9.97711
-2.395806e-007 9.94431
-2.393806e-007 9.87077
-2.391806e-007 9.90184
-2.389806e-007 10.1021
-2.387806e-007 10.2119
-2.385806e-007 10.1125
-2.383806e-007 10.0009
-2.381806e-007 10.0348
-2.379806e-007 10.1712
-2.377806e-007 10.2243
-2.375806e-007 10.1829
-2.373806e-007 10.1756
-2.371806e-007 10.1791
-2.369806e-007 10.127
-2.367806e-007 10.042
-2.365806e-007 9.96641
-2.363806e-007 9.91496
-2.361806e-007 9.93292
-2.359806e-007 10.021
-2.357806e-007 10.0759
-2.355806e-007 10.0741
-2.353806e-007 10.0348
-2.351806e-007 9.95778
-2.349806e-007 9.98954
-2.347806e-007 10.158
-2.345806e-007 10.235
-2.343806e-007 10.1573
-2.341806e-007 10.0645
-2.339806e-007 10.0303
-2.337806e-007 10.0607
-2.335806e-007 10.1352
-2.333806e-007 10.1598
-2.331806e-007 10.0983
-2.329806e-007 10.0596
-2.327806e-007 10.0586
-2.325806e-007 10.0268
-2.323806e-007 9.98229
-2.321806e-007 9.94569
-2.319806e-007 9.94811
-2.317806e-007 10.0154
-2.315806e-007 10.0586
-2.313806e-007 10.0054
-2.311806e-007 9.88631
-2.309806e-007 9.80033
-2.307806e-007 9.84522
-2.305806e-007 9.97538
-2.303806e-007 10.0776
-2.301806e-007 10.0779
-2.299806e-007 9.96848
-2.297806e-007 9.8794
-2.295806e-007 9.92118
-2.293806e-007 10.0192
-2.291806e-007 10.0676
-2.289806e-007 10.05
-2.287806e-007 9.99645
-2.285806e-007 9.95329
-2.283806e-007 9.93568
-2.281806e-007 9.91082
-2.279806e-007 9.89632
-2.277806e-007 9.95432
-2.275806e-007 10.0334
-2.273806e-007 10.0282
-2.271806e-007 9.98851
-2.269806e-007 10.0448
-2.267806e-007 10.1656
-2.265806e-007 10.1857
-2.263806e-007 10.0631
-2.261806e-007 9.96261
-2.259806e-007 10.0279
-2.257806e-007 10.1705
-2.255806e-007 10.2254
-2.253806e-007 10.1725
-2.251806e-007 10.0734
-2.249806e-007 9.99472
-2.247806e-007 9.96952
-2.245806e-007 9.96434
-2.243806e-007 9.98022
-2.241806e-007 10.0085
-2.239806e-007 9.96882
-2.237806e-007 9.89045
-2.235806e-007 9.8901
-2.233806e-007 9.97159
-2.231806e-007 10.0738
-2.229806e-007 10.1556
-2.227806e-007 10.1712
-2.225806e-007 10.0952
-2.223806e-007 10.0116
-2.221806e-007 9.97815
-2.219806e-007 9.92912
-2.217806e-007 9.92187
-2.215806e-007 10.0451
-2.213806e-007 10.1649
-2.211806e-007 10.1504
-2.209806e-007 10.0403
-2.207806e-007 9.95674
-2.205806e-007 9.97849
-2.203806e-007 10.0458
-2.201806e-007 10.08
-2.199806e-007 10.09
-2.197806e-007 10.0721
-2.195806e-007 10.0306
-2.193806e-007 10.0234
-2.191806e-007 10.0244
-2.189806e-007 9.99334
-2.187806e-007 9.97124
-2.185806e-007 9.97469
-2.183806e-007 10.0268
-2.181806e-007 10.119
-2.179806e-007 10.1974
-2.177806e-007 10.2361
-2.175806e-007 10.1912
-2.173806e-007 10.0876
-2.171806e-007 10.0261
-2.169806e-007 10.052
-2.167806e-007 10.069
-2.165806e-007 9.94362
-2.163806e-007 9.80758
-2.161806e-007 9.87249
-2.159806e-007 10.0275
-2.157806e-007 10.0424
-2.155806e-007 9.94914
-2.153806e-007 9.91669
-2.151806e-007 9.93982
-2.149806e-007 9.91324
-2.147806e-007 9.85074
-2.145806e-007 9.89425
-2.143806e-007 10.0403
-2.141806e-007 10.0838
-2.139806e-007 10.0034
-2.137806e-007 9.98609
-2.135806e-007 10.0762
-2.133806e-007 10.1656
-2.131806e-007 10.1739
-2.129806e-007 10.0928
-2.127806e-007 10.0099
-2.125806e-007 10.022
-2.123806e-007 10.0976
-2.121806e-007 10.1384
-2.119806e-007 10.1035
-2.117806e-007 10.0462
-2.115806e-007 9.99679
-2.113806e-007 9.9343
-2.111806e-007 9.95053
-2.109806e-007 10.1083
-2.107806e-007 10.2419
-2.105806e-007 10.2205
-2.103806e-007 10.1256
-2.101806e-007 10.0614
-2.099806e-007 10.0513
-2.097806e-007 10.079
-2.095806e-007 10.1121
-2.093806e-007 10.1349
-2.091806e-007 10.0986
-2.089806e-007 9.99196
-2.087806e-007 9.93602
-2.085806e-007 9.97642
-2.083806e-007 10.04
-2.081806e-007 10.0783
-2.079806e-007 10.0696
-2.077806e-007 10.0437
-2.075806e-007 10.0393
-2.073806e-007 10.0686
-2.071806e-007 10.0904
-2.069806e-007 10.0217
-2.067806e-007 9.93637
-2.065806e-007 9.93257
-2.063806e-007 9.98229
-2.061806e-007 10.0852
-2.059806e-007 10.157
-2.057806e-007 10.1242
-2.055806e-007 10.0897
-2.053806e-007 10.0814
-2.051806e-007 10.0572
-2.049806e-007 10.0289
-2.047806e-007 10.0061
-2.045806e-007 10.0075
-2.043806e-007 10.0265
-2.041806e-007 10.0099
-2.039806e-007 9.98643
-2.037806e-007 10.0286
-2.035806e-007 10.0731
-2.033806e-007 10.0503
-2.031806e-007 10.0386
-2.029806e-007 10.0223
-2.027806e-007 9.93326
-2.025806e-007 9.91876
-2.023806e-007 10.0548
-2.021806e-007 10.1587
-2.019806e-007 10.1228
-2.017806e-007 10.0551
-2.015806e-007 10.0479
-2.013806e-007 10.0475
-2.011806e-007 10.004
-2.009806e-007 9.97815
-2.007806e-007 10.0175
-2.005806e-007 10.0393
-2.003806e-007 10.0099
-2.001806e-007 10.0254
-1.999806e-007 10.0752
-1.997806e-007 10.0638
-1.995806e-007 9.98781
-1.993806e-007 9.92359
-1.991806e-007 9.97262
-1.989806e-007 10.0976
-1.987806e-007 10.11
-1.985806e-007 10.0047
-1.983806e-007 9.98989
-1.981806e-007 10.0779
-1.979806e-007 10.0776
-1.977806e-007 9.99058
-1.975806e-007 9.95225
-1.973806e-007 9.96019
-1.971806e-007 9.974
-1.969806e-007 9.9854
-1.967806e-007 9.99576
-1.965806e-007 10.0607
-1.963806e-007 10.1346
-1.961806e-007 10.0821
-1.959806e-007 9.96261
-1.957806e-007 9.89943
-1.955806e-007 9.8977
-1.953806e-007 9.9381
-1.951806e-007 9.95053
-1.949806e-007 9.94017
-1.947806e-007 10.0096
-1.945806e-007 10.0814
-1.943806e-007 10.0479
-1.941806e-007 9.99058
-1.939806e-007 9.9961
-1.937806e-007 10.0614
-1.935806e-007 10.0911
-1.933806e-007 9.94673
-1.931806e-007 9.73542
-1.929806e-007 9.70538
-1.927806e-007 9.78894
-1.925806e-007 9.83313
-1.923806e-007 9.90391
-1.921806e-007 10.0134
-1.919806e-007 10.0921
-1.917806e-007 10.1252
-1.915806e-007 10.1225
-1.913806e-007 10.1556
-1.911806e-007 10.2347
-1.909806e-007 10.2278
-1.907806e-007 10.1107
-1.905806e-007 9.99852
-1.903806e-007 9.96986
-1.901806e-007 10.0406
-1.899806e-007 10.1156
-1.897806e-007 10.071
-1.895806e-007 9.97608
-1.893806e-007 9.97297
-1.891806e-007 10.0158
-1.889806e-007 9.98505
-1.887806e-007 9.93706
-1.885806e-007 9.96572
-1.883806e-007 10.0248
-1.881806e-007 10.0769
-1.879806e-007 10.0852
-1.877806e-007 10.0272
-1.875806e-007 10.0168
-1.873806e-007 10.0455
-1.871806e-007 10.0465
-1.869806e-007 10.0907
-1.867806e-007 10.1173
-1.865806e-007 10.0558
-1.863806e-007 10.0265
-1.861806e-007 10.0831
-1.859806e-007 10.1442
-1.857806e-007 10.1218
-1.855806e-007 10.0282
-1.853806e-007 9.97331
-1.851806e-007 9.96572
-1.849806e-007 9.93671
-1.847806e-007 9.90564
-1.845806e-007 9.90564
-1.843806e-007 9.90495
-1.841806e-007 9.88182
-1.839806e-007 9.89597
-1.837806e-007 9.95294
-1.835806e-007 9.93395
-1.833806e-007 9.86352
-1.831806e-007 9.85868
-1.829806e-007 9.89321
-1.827806e-007 9.93706
-1.825806e-007 9.99437
-1.823806e-007 10.0645
-1.821806e-007 10.1674
-1.819806e-007 10.2012
-1.817806e-007 10.09
-1.815806e-007 9.97746
-1.813806e-007 9.97987
-1.811806e-007 10.0403
-1.809806e-007 10.0565
-1.807806e-007 10.0185
-1.805806e-007 9.99023
-1.803806e-007 10.0061
-1.801806e-007 10.0641
-1.799806e-007 10.1539
-1.797806e-007 10.197
-1.795806e-007 10.0717
-1.793806e-007 9.87388
-1.791806e-007 9.86352
-1.789806e-007 10.0261
-1.787806e-007 10.1563
-1.785806e-007 10.1743
-1.783806e-007 10.1056
-1.781806e-007 10.0793
-1.779806e-007 10.1615
-1.777806e-007 10.2081
-1.775806e-007 10.1497
-1.773806e-007 10.0389
-1.771806e-007 9.88147
-1.769806e-007 9.74578
-1.767806e-007 9.79619
-1.765806e-007 9.96744
-1.763806e-007 9.99265
-1.761806e-007 9.94086
-1.759806e-007 10.0172
-1.757806e-007 10.0959
-1.755806e-007 10.061
-1.753806e-007 10.0227
-1.751806e-007 10.0355
-1.749806e-007 10.0531
-1.747806e-007 10.0531
-1.745806e-007 10.069
-1.743806e-007 10.1076
-1.741806e-007 10.1042
-1.739806e-007 10.0897
-1.737806e-007 10.1197
-1.735806e-007 10.0807
-1.733806e-007 9.96882
-1.731806e-007 9.96675
-1.729806e-007 10.0714
-1.727806e-007 10.1263
-1.725806e-007 10.0962
-1.723806e-007 10.0254
-1.721806e-007 9.98091
-1.719806e-007 10.0341
-1.717806e-007 10.1211
-1.715806e-007 10.1194
-1.713806e-007 10.0562
-1.711806e-007 10.0158
-1.709806e-007 9.9923
-1.707806e-007 9.97469
-1.705806e-007 9.96537
-1.703806e-007 9.95674
-1.701806e-007 9.97849
-1.699806e-007 9.9778
-1.697806e-007 9.92567
-1.695806e-007 9.9305
-1.693806e-007 9.99472
-1.691806e-007 10.0355
-1.689806e-007 10.0589
-1.687806e-007 10.098
-1.685806e-007 10.1259
-1.683806e-007 10.0893
-1.681806e-007 10.0023
-1.679806e-007 9.95363
-1.677806e-007 9.97849
-1.675806e-007 9.99092
-1.673806e-007 9.96296
-1.671806e-007 9.97124
-1.669806e-007 9.95225
-1.667806e-007 9.84349
-1.665806e-007 9.80206
-1.663806e-007 9.85972
-1.661806e-007 9.89114
-1.659806e-007 9.9122
-1.657806e-007 9.93188
-1.655806e-007 9.91013
-1.653806e-007 9.91807
-1.651806e-007 9.98367
-1.649806e-007 10.0248
-1.647806e-007 10.0044
-1.645806e-007 9.95156
-1.643806e-007 9.93119
-1.641806e-007 9.98643
-1.639806e-007 10.0441
-1.637806e-007 10.0213
-1.635806e-007 9.96157
-1.633806e-007 9.97262
-1.631806e-007 10.0848
-1.629806e-007 10.1722
-1.627806e-007 10.1183
-1.625806e-007 10.0168
-1.623806e-007 10.0044
-1.621806e-007 10.0023
-1.619806e-007 9.9267
-1.617806e-007 9.92256
-1.615806e-007 10.0144
-1.613806e-007 10.023
-1.611806e-007 9.99265
-1.609806e-007 10.0254
-1.607806e-007 10.0154
-1.605806e-007 9.91186
-1.603806e-007 9.84798
-1.601806e-007 9.96157
-1.599806e-007 10.1625
-1.597806e-007 10.2212
-1.595806e-007 10.1173
-1.593806e-007 10.0337
-1.591806e-007 10.0555
-1.589806e-007 10.1011
-1.587806e-007 10.128
-1.585806e-007 10.176
-1.583806e-007 10.2278
-1.581806e-007 10.2292
-1.579806e-007 10.1577
-1.577806e-007 10.069
-1.575806e-007 10.0534
-1.573806e-007 10.0779
-1.571806e-007 10.0893
-1.569806e-007 10.1056
-1.567806e-007 10.0752
-1.565806e-007 9.98264
-1.563806e-007 9.92981
-1.561806e-007 9.95501
-1.559806e-007 10.0237
-1.557806e-007 10.0803
-1.555806e-007 10.0427
-1.553806e-007 9.91324
-1.551806e-007 9.82934
-1.549806e-007 9.8901
-1.547806e-007 10.0465
-1.545806e-007 10.2067
-1.543806e-007 10.2613
-1.541806e-007 10.1832
-1.539806e-007 10.098
-1.537806e-007 10.0551
-1.535806e-007 10.0034
-1.533806e-007 9.95501
-1.531806e-007 9.96641
-1.529806e-007 10.052
-1.527806e-007 10.1411
-1.525806e-007 10.1301
-1.523806e-007 10.042
-1.521806e-007 10.0185
-1.519806e-007 10.0531
-1.517806e-007 10.0161
-1.515806e-007 9.92463
-1.513806e-007 9.91842
-1.511806e-007 10.0358
-1.509806e-007 10.1522
-1.507806e-007 10.1601
-1.505806e-007 10.1024
-1.503806e-007 10.0617
-1.501806e-007 10.0469
-1.499806e-007 10.033
-1.497806e-007 10.0106
-1.495806e-007 9.99645
-1.493806e-007 9.98851
-1.491806e-007 9.98989
-1.489806e-007 10.0258
-1.487806e-007 10.0482
-1.485806e-007 10.0103
-1.483806e-007 9.95743
-1.481806e-007 9.96468
-1.479806e-007 9.9961
-1.477806e-007 9.95881
-1.475806e-007 9.94569
-1.473806e-007 10.032
-1.471806e-007 10.0655
-1.469806e-007 10.0127
-1.467806e-007 10.0175
-1.465806e-007 10.0614
-1.463806e-007 10.0296
-1.461806e-007 9.98091
-1.459806e-007 10.0313
-1.457806e-007 10.1422
-1.455806e-007 10.1712
-1.453806e-007 10.0662
-1.451806e-007 9.97918
-1.449806e-007 9.99921
-1.447806e-007 9.96917
-1.445806e-007 9.87215
-1.443806e-007 9.86145
-1.441806e-007 9.89183
-1.439806e-007 9.89252
-1.437806e-007 9.94673
-1.435806e-007 9.98781
-1.433806e-007 9.89528
-1.431806e-007 9.82795
-1.429806e-007 9.88354
-1.427806e-007 9.93533
-1.425806e-007 9.97435
-1.423806e-007 10.0579
-1.421806e-007 10.1504
-1.419806e-007 10.197
-1.417806e-007 10.1819
-1.415806e-007 10.1408
-1.413806e-007 10.1339
-1.411806e-007 10.1239
-1.409806e-007 10.0455
-1.407806e-007 9.9892
-1.405806e-007 10.0089
-1.403806e-007 10.0337
-1.401806e-007 10.0441
-1.399806e-007 10.0393
-1.397806e-007 10.0344
-1.395806e-007 10.0458
-1.393806e-007 9.98609
-1.391806e-007 9.89563
-1.389806e-007 9.9412
-1.387806e-007 10.0534
-1.385806e-007 10.1163
-1.383806e-007 10.1529
-1.381806e-007 10.1463
-1.379806e-007 10.1107
-1.377806e-007 10.1021
-1.375806e-007 10.0576
-1.373806e-007 9.94569
-1.371806e-007 9.9015
-1.369806e-007 9.97987
-1.367806e-007 10.0852
-1.365806e-007 10.1349
-1.363806e-007 10.1163
-1.361806e-007 10.0841
-1.359806e-007 10.0814
-1.357806e-007 10.0917
-1.355806e-007 10.0734
-1.353806e-007 10.0089
-1.351806e-007 9.93879
-1.349806e-007 9.89425
-1.347806e-007 9.88009
-1.345806e-007 9.93326
-1.343806e-007 10.0206
-1.341806e-007 10.0417
-1.339806e-007 10.0189
-1.337806e-007 10.0061
-1.335806e-007 9.9671
-1.333806e-007 9.92498
-1.331806e-007 9.95674
-1.329806e-007 10.0258
-1.327806e-007 10.0365
-1.325806e-007 10.0268
-1.323806e-007 10.0548
-1.321806e-007 10.0679
-1.319806e-007 10.0296
-1.317806e-007 9.93602
-1.315806e-007 9.84177
-1.313806e-007 9.86386
-1.311806e-007 10.0009
-1.309806e-007 10.1028
-1.307806e-007 10.0993
-1.305806e-007 10.0765
-1.303806e-007 10.0513
-1.301806e-007 10.0182
-1.299806e-007 10.0479
-1.297806e-007 10.0803
-1.295806e-007 10.0579
-1.293806e-007 10.061
-1.291806e-007 10.0496
-1.289806e-007 9.94569
-1.287806e-007 9.88113
-1.285806e-007 9.90737
-1.283806e-007 9.88216
-1.281806e-007 9.87249
-1.279806e-007 9.99921
-1.277806e-007 10.1004
-1.275806e-007 10.0451
-1.273806e-007 9.98229
-1.271806e-007 10.0493
-1.269806e-007 10.1591
-1.267806e-007 10.1815
-1.265806e-007 10.0859
-1.263806e-007 9.97193
-1.261806e-007 9.95709
-1.259806e-007 10.0123
-1.257806e-007 10.0551
-1.255806e-007 10.071
-1.253806e-007 10.0955
-1.251806e-007 10.0993
-1.249806e-007 9.99437
-1.247806e-007 9.87008
-1.245806e-007 9.90909
-1.243806e-007 10.041
-1.241806e-007 10.1011
-1.239806e-007 10.0641
-1.237806e-007 9.96813
-1.235806e-007 9.92843
-1.233806e-007 10.0034
-1.231806e-007 10.0403
-1.229806e-007 9.95916
-1.227806e-007 9.89839
-1.225806e-007 9.94051
-1.223806e-007 10.0296
-1.221806e-007 10.0973
-1.219806e-007 10.1114
-1.217806e-007 10.1056
-1.215806e-007 10.0893
-1.213806e-007 10.032
-1.211806e-007 9.9961
-1.209806e-007 9.99299
-1.207806e-007 9.9381
-1.205806e-007 9.87526
-1.203806e-007 9.87353
-1.201806e-007 9.8832
-1.199806e-007 9.89597
-1.197806e-007 9.95122
-1.195806e-007 9.97711
-1.193806e-007 9.91151
-1.191806e-007 9.87042
-1.189806e-007 9.88113
-1.187806e-007 9.84315
-1.185806e-007 9.83555
-1.183806e-007 9.92359
-1.181806e-007 10.021
-1.179806e-007 10.0769
-1.177806e-007 10.0741
-1.175806e-007 10.0672
-1.173806e-007 10.0783
-1.171806e-007 10.0299
-1.169806e-007 9.98747
-1.167806e-007 10.023
-1.165806e-007 10.0386
-1.163806e-007 10.0513
-1.161806e-007 10.1387
-1.159806e-007 10.1535
-1.157806e-007 10.0075
-1.155806e-007 9.91082
-1.153806e-007 9.97469
-1.151806e-007 10.0493
-1.149806e-007 10.0593
-1.147806e-007 10.0379
-1.145806e-007 10.0182
-1.143806e-007 10.0303
-1.141806e-007 10.0631
-1.139806e-007 10.1128
-1.137806e-007 10.1511
-1.135806e-007 10.1038
-1.133806e-007 9.98781
-1.131806e-007 9.87871
-1.129806e-007 9.82761
-1.127806e-007 9.87836
-1.125806e-007 9.99852
-1.123806e-007 10.0524
-1.121806e-007 9.99645
-1.119806e-007 9.95018
-1.117806e-007 9.97815
-1.115806e-007 10.0358
-1.113806e-007 10.0765
-1.111806e-007 10.0707
-1.109806e-007 10.0662
-1.107806e-007 10.0904
-1.105806e-007 10.0451
-1.103806e-007 9.96641
-1.101806e-007 10.0109
-1.099806e-007 10.0752
-1.097806e-007 10.0134
-1.095806e-007 9.99161
-1.093806e-007 10.0962
-1.091806e-007 10.1708
-1.089806e-007 10.1359
-1.087806e-007 10.0565
-1.085806e-007 10.0441
-1.083806e-007 10.0897
-1.081806e-007 10.0745
-1.079806e-007 10.0306
-1.077806e-007 10.0223
-1.075806e-007 9.98056
-1.073806e-007 9.94569
-1.071806e-007 9.9923
-1.069806e-007 10.0199
-1.067806e-007 10.0002
-1.065806e-007 10.0179
-1.063806e-007 10.0538
-1.061806e-007 10.07
-1.059806e-007 10.0959
-1.057806e-007 10.1435
-1.055806e-007 10.1618
-1.053806e-007 10.0862
-1.051806e-007 9.97884
-1.049806e-007 9.98056
-1.047806e-007 10.0945
-1.045806e-007 10.1622
-1.043806e-007 10.0572
-1.041806e-007 9.89045
-1.039806e-007 9.85178
-1.037806e-007 9.93913
-1.035806e-007 10.0437
-1.033806e-007 10.0576
-1.031806e-007 9.99437
-1.029806e-007 9.95985
-1.027806e-007 9.98229
-1.025806e-007 10.0662
-1.023806e-007 10.1732
-1.021806e-007 10.1912
-1.019806e-007 10.0955
-1.017806e-007 9.98298
-1.015806e-007 9.93602
-1.013806e-007 9.97953
-1.011806e-007 10.0734
-1.009806e-007 10.1214
-1.007806e-007 10.1487
-1.005806e-007 10.1981
-1.003806e-007 10.1197
-1.001806e-007 9.93361
-9.998063e-008 9.87767
-9.978063e-008 9.91289
-9.958063e-008 9.89563
-9.938063e-008 9.89701
-9.918063e-008 9.91565
-9.898063e-008 9.88838
-9.878063e-008 9.9267
-9.858063e-008 10.0703
-9.838063e-008 10.1708
-9.818063e-008 10.176
-9.798063e-008 10.1567
-9.778063e-008 10.1404
-9.758063e-008 10.1639
-9.738063e-008 10.2102
-9.718063e-008 10.1515
-9.698063e-008 10.0279
-9.678063e-008 10.0189
-9.658063e-008 10.081
-9.638063e-008 10.0251
-9.618063e-008 9.89597
-9.598063e-008 9.88423
-9.578063e-008 9.98022
-9.558063e-008 10.0137
-9.538063e-008 9.95709
-9.518063e-008 9.92843
-9.498063e-008 9.96192
-9.478063e-008 10.0258
-9.458063e-008 10.0783
-9.438063e-008 10.0741
-9.418063e-008 10.0665
-9.398063e-008 10.1107
-9.378063e-008 10.1069
-9.358063e-008 10.002
-9.338063e-008 9.93568
-9.318063e-008 9.97297
-9.298063e-008 10.061
-9.278063e-008 10.185
-9.258063e-008 10.2402
-9.238063e-008 10.119
-9.218063e-008 9.97366
-9.198063e-008 9.98022
-9.178063e-008 10.0427
-9.158063e-008 10.0355
-9.138063e-008 9.99921
-9.118063e-008 9.99161
-9.098063e-008 10.0127
-9.078063e-008 10.0434
-9.058063e-008 10.0462
-9.038063e-008 10.0365
-9.018063e-008 10.0658
-8.998063e-008 10.0797
-8.978063e-008 10.0406
-8.958063e-008 10.0341
-8.938063e-008 10.079
-8.918063e-008 10.0959
-8.898063e-008 10.0741
-8.878063e-008 10.0945
-8.858063e-008 10.1428
-8.838063e-008 10.0969
-8.818063e-008 9.98781
-8.798063e-008 9.96813
-8.778063e-008 10.0109
-8.758063e-008 10.0075
-8.738063e-008 9.98989
-8.718063e-008 9.99748
-8.698063e-008 10.0172
-8.678063e-008 10.0427
-8.658063e-008 10.0662
-8.638063e-008 10.0983
-8.618063e-008 10.1453
-8.598063e-008 10.1725
-8.578063e-008 10.1549
-8.558063e-008 10.1404
-8.538063e-008 10.1425
-8.518063e-008 10.0938
-8.498063e-008 10.0099
-8.478063e-008 9.98816
-8.458063e-008 10.0313
-8.438063e-008 10.0513
-8.418063e-008 10.0092
-8.398063e-008 9.9671
-8.378063e-008 9.97918
-8.358063e-008 10.0085
-8.338063e-008 10.0455
-8.318063e-008 10.1135
-8.298063e-008 10.168
-8.278063e-008 10.196
-8.258063e-008 10.1877
-8.238063e-008 10.0786
-8.218063e-008 9.93533
-8.198063e-008 9.91462
-8.178063e-008 9.9671
-8.158063e-008 9.96641
-8.138063e-008 9.93568
-8.118063e-008 9.8832
-8.098063e-008 9.81104
-8.078063e-008 9.81483
-8.058063e-008 9.90633
-8.038063e-008 10.0106
-8.018063e-008 10.1114
-7.998063e-008 10.1767
-7.978063e-008 10.1549
-7.958063e-008 10.0942
-7.938063e-008 10.0724
-7.918063e-008 10.119
-7.898063e-008 10.1846
-7.878063e-008 10.1677
-7.858063e-008 10.1394
-7.838063e-008 10.2143
-7.818063e-008 10.2609
-7.798063e-008 10.1725
-7.778063e-008 10.0945
-7.758063e-008 10.1342
-7.738063e-008 10.1625
-7.718063e-008 10.0683
-7.698063e-008 9.96088
-7.678063e-008 9.97021
-7.658063e-008 10.0748
-7.638063e-008 10.1698
-7.618063e-008 10.1535
-7.598063e-008 10.0513
-7.578063e-008 9.98125
-7.558063e-008 9.99403
-7.538063e-008 10.0424
-7.518063e-008 10.0524
-7.498063e-008 10.0165
-7.478063e-008 10.013
-7.458063e-008 10.0472
-7.438063e-008 10.0589
-7.418063e-008 10.0724
-7.398063e-008 10.041
-7.378063e-008 9.93844
-7.358063e-008 9.90391
-7.338063e-008 9.92843
-7.318063e-008 9.93533
-7.298063e-008 9.99299
-7.278063e-008 10.0769
-7.258063e-008 10.0738
-7.238063e-008 10.0223
-7.218063e-008 10.0085
-7.198063e-008 10.0002
-7.178063e-008 9.97918
-7.158063e-008 9.9854
-7.138063e-008 10.0058
-7.118063e-008 9.99921
-7.098063e-008 9.95674
-7.078063e-008 9.94535
-7.058063e-008 10.022
-7.038063e-008 10.1059
-7.018063e-008 10.139
-6.998063e-008 10.1225
-6.978063e-008 10.031
-6.958063e-008 9.98471
-6.938063e-008 10.0562
-6.918063e-008 10.0403
-6.898063e-008 9.89804
-6.878063e-008 9.86801
-6.858063e-008 9.9633
-6.838063e-008 10.0248
-6.818063e-008 10.0427
-6.798063e-008 10.0406
-6.778063e-008 10.0134
-6.758063e-008 10.0054
-6.738063e-008 10.0344
-6.718063e-008 10.0572
-6.698063e-008 10.0762
-6.678063e-008 10.108
-6.658063e-008 10.08
-6.638063e-008 9.99403
-6.618063e-008 9.98643
-6.598063e-008 10.069
-6.578063e-008 10.1408
-6.558063e-008 10.1684
-6.538063e-008 10.1321
-6.518063e-008 10.0576
-6.498063e-008 10.0348
-6.478063e-008 10.0748
-6.458063e-008 10.0728
-6.438063e-008 9.96952
-6.418063e-008 9.87042
-6.398063e-008 9.89563
-6.378063e-008 10.0027
-6.358063e-008 10.0928
-6.338063e-008 10.1401
-6.318063e-008 10.127
-6.298063e-008 10.0645
-6.278063e-008 10.0275
-6.258063e-008 10.0261
-6.238063e-008 10.0372
-6.218063e-008 10.0838
-6.198063e-008 10.0852
-6.178063e-008 9.9816
-6.158063e-008 9.94673
-6.138063e-008 10.0272
-6.118063e-008 10.0641
-6.098063e-008 10.0465
-6.078063e-008 10.0406
-6.058063e-008 10.0458
-6.038063e-008 10.0386
-6.018063e-008 10.012
-5.998063e-008 10.0058
-5.978063e-008 10.0348
-5.958063e-008 10.0244
-5.938063e-008 9.93395
-5.918063e-008 9.87457
-5.898063e-008 9.91945
-5.878063e-008 9.98643
-5.858063e-008 10.0348
-5.838063e-008 10.1049
-5.818063e-008 10.1791
-5.798063e-008 10.1915
-5.778063e-008 10.1384
-5.758063e-008 10.0741
-5.738063e-008 10.0393
-5.718063e-008 10.0379
-5.698063e-008 10.0482
-5.678063e-008 10.04
-5.658063e-008 9.98989
-5.638063e-008 9.89943
-5.618063e-008 9.81
-5.598063e-008 9.76684
-5.578063e-008 9.80344
-5.558063e-008 9.9488
-5.538063e-008 10.1152
-5.518063e-008 10.099
-5.498063e-008 9.91738
-5.478063e-008 9.81138
-5.458063e-008 9.86248
-5.438063e-008 9.97815
-5.418063e-008 10.0617
-5.398063e-008 10.1045
-5.378063e-008 10.147
-5.358063e-008 10.127
-5.338063e-008 10.0406
-5.318063e-008 10.0085
-5.298063e-008 10.0393
-5.278063e-008 10.0586
-5.258063e-008 10.0424
-5.238063e-008 10.0196
-5.218063e-008 10.051
-5.198063e-008 10.1024
-5.178063e-008 10.0534
-5.158063e-008 9.94258
-5.138063e-008 9.93464
-5.118063e-008 10.0251
-5.098063e-008 10.0886
-5.078063e-008 10.099
-5.058063e-008 10.0607
-5.038063e-008 10.0127
-5.018063e-008 10.0652
-4.998063e-008 10.1432
-4.978063e-008 10.1059
-4.958063e-008 10.0334
-4.938063e-008 10.0027
-4.918063e-008 9.97366
-4.898063e-008 9.95053
-4.878063e-008 9.9633
-4.858063e-008 10.0078
-4.838063e-008 10.0286
-4.818063e-008 9.93292
-4.798063e-008 9.77375
-4.778063e-008 9.77582
-4.758063e-008 9.96261
-4.738063e-008 10.1194
-4.718063e-008 10.1601
-4.698063e-008 10.1446
-4.678063e-008 10.1404
-4.658063e-008 10.157
-4.638063e-008 10.1201
-4.618063e-008 10.0248
-4.598063e-008 9.98402
-4.578063e-008 10.0034
-4.558063e-008 10.0002
-4.538063e-008 10.0016
-4.518063e-008 10.0475
-4.498063e-008 10.1173
-4.478063e-008 10.1466
-4.458063e-008 10.089
-4.438063e-008 10.0607
-4.418063e-008 10.1273
-4.398063e-008 10.1263
-4.378063e-008 10.0134
-4.358063e-008 9.94431
-4.338063e-008 9.91772
-4.318063e-008 9.8649
-4.298063e-008 9.8649
-4.278063e-008 9.9488
-4.258063e-008 10.0089
-4.238063e-008 9.99886
-4.218063e-008 9.97642
-4.198063e-008 9.98505
-4.178063e-008 10.0503
-4.158063e-008 10.1018
-4.138063e-008 10.0306
-4.118063e-008 9.93464
-4.098063e-008 9.96192
-4.078063e-008 10.0258
-4.058063e-008 10.0241
-4.038063e-008 10.0227
-4.018063e-008 10.0469
-3.998063e-008 10.0665
-3.978063e-008 10.0755
-3.958063e-008 10.061
-3.938063e-008 10.0317
-3.918063e-008 9.99437
-3.898063e-008 9.93706
-3.878063e-008 9.88665
-3.858063e-008 9.86697
-3.838063e-008 9.83313
-3.818063e-008 9.81622
-3.798063e-008 9.86559
-3.778063e-008 9.89873
-3.758063e-008 9.89148
-3.738063e-008 9.90046
-3.718063e-008 9.93982
-3.698063e-008 10.0154
-3.678063e-008 10.071
-3.658063e-008 10.0203
-3.638063e-008 9.9412
-3.618063e-008 9.9671
-3.598063e-008 10.0358
-3.578063e-008 10.0151
-3.558063e-008 9.92877
-3.538063e-008 9.90909
-3.518063e-008 9.99817
-3.498063e-008 10.099
-3.478063e-008 10.1007
-3.458063e-008 10.0237
-3.438063e-008 9.98885
-3.418063e-008 10.0375
-3.398063e-008 10.0866
-3.378063e-008 10.0738
-3.358063e-008 10.031
-3.338063e-008 9.98989
-3.318063e-008 9.93637
-3.298063e-008 9.86593
-3.278063e-008 9.84902
-3.258063e-008 9.92152
-3.238063e-008 9.97262
-3.218063e-008 9.95225
-3.198063e-008 9.96157
-3.178063e-008 10.0503
-3.158063e-008 10.1204
-3.138063e-008 10.08
-3.118063e-008 10.0324
-3.098063e-008 10.0873
-3.078063e-008 10.1007
-3.058063e-008 9.99645
-3.038063e-008 9.98989
-3.018063e-008 10.0917
-2.998063e-008 10.0931
-2.978063e-008 10.0562
-2.958063e-008 10.09
-2.938063e-008 10.137
-2.918063e-008 10.1504
-2.898063e-008 10.0955
-2.878063e-008 10.0296
-2.858063e-008 10.0379
-2.838063e-008 10.0524
-2.818063e-008 10.0303
-2.798063e-008 10.0286
-2.778063e-008 10.0365
-2.758063e-008 10.0065
-2.738063e-008 9.98229
-2.718063e-008 10.0614
-2.698063e-008 10.1946
-2.678063e-008 10.2223
-2.658063e-008 10.1529
-2.638063e-008 10.1014
-2.618063e-008 10.0769
-2.598063e-008 10.0413
-2.578063e-008 10.0147
-2.558063e-008 10.0286
-2.538063e-008 10.0527
-2.518063e-008 10.0662
-2.498063e-008 10.0624
-2.478063e-008 10.0023
-2.458063e-008 9.90702
-2.438063e-008 9.86317
-2.418063e-008 9.89183
-2.398063e-008 9.93637
-2.378063e-008 9.98367
-2.358063e-008 10.0065
-2.338063e-008 9.95501
-2.318063e-008 9.93015
-2.298063e-008 9.974
-2.278063e-008 9.94189
-2.258063e-008 9.84867
-2.238063e-008 9.82968
-2.218063e-008 9.92152
-2.198063e-008 10.0769
-2.178063e-008 10.1076
-2.158063e-008 9.96641
-2.138063e-008 9.88941
-2.118063e-008 9.89356
-2.098063e-008 9.87491
-2.078063e-008 9.91911
-2.058063e-008 9.99576
-2.038063e-008 9.99472
-2.018063e-008 9.96779
-1.998063e-008 10.0047
-1.978063e-008 10.071
-1.958063e-008 10.0469
-1.938063e-008 9.93913
-1.918063e-008 9.92394
-1.898063e-008 10.0444
-1.878063e-008 10.1207
-1.858063e-008 10.0917
-1.838063e-008 10.0686
-1.818063e-008 10.1173
-1.798063e-008 10.1964
-1.778063e-008 10.1939
-1.758063e-008 10.1225
-1.738063e-008 10.0793
-1.718063e-008 10.0469
-1.698063e-008 10.0054
-1.678063e-008 9.99058
-1.658063e-008 9.9778
-1.638063e-008 9.9229
-1.618063e-008 9.88631
-1.598063e-008 9.93706
-1.578063e-008 9.97677
-1.558063e-008 9.93844
-1.538063e-008 9.97746
-1.518063e-008 10.1156
-1.498063e-008 10.1259
-1.478063e-008 9.98229
-1.458063e-008 9.88941
-1.438063e-008 9.94293
-1.418063e-008 10.0451
-1.398063e-008 10.0797
-1.378063e-008 10.0672
-1.358063e-008 10.0641
-1.338063e-008 10.0472
-1.318063e-008 10.031
-1.298063e-008 10.0645
-1.278063e-008 10.081
-1.258063e-008 10.0417
-1.238063e-008 10.0337
-1.218063e-008 10.0569
-1.198063e-008 10.023
-1.178063e-008 9.95881
-1.158063e-008 9.91703
-1.138063e-008 9.88147
-1.118063e-008 9.88216
-1.098063e-008 9.9595
-1.078063e-008 10.0721
-1.058063e-008 10.1701
-1.038063e-008 10.2309
-1.018063e-008 10.2305
-9.980632e-009 10.1787
-9.780632e-009 10.1301
-9.580632e-009 10.1321
-9.380632e-009 10.1163
-9.180632e-009 9.96675
-8.980632e-009 9.81173
-8.780632e-009 9.86697
-8.580632e-009 10.0465
-8.380632e-009 10.1166
-8.180632e-009 10.033
-7.980632e-009 9.9412
-7.780632e-009 9.90909
-7.580632e-009 9.90737
-7.380632e-009 9.95881
-7.180632e-009 10.0638
-6.980632e-009 10.1463
-6.780632e-009 10.1276
-6.580632e-009 10.0289
-6.380632e-009 9.97159
-6.180632e-009 9.99783
-5.980632e-009 10.0465
-5.780632e-009 10.0627
-5.580632e-009 10.0624
-5.380632e-009 10.1018
-5.180632e-009 10.1812
-4.980632e-009 10.1836
-4.780632e-009 10.0693
-4.580632e-009 10.0206
-4.380632e-009 10.0672
-4.180632e-009 10.0541
-3.980632e-009 9.99817
-3.780632e-009 9.9633
-3.580632e-009 9.92774
-3.380632e-009 9.94811
-3.180632e-009 10.0652
-2.980632e-009 10.1625
-2.780632e-009 10.1539
-2.580632e-009 10.0976
-2.380632e-009 10.0624
-2.180632e-009 10.0051
-1.980632e-009 9.85454
-1.780632e-009 9.65877
-1.580632e-009 9.39326
-1.380632e-009 8.73586
-1.180632e-009 7.51948
-9.806319e-010 6.10905
-7.806319e-010 4.87712
-5.806319e-010 3.86893
-3.806319e-010 3.04132
-1.806319e-010 2.40706
1.936806e-011 2.02139
2.193681e-010 1.8529
4.193681e-010 1.71859
6.193681e-010 1.5577
8.193681e-010 1.51281
1.019368e-009 1.54078
1.219368e-009 1.48553
1.419368e-009 1.422
1.619368e-009 1.44272
1.819368e-009 1.49347
2.019368e-009 1.49002
2.219368e-009 1.36227
2.419368e-009 1.20103
2.619368e-009 1.20241
2.819368e-009 1.2908
3.019368e-009 1.31532
3.219368e-009 1.36814
3.419368e-009 1.44548
3.619368e-009 1.43202
3.819368e-009 1.36814
4.019368e-009 1.33154
4.219368e-009 1.32015
4.419368e-009 1.31635
4.619368e-009 1.36193
4.819368e-009 1.43305
5.019368e-009 1.41924
5.219368e-009 1.34639
5.419368e-009 1.30668
5.619368e-009 1.29736
5.819368e-009 1.31704
6.019368e-009 1.38057
6.219368e-009 1.41682
6.419368e-009 1.41752
6.619368e-009 1.47207
6.819368e-009 1.47
7.019368e-009 1.34052
7.219368e-009 1.2763
7.419368e-009 1.29046
7.619368e-009 1.29287
7.819368e-009 1.36262
8.019368e-009 1.44099
8.219368e-009 1.39887
8.419368e-009 1.34743
8.619368e-009 1.39093
8.819368e-009 1.39058
9.019368e-009 1.23141
9.219368e-009 1.09054
9.419368e-009 1.12162
9.619368e-009 1.22244
9.819368e-009 1.29598
1.001937e-008 1.25282
1.021937e-008 1.10539
1.041937e-008 1.094
1.061937e-008 1.24074
1.081937e-008 1.3129
1.101937e-008 1.27285
1.121937e-008 1.21553
1.141937e-008 1.19102
1.161937e-008 1.24557
1.181937e-008 1.31532
1.201937e-008 1.28597
1.221937e-008 1.21933
1.241937e-008 1.19861
1.261937e-008 1.1817
1.281937e-008 1.17065
1.301937e-008 1.19413
1.321937e-008 1.22762
1.341937e-008 1.23003
1.361937e-008 1.16512
1.381937e-008 1.09918
1.401937e-008 1.13267
1.421937e-008 1.22106
1.441937e-008 1.30254
1.461937e-008 1.34328
1.481937e-008 1.24315
1.501937e-008 1.06534
1.521937e-008 1.00906
1.541937e-008 1.02943
1.561937e-008 1.01873
1.581937e-008 1.06016
1.601937e-008 1.1009
1.621937e-008 0.990416
1.641937e-008 0.895121
1.661937e-008 1.00181
1.681937e-008 1.16823
1.701937e-008 1.24902
1.721937e-008 1.21968
1.741937e-008 1.15269
1.761937e-008 1.18653
1.781937e-008 1.2435
1.801937e-008 1.19413
1.821937e-008 1.11402
1.841937e-008 1.10574
1.861937e-008 1.14164
1.881937e-008 1.14372
1.901937e-008 1.10919
1.921937e-008 1.08675
1.941937e-008 1.09158
1.961937e-008 1.05671
1.981937e-008 0.965902
2.001937e-008 0.925505
2.021937e-008 0.965556
2.041937e-008 1.01286
2.061937e-008 1.05705
2.081937e-008 1.12162
2.101937e-008 1.18411
2.121937e-008 1.23797
2.141937e-008 1.27941
2.161937e-008 1.26525
2.181937e-008 1.18135
2.201937e-008 1.0719
2.221937e-008 1.05326
2.241937e-008 1.14924
2.261937e-008 1.16409
2.281937e-008 1.04635
2.301937e-008 1.02494
2.321937e-008 1.1375
2.341937e-008 1.16961
2.361937e-008 1.09503
2.381937e-008 1.03979
2.401937e-008 1.02667
2.421937e-008 1.00733
2.441937e-008 0.960032
2.461937e-008 0.939316
2.481937e-008 0.960032
2.501937e-008 0.951055
2.521937e-008 0.907206
2.541937e-008 0.917909
2.561937e-008 1.0353
2.581937e-008 1.15787
2.601937e-008 1.15787
2.621937e-008 1.06223
2.641937e-008 0.978677
2.661937e-008 0.951746
2.681937e-008 0.948293
2.701937e-008 0.997667
2.721937e-008 1.15684
2.741937e-008 1.27043
2.761937e-008 1.15476
2.781937e-008 0.9697
2.801937e-008 0.962104
2.821937e-008 1.06707
2.841937e-008 1.11092
2.861937e-008 1.07673
2.881937e-008 1.03047
2.901937e-008 1.0719
2.921937e-008 1.22209
2.941937e-008 1.30116
2.961937e-008 1.22037
2.981937e-008 1.14682
3.001937e-008 1.16409
3.021937e-008 1.19447
3.041937e-008 1.18515
3.061937e-008 1.08433
3.081937e-008 0.933792
3.101937e-008 0.907551
3.121937e-008 1.02632
3.141937e-008 1.1268
3.161937e-008 1.08433
3.181937e-008 0.949674
3.201937e-008 0.889252
3.221937e-008 0.948638
3.241937e-008 1.00906
3.261937e-008 1.03875
3.281937e-008 1.10539
3.301937e-008 1.20656
3.321937e-008 1.2946
3.341937e-008 1.27941
3.361937e-008 1.16892
3.381937e-008 1.13923
3.401937e-008 1.23418
3.421937e-008 1.31773
3.441937e-008 1.30012
3.461937e-008 1.20138
3.481937e-008 1.07811
3.501937e-008 0.972807
3.521937e-008 0.945531
3.541937e-008 1.01424
3.561937e-008 1.07708
3.581937e-008 1.05118
3.601937e-008 1.01044
3.621937e-008 1.05153
3.641937e-008 1.09054
3.661937e-008 1.03357
3.681937e-008 1.02253
3.701937e-008 1.17168
3.721937e-008 1.30185
3.741937e-008 1.25938
3.761937e-008 1.16927
3.781937e-008 1.19033
3.801937e-008 1.27285
3.821937e-008 1.27975
3.841937e-008 1.24177
3.861937e-008 1.2397
3.881937e-008 1.19861
3.901937e-008 1.09676
3.921937e-008 1.04359
3.941937e-008 1.05049
3.961937e-008 1.03599
3.981937e-008 1.00526
4.001937e-008 1.02184
4.021937e-008 1.08191
4.041937e-008 1.12818
4.061937e-008 1.123
4.081937e-008 1.08433
4.101937e-008 1.08537
4.121937e-008 1.13232
4.141937e-008 1.10332
4.161937e-008 0.999738
4.181937e-008 1.00872
4.201937e-008 1.13612
4.221937e-008 1.21691
4.241937e-008 1.20966
4.261937e-008 1.14924
4.281937e-008 1.0681
4.301937e-008 1.00733
4.321937e-008 0.992142
4.341937e-008 1.0284
4.361937e-008 1.05533
4.381937e-008 1.00733
4.401937e-008 0.949329
4.421937e-008 0.958651
4.441937e-008 1.01389
4.461937e-008 1.07155
4.481937e-008 1.09331
4.501937e-008 1.09262
4.521937e-008 1.10815
4.541937e-008 1.12507
4.561937e-008 1.12542
4.581937e-008 1.14164
4.601937e-008 1.21312
4.621937e-008 1.28631
4.641937e-008 1.25351
4.661937e-008 1.1306
4.681937e-008 1.05878
4.701937e-008 1.12127
4.721937e-008 1.23072
4.741937e-008 1.2214
4.761937e-008 1.09331
4.781937e-008 1.00112
4.801937e-008 1.00492
4.821937e-008 1.02494
4.841937e-008 1.01631
4.861937e-008 1.0391
4.881937e-008 1.13785
4.901937e-008 1.229
4.921937e-008 1.20345
4.941937e-008 1.15338
4.961937e-008 1.19205
4.981937e-008 1.25558
5.001937e-008 1.3053
5.021937e-008 1.32257
5.041937e-008 1.2687
5.061937e-008 1.19102
5.081937e-008 1.14061
5.101937e-008 1.11713
5.121937e-008 1.12507
5.141937e-008 1.13439
5.161937e-008 1.11264
5.181937e-008 1.11264
5.201937e-008 1.12093
5.221937e-008 1.06845
5.241937e-008 1.02563
5.261937e-008 1.07363
5.281937e-008 1.15891
5.301937e-008 1.15856
5.321937e-008 1.05256
5.341937e-008 0.985927
5.361937e-008 1.07811
5.381937e-008 1.22865
5.401937e-008 1.24523
5.421937e-008 1.14441
5.441937e-008 1.06465
5.461937e-008 1.04186
5.481937e-008 1.07052
5.501937e-008 1.10815
5.521937e-008 1.08813
5.541937e-008 1.03565
5.561937e-008 1.01493
5.581937e-008 1.03737
5.601937e-008 1.07259
5.621937e-008 1.07604
5.641937e-008 1.05429
5.661937e-008 1.0467
5.681937e-008 1.03012
5.701937e-008 1.00492
5.721937e-008 1.00181
5.741937e-008 0.998702
5.761937e-008 1.01942
5.781937e-008 1.08226
5.801937e-008 1.09641
5.821937e-008 1.07881
5.841937e-008 1.13508
5.861937e-008 1.20517
5.881937e-008 1.20828
5.901937e-008 1.19654
5.921937e-008 1.20448
5.941937e-008 1.20069
5.961937e-008 1.15235
5.981937e-008 1.08295
6.001937e-008 1.05464
6.021937e-008 1.06845
6.041937e-008 1.08157
6.061937e-008 1.09089
6.081937e-008 1.12265
6.101937e-008 1.16305
6.121937e-008 1.16616
6.141937e-008 1.14233
6.161937e-008 1.1451
6.181937e-008 1.15511
6.201937e-008 1.12369
6.221937e-008 1.05498
6.241937e-008 0.988344
6.261937e-008 0.978677
6.281937e-008 1.04083
6.301937e-008 1.11851
6.321937e-008 1.15476
6.341937e-008 1.152
6.361937e-008 1.09676
6.381937e-008 1.00354
6.401937e-008 0.969354
6.421937e-008 1.01182
6.441937e-008 1.06845
6.461937e-008 1.14786
6.481937e-008 1.2542
6.501937e-008 1.32913
6.521937e-008 1.31911
6.541937e-008 1.20414
6.561937e-008 1.09434
6.581937e-008 1.14164
6.601937e-008 1.25973
6.621937e-008 1.24695
6.641937e-008 1.15753
6.661937e-008 1.14579
6.681937e-008 1.1413
6.701937e-008 1.06499
6.721937e-008 1.01804
6.741937e-008 1.06223
6.761937e-008 1.12473
6.781937e-008 1.13957
6.801937e-008 1.10159
6.821937e-008 1.00872
6.841937e-008 0.914456
6.861937e-008 0.92585
6.881937e-008 1.02632
6.901937e-008 1.11955
6.921937e-008 1.16961
6.941937e-008 1.17824
6.961937e-008 1.20932
6.981937e-008 1.31704
7.001937e-008 1.36469
7.021937e-008 1.27768
7.041937e-008 1.21173
7.061937e-008 1.20034
7.081937e-008 1.1634
7.101937e-008 1.15235
7.121937e-008 1.18377
7.141937e-008 1.16443
7.161937e-008 1.10263
7.181937e-008 1.08916
7.201937e-008 1.09538
7.221937e-008 1.05705
7.241937e-008 1.00837
7.261937e-008 1.02736
7.281937e-008 1.1489
7.301937e-008 1.22589
7.321937e-008 1.14337
7.341937e-008 1.05774
7.361937e-008 1.0826
7.381937e-008 1.13094
7.401937e-008 1.14648
7.421937e-008 1.14613
7.441937e-008 1.10919
7.461937e-008 1.0315
7.481937e-008 0.974534
7.501937e-008 0.981784
7.521937e-008 1.0246
7.541937e-008 1.04566
7.561937e-008 1.05947
7.581937e-008 1.13439
7.601937e-008 1.23211
7.621937e-008 1.22831
7.641937e-008 1.13888
7.661937e-008 1.09089
7.681937e-008 1.11748
7.701937e-008 1.1741
7.721937e-008 1.21519
7.741937e-008 1.20966
7.761937e-008 1.17272
7.781937e-008 1.1634
7.801937e-008 1.17341
7.821937e-008 1.10263
7.841937e-008 0.998012
7.861937e-008 1.0208
7.881937e-008 1.10815
7.901937e-008 1.15925
7.921937e-008 1.22209
7.941937e-008 1.23901
7.961937e-008 1.13612
7.981937e-008 1.03116
8.001937e-008 1.03288
8.021937e-008 1.0467
8.041937e-008 0.992833
8.061937e-008 1.00216
8.081937e-008 1.12335
8.101937e-008 1.18204
8.121937e-008 1.12576
8.141937e-008 1.09952
8.161937e-008 1.15684
8.181937e-008 1.21691
8.201937e-008 1.22693
8.221937e-008 1.23211
8.241937e-008 1.25386
8.261937e-008 1.23797
8.281937e-008 1.22485
8.301937e-008 1.25938
8.321937e-008 1.26491
8.341937e-008 1.21001
8.361937e-008 1.14648
8.381937e-008 1.0902
8.401937e-008 1.04877
8.421937e-008 1.05256
8.441937e-008 1.06741
8.461937e-008 1.08088
8.481937e-008 1.13439
8.501937e-008 1.1596
8.521937e-008 1.13819
8.541937e-008 1.18895
8.561937e-008 1.26939
8.581937e-008 1.25627
8.601937e-008 1.20241
8.621937e-008 1.16927
8.641937e-008 1.12265
8.661937e-008 1.07294
8.681937e-008 1.0719
8.701937e-008 1.13163
8.721937e-008 1.20586
8.741937e-008 1.22037
8.761937e-008 1.17859
8.781937e-008 1.15028
8.801937e-008 1.15615
8.821937e-008 1.15615
8.841937e-008 1.10953
8.861937e-008 1.05015
8.881937e-008 1.06845
8.901937e-008 1.12749
8.921937e-008 1.08502
8.941937e-008 0.972807
8.961937e-008 0.962449
8.981937e-008 1.07466
9.001937e-008 1.17928
9.021937e-008 1.19585
9.041937e-008 1.16685
9.061937e-008 1.15442
9.081937e-008 1.13923
9.101937e-008 1.07225
9.121937e-008 1.03254
9.141937e-008 1.12991
9.161937e-008 1.24143
9.181937e-008 1.21035
9.201937e-008 1.12921
9.221937e-008 1.10539
9.241937e-008 1.08191
9.261937e-008 1.05809
9.281937e-008 1.1123
9.301937e-008 1.22624
9.321937e-008 1.29943
9.341937e-008 1.24143
9.361937e-008 1.10021
9.381937e-008 1.04221
9.401937e-008 1.10436
9.421937e-008 1.20794
9.441937e-008 1.28459
9.461937e-008 1.25351
9.481937e-008 1.13094
9.501937e-008 1.05878
9.521937e-008 1.09952
9.541937e-008 1.15753
9.561937e-008 1.14959
9.581937e-008 1.11609
9.601937e-008 1.10919
9.621937e-008 1.14061
9.641937e-008 1.17479
9.661937e-008 1.13129
9.681937e-008 1.05015
9.701937e-008 1.05015
9.721937e-008 1.13267
9.741937e-008 1.23521
9.761937e-008 1.2839
9.781937e-008 1.22244
9.801937e-008 1.13232
9.821937e-008 1.12507
9.841937e-008 1.17548
9.861937e-008 1.2252
9.881937e-008 1.23487
9.901937e-008 1.16685
9.921937e-008 1.07604
9.941937e-008 1.05878
9.961937e-008 1.13854
9.981937e-008 1.24557
1.000194e-007 1.25317
1.002194e-007 1.14268
1.004194e-007 1.02909
1.006194e-007 0.975569
1.008194e-007 1.017
1.010194e-007 1.1451
1.012194e-007 1.26007
1.014194e-007 1.34156
1.016194e-007 1.40819
1.018194e-007 1.42718
1.020194e-007 1.40094
1.022194e-007 1.35433
1.024194e-007 1.33776
1.026194e-007 1.33707
1.028194e-007 1.27595
1.030194e-007 1.18929
1.032194e-007 1.1489
1.034194e-007 1.14268
1.036194e-007 1.10884
1.038194e-007 1.06534
1.040194e-007 1.10608
1.042194e-007 1.18964
1.044194e-007 1.21312
1.046194e-007 1.18101
1.048194e-007 1.09883
1.050194e-007 1.0063
1.052194e-007 1.03599
1.054194e-007 1.18653
1.056194e-007 1.25731
1.058194e-007 1.17341
1.060194e-007 1.10159
1.062194e-007 1.13163
1.064194e-007 1.15442
1.066194e-007 1.10539
1.068194e-007 1.10297
1.070194e-007 1.17514
1.072194e-007 1.13405
1.074194e-007 1.0063
1.076194e-007 1.00112
1.078194e-007 1.06672
1.080194e-007 1.06499
1.082194e-007 1.01873
1.084194e-007 1.00526
1.086194e-007 1.08295
1.088194e-007 1.21139
1.090194e-007 1.28148
1.092194e-007 1.2725
1.094194e-007 1.23694
1.096194e-007 1.20828
1.098194e-007 1.20034
1.100194e-007 1.1741
1.102194e-007 1.09054
1.104194e-007 1.02736
1.106194e-007 1.02425
1.108194e-007 1.01079
1.110194e-007 1.01631
1.112194e-007 1.07742
1.114194e-007 1.07432
1.116194e-007 0.985927
1.118194e-007 0.980058
1.120194e-007 1.09745
1.122194e-007 1.19205
1.124194e-007 1.18135
1.126194e-007 1.11437
1.128194e-007 1.09814
1.130194e-007 1.20379
1.132194e-007 1.32049
1.134194e-007 1.32188
1.136194e-007 1.28321
1.138194e-007 1.26214
1.140194e-007 1.23625
1.142194e-007 1.21208
1.144194e-007 1.19067
1.146194e-007 1.20207
1.148194e-007 1.22382
1.150194e-007 1.21588
1.152194e-007 1.23797
1.154194e-007 1.26042
1.156194e-007 1.18342
1.158194e-007 1.12749
1.160194e-007 1.23521
1.162194e-007 1.30116
1.164194e-007 1.152
1.166194e-007 0.992488
1.168194e-007 0.983165
1.170194e-007 1.06603
1.172194e-007 1.15822
1.174194e-007 1.17065
1.176194e-007 1.11126
1.178194e-007 1.11092
1.180194e-007 1.20932
1.182194e-007 1.29598
1.184194e-007 1.24626
1.186194e-007 1.09158
1.188194e-007 1.03737
1.190194e-007 1.16063
1.192194e-007 1.25075
1.194194e-007 1.15891
1.196194e-007 0.989035
1.198194e-007 0.890633
1.200194e-007 0.904444
1.202194e-007 0.95071
1.204194e-007 0.991107
1.206194e-007 1.02149
1.208194e-007 0.964175
1.210194e-007 0.869226
1.212194e-007 0.879929
1.214194e-007 0.992833
1.216194e-007 1.06845
1.218194e-007 1.03219
1.220194e-007 0.984546
1.222194e-007 1.01666
1.224194e-007 1.09849
1.226194e-007 1.16788
1.228194e-007 1.1741
1.230194e-007 1.12058
1.232194e-007 1.08053
1.234194e-007 1.10815
1.236194e-007 1.1634
1.238194e-007 1.18204
1.240194e-007 1.15822
1.242194e-007 1.10125
1.244194e-007 1.06914
1.246194e-007 1.14337
1.248194e-007 1.20069
1.250194e-007 1.12714
1.252194e-007 1.11575
1.254194e-007 1.21691
1.256194e-007 1.22106
1.258194e-007 1.1413
1.260194e-007 1.1268
1.262194e-007 1.15062
1.264194e-007 1.12921
1.266194e-007 1.07984
1.268194e-007 1.07121
1.270194e-007 1.10746
1.272194e-007 1.12162
1.274194e-007 1.10194
1.276194e-007 1.11299
1.278194e-007 1.15718
1.280194e-007 1.17859
1.282194e-007 1.2031
1.284194e-007 1.29218
1.286194e-007 1.39127
1.288194e-007 1.42649
1.290194e-007 1.39438
1.292194e-007 1.29736
1.294194e-007 1.20034
1.296194e-007 1.19033
1.298194e-007 1.25179
1.300194e-007 1.28459
1.302194e-007 1.26214
1.304194e-007 1.25524
1.306194e-007 1.24039
1.308194e-007 1.20414
1.310194e-007 1.20794
1.312194e-007 1.22175
1.314194e-007 1.22416
1.316194e-007 1.25282
1.318194e-007 1.2839
1.320194e-007 1.26283
1.322194e-007 1.24488
1.324194e-007 1.30185
1.326194e-007 1.3274
1.328194e-007 1.23867
1.330194e-007 1.15684
1.332194e-007 1.22727
1.334194e-007 1.40923
1.336194e-007 1.50936
1.338194e-007 1.49071
1.340194e-007 1.46447
1.342194e-007 1.44376
1.344194e-007 1.42373
1.346194e-007 1.41268
1.348194e-007 1.38264
1.350194e-007 1.34294
1.352194e-007 1.33983
1.354194e-007 1.33051
1.356194e-007 1.2618
1.358194e-007 1.26318
1.360194e-007 1.37539
1.362194e-007 1.4555
1.364194e-007 1.46378
1.366194e-007 1.38679
1.368194e-007 1.2504
1.370194e-007 1.23176
1.372194e-007 1.35986
1.374194e-007 1.44997
1.376194e-007 1.42304
1.378194e-007 1.36296
1.380194e-007 1.34432
1.382194e-007 1.40232
1.384194e-007 1.50383
1.386194e-007 1.54975
1.388194e-007 1.50867
1.390194e-007 1.4372
1.392194e-007 1.41821
1.394194e-007 1.45826
1.396194e-007 1.46551
1.398194e-007 1.40957
1.400194e-007 1.38851
1.402194e-007 1.42408
1.404194e-007 1.40923
1.406194e-007 1.35778
1.408194e-007 1.37919
1.410194e-007 1.49209
1.412194e-007 1.60914
1.414194e-007 1.61984
1.416194e-007 1.55183
1.418194e-007 1.53905
1.420194e-007 1.58152
1.422194e-007 1.59878
1.424194e-007 1.61052
1.426194e-007 1.58808
1.428194e-007 1.48933
1.430194e-007 1.45273
1.432194e-007 1.51902
1.434194e-007 1.54112
1.436194e-007 1.48001
1.438194e-007 1.45273
1.440194e-007 1.5211
1.442194e-007 1.57427
1.444194e-007 1.54527
1.446194e-007 1.53974
1.448194e-007 1.61536
1.450194e-007 1.63193
1.452194e-007 1.51143
1.454194e-007 1.42269
1.456194e-007 1.50211
1.458194e-007 1.6561
1.460194e-007 1.73206
1.462194e-007 1.69373
1.464194e-007 1.61397
1.466194e-007 1.58117
1.468194e-007 1.59775
1.470194e-007 1.65644
1.472194e-007 1.73516
1.474194e-007 1.70858
1.476194e-007 1.60741
1.478194e-007 1.58428
1.480194e-007 1.59084
1.482194e-007 1.55459
1.484194e-007 1.53905
1.486194e-007 1.54699
1.488194e-007 1.53249
1.490194e-007 1.52386
1.492194e-007 1.57012
1.494194e-007 1.67612
1.496194e-007 1.75001
1.498194e-007 1.68406
1.500194e-007 1.5829
1.502194e-007 1.59637
1.504194e-007 1.64677
1.506194e-007 1.634
1.508194e-007 1.63365
1.510194e-007 1.67232
1.512194e-007 1.64194
1.514194e-007 1.59533
1.516194e-007 1.62433
1.518194e-007 1.62882
1.520194e-007 1.58532
1.522194e-007 1.56978
1.524194e-007 1.58014
1.526194e-007 1.62088
1.528194e-007 1.6744
1.530194e-007 1.69995
1.532194e-007 1.71272
1.534194e-007 1.68752
1.536194e-007 1.64229
1.538194e-007 1.63642
1.540194e-007 1.61708
1.542194e-007 1.58946
1.544194e-007 1.6302
1.546194e-007 1.69753
1.548194e-007 1.73758
1.550194e-007 1.78281
1.552194e-007 1.80767
1.554194e-007 1.76866
1.556194e-007 1.7255
1.558194e-007 1.72584
1.560194e-007 1.7621
1.562194e-007 1.8277
1.564194e-007 1.88087
1.566194e-007 1.88708
1.568194e-007 1.88294
1.570194e-007 1.92472
1.572194e-007 1.98445
1.574194e-007 1.94612
1.576194e-007 1.81423
1.578194e-007 1.77349
1.580194e-007 1.85014
1.582194e-007 1.83253
1.584194e-007 1.70996
1.586194e-007 1.68752
1.588194e-007 1.72377
1.590194e-007 1.67509
1.592194e-007 1.65541
1.594194e-007 1.7438
1.596194e-007 1.82355
1.598194e-007 1.84013
1.600194e-007 1.83046
1.602194e-007 1.8346
1.604194e-007 1.88363
1.606194e-007 1.97513
1.608194e-007 2.03244
1.610194e-007 1.99895
1.612194e-007 1.95821
1.614194e-007 1.96926
1.616194e-007 1.97582
1.618194e-007 1.96201
1.620194e-007 1.96615
1.622194e-007 2.02726
1.624194e-007 2.11185
1.626194e-007 2.0863
1.628194e-007 1.96132
1.630194e-007 1.93024
1.632194e-007 2.01863
1.634194e-007 2.07836
1.636194e-007 2.05488
1.638194e-007 2.0169
1.640194e-007 2.02519
1.642194e-007 2.01932
1.644194e-007 1.94751
1.646194e-007 1.90331
1.648194e-007 1.93577
1.650194e-007 2.00447
1.652194e-007 2.11323
1.654194e-007 2.21405
1.656194e-007 2.18954
1.658194e-007 2.06075
1.660194e-007 1.98445
1.662194e-007 2.03728
1.664194e-007 2.14465
1.666194e-007 2.15985
1.668194e-007 2.02968
1.670194e-007 1.91712
1.672194e-007 1.94785
1.674194e-007 2.039
1.676194e-007 2.09942
1.678194e-007 2.09873
1.680194e-007 2.0687
1.682194e-007 2.0169
1.684194e-007 1.8788
1.686194e-007 1.7621
1.688194e-007 1.79213
1.690194e-007 1.84047
1.692194e-007 1.83184
1.694194e-007 1.86637
1.696194e-007 1.93784
1.698194e-007 1.94958
1.700194e-007 1.95061
1.702194e-007 2.03624
1.704194e-007 2.14189
1.706194e-007 2.13671
1.708194e-007 2.03348
1.710194e-007 1.99205
1.712194e-007 2.05903
1.714194e-007 2.11565
1.716194e-007 2.12049
1.718194e-007 2.12532
1.720194e-007 2.13809
1.722194e-007 2.12981
1.724194e-007 2.08976
1.726194e-007 2.0687
1.728194e-007 2.10806
1.730194e-007 2.15018
1.732194e-007 2.17124
1.734194e-007 2.20818
1.736194e-007 2.25825
1.738194e-007 2.28449
1.740194e-007 2.24409
1.742194e-007 2.21095
1.744194e-007 2.22614
1.746194e-007 2.16572
1.748194e-007 2.07284
1.750194e-007 2.09597
1.752194e-007 2.16882
1.754194e-007 2.12774
1.756194e-007 1.98997
1.758194e-007 1.92679
1.760194e-007 1.96477
1.762194e-007 2.01829
1.764194e-007 2.09735
1.766194e-007 2.19334
1.768194e-007 2.30866
1.770194e-007 2.46852
1.772194e-007 2.51755
1.774194e-007 2.3929
1.776194e-007 2.31487
1.778194e-007 2.33524
1.780194e-007 2.33386
1.782194e-007 2.35631
1.784194e-007 2.41983
1.786194e-007 2.4226
1.788194e-007 2.34664
1.790194e-007 2.25583
1.792194e-007 2.21958
1.794194e-007 2.23753
1.796194e-007 2.2434
1.798194e-007 2.24858
1.800194e-007 2.31418
1.802194e-007 2.37875
1.804194e-007 2.33386
1.806194e-007 2.24202
1.808194e-007 2.2182
1.810194e-007 2.21992
1.812194e-007 2.20473
1.814194e-007 2.25238
1.816194e-007 2.38358
1.818194e-007 2.47646
1.820194e-007 2.45125
1.822194e-007 2.35838
1.824194e-007 2.28414
1.826194e-007 2.22579
1.828194e-007 2.16468
1.830194e-007 2.20577
1.832194e-007 2.3822
1.834194e-007 2.4592
1.836194e-007 2.33524
1.838194e-007 2.26999
1.840194e-007 2.3387
1.842194e-007 2.38255
1.844194e-007 2.37012
1.846194e-007 2.34146
1.848194e-007 2.34836
1.850194e-007 2.39359
1.852194e-007 2.41673
1.854194e-007 2.39739
1.856194e-007 2.37288
1.858194e-007 2.38289
1.860194e-007 2.38393
1.862194e-007 2.36908
1.864194e-007 2.42916
1.866194e-007 2.50995
1.868194e-007 2.49372
1.870194e-007 2.43882
1.872194e-007 2.42812
1.874194e-007 2.42225
1.876194e-007 2.37875
1.878194e-007 2.36528
1.880194e-007 2.39843
1.882194e-007 2.38047
1.884194e-007 2.35113
1.886194e-007 2.41362
1.888194e-007 2.50028
1.890194e-007 2.5172
1.892194e-007 2.50443
1.894194e-007 2.50753
1.896194e-007 2.492
1.898194e-007 2.46334
1.900194e-007 2.48095
1.902194e-007 2.52963
1.904194e-007 2.57175
1.906194e-007 2.61284
1.908194e-007 2.62423
1.910194e-007 2.58177
1.912194e-007 2.47715
1.914194e-007 2.35838
1.916194e-007 2.36528
1.918194e-007 2.46196
1.920194e-007 2.49994
1.922194e-007 2.48889
1.924194e-007 2.49614
1.926194e-007 2.55863
1.928194e-007 2.66429
1.930194e-007 2.71124
1.932194e-007 2.66877
1.934194e-007 2.65151
1.936194e-007 2.68431
1.938194e-007 2.65704
1.940194e-007 2.52583
1.942194e-007 2.39359
1.944194e-007 2.39463
1.946194e-007 2.54828
1.948194e-007 2.69467
1.950194e-007 2.65669
1.952194e-007 2.54033
1.954194e-007 2.55173
1.956194e-007 2.62941
1.958194e-007 2.6484
1.960194e-007 2.5942
1.962194e-007 2.51651
1.964194e-007 2.4882
1.966194e-007 2.50512
1.968194e-007 2.56243
1.970194e-007 2.67326
1.972194e-007 2.76752
1.974194e-007 2.81621
1.976194e-007 2.8566
1.978194e-007 2.81241
1.980194e-007 2.70745
1.982194e-007 2.76511
1.984194e-007 2.91979
1.986194e-007 2.89458
1.988194e-007 2.733
1.990194e-007 2.65842
1.992194e-007 2.70192
1.994194e-007 2.74991
1.996194e-007 2.72609
1.998194e-007 2.66947
2.000194e-007 2.6598
2.002194e-007 2.67637
2.004194e-007 2.66221
2.006194e-007 2.68362
2.008194e-007 2.762
2.010194e-007 2.79204
2.012194e-007 2.78513
2.014194e-007 2.82898
2.016194e-007 2.86938
2.018194e-007 2.77995
2.020194e-007 2.62665
2.022194e-007 2.66187
2.024194e-007 2.84728
2.026194e-007 2.87179
2.028194e-007 2.73714
2.030194e-007 2.66601
2.032194e-007 2.70227
2.034194e-007 2.77995
2.036194e-007 2.86765
2.038194e-007 2.92531
2.040194e-007 2.88319
2.042194e-007 2.74128
2.044194e-007 2.63321
2.046194e-007 2.67879
2.048194e-007 2.80585
2.050194e-007 2.86247
2.052194e-007 2.79342
2.054194e-007 2.67672
2.056194e-007 2.66325
2.058194e-007 2.78617
2.060194e-007 2.88457
2.062194e-007 2.85108
2.064194e-007 2.81897
2.066194e-007 2.84452
2.068194e-007 2.76614
2.070194e-007 2.63045
2.072194e-007 2.67844
2.074194e-007 2.85108
2.076194e-007 2.85626
2.078194e-007 2.68742
2.080194e-007 2.63287
2.082194e-007 2.76303
2.084194e-007 2.87697
2.086194e-007 2.87801
2.088194e-007 2.86282
2.090194e-007 2.90425
2.092194e-007 2.94603
2.094194e-007 2.96674
2.096194e-007 2.99264
2.098194e-007 3.00645
2.100194e-007 3.03511
2.102194e-007 3.09518
2.104194e-007 3.10623
2.106194e-007 3.03442
2.108194e-007 2.94188
2.110194e-007 2.83865
2.112194e-007 2.76856
2.114194e-007 2.85557
2.116194e-007 2.99506
2.118194e-007 2.97676
2.120194e-007 2.8566
2.122194e-007 2.85936
2.124194e-007 3.00127
2.126194e-007 3.01301
2.128194e-007 2.84521
2.130194e-007 2.82035
2.132194e-007 2.98228
2.134194e-007 3.03131
2.136194e-007 2.9336
2.138194e-007 2.89803
2.140194e-007 2.94499
2.142194e-007 2.95984
2.144194e-007 2.94706
2.146194e-007 2.92773
2.148194e-007 2.87145
2.150194e-007 2.86972
2.152194e-007 2.98711
2.154194e-007 3.08103
2.156194e-007 3.05962
2.158194e-007 2.98919
2.160194e-007 2.92117
2.162194e-007 2.9336
2.164194e-007 3.06929
2.166194e-007 3.15319
2.168194e-007 3.07861
2.170194e-007 2.99367
2.172194e-007 2.99436
2.174194e-007 2.99057
2.176194e-007 2.93153
2.178194e-007 2.92358
2.180194e-007 2.96398
2.182194e-007 2.94637
2.184194e-007 2.95777
2.186194e-007 3.07861
2.188194e-007 3.1922
2.190194e-007 3.22017
2.192194e-007 3.1815
2.194194e-007 3.12902
2.196194e-007 3.14732
2.198194e-007 3.22639
2.200194e-007 3.23433
2.202194e-007 3.12177
2.204194e-007 3.01681
2.206194e-007 3.05479
2.208194e-007 3.17874
2.210194e-007 3.24814
2.212194e-007 3.23882
2.214194e-007 3.18185
2.216194e-007 3.10209
2.218194e-007 3.04063
2.220194e-007 3.02475
2.222194e-007 3.07205
2.224194e-007 3.16838
2.226194e-007 3.23847
2.228194e-007 3.2181
2.230194e-007 3.1449
2.232194e-007 3.10761
2.234194e-007 3.12073
2.236194e-007 3.10382
2.238194e-007 3.04823
2.240194e-007 3.0358
2.242194e-007 3.06204
2.244194e-007 3.10658
2.246194e-007 3.19946
2.248194e-007 3.31409
2.250194e-007 3.38659
2.252194e-007 3.37313
2.254194e-007 3.29095
2.256194e-007 3.23709
2.258194e-007 3.29164
2.260194e-007 3.39281
2.262194e-007 3.36277
2.264194e-007 3.20809
2.266194e-007 3.20153
2.268194e-007 3.38556
2.270194e-007 3.43562
2.272194e-007 3.26575
2.274194e-007 3.16182
2.276194e-007 3.21154
2.278194e-007 3.25021
2.280194e-007 3.24192
2.282194e-007 3.24848
2.284194e-007 3.29855
2.286194e-007 3.33515
2.288194e-007 3.30787
2.290194e-007 3.33031
2.292194e-007 3.42561
2.294194e-007 3.47118
2.296194e-007 3.50744
2.298194e-007 3.59375
2.300194e-007 3.58996
2.302194e-007 3.47118
2.304194e-007 3.41249
2.306194e-007 3.42423
2.308194e-007 3.39177
2.310194e-007 3.30856
2.312194e-007 3.23778
2.314194e-007 3.23157
2.316194e-007 3.27438
2.318194e-007 3.29993
2.320194e-007 3.27127
2.322194e-007 3.20981
2.324194e-007 3.21085
2.326194e-007 3.30891
2.328194e-007 3.39488
2.330194e-007 3.36726
2.332194e-007 3.26402
2.334194e-007 3.23018
2.336194e-007 3.30994
2.338194e-007 3.40109
2.340194e-007 3.42388
2.342194e-007 3.37969
2.344194e-007 3.33687
2.346194e-007 3.34999
2.348194e-007 3.34689
2.350194e-007 3.28508
2.352194e-007 3.27611
2.354194e-007 3.34999
2.356194e-007 3.38797
2.358194e-007 3.34102
2.360194e-007 3.29164
2.362194e-007 3.28197
2.364194e-007 3.25125
2.366194e-007 3.25366
2.368194e-007 3.37416
2.370194e-007 3.50157
2.372194e-007 3.54507
2.374194e-007 3.5285
2.376194e-007 3.47843
2.378194e-007 3.45737
2.380194e-007 3.48983
2.382194e-007 3.52884
2.384194e-007 3.58443
2.386194e-007 3.64485
2.388194e-007 3.60308
2.390194e-007 3.50295
2.392194e-007 3.47464
2.394194e-007 3.43458
2.396194e-007 3.32997
2.398194e-007 3.31823
2.400194e-007 3.43838
2.402194e-007 3.52435
2.404194e-007 3.4881
2.406194e-007 3.41525
2.408194e-007 3.41698
2.410194e-007 3.49777
2.412194e-007 3.56613
2.414194e-007 3.59306
2.416194e-007 3.61274
2.418194e-007 3.5903
2.420194e-007 3.5651
2.422194e-007 3.64175
2.424194e-007 3.69837
2.426194e-007 3.59099
2.428194e-007 3.4484
2.430194e-007 3.44011
2.432194e-007 3.54058
2.434194e-007 3.60618
2.436194e-007 3.57028
2.438194e-007 3.51538
2.440194e-007 3.51158
2.442194e-007 3.52919
2.444194e-007 3.55646
2.446194e-007 3.55957
2.448194e-007 3.49673
2.450194e-007 3.46359
2.452194e-007 3.55163
2.454194e-007 3.69043
2.456194e-007 3.74878
2.458194e-007 3.66661
2.460194e-007 3.52332
2.462194e-007 3.47291
2.464194e-007 3.49397
2.466194e-007 3.47153
2.468194e-007 3.46531
2.470194e-007 3.54852
2.472194e-007 3.65521
2.474194e-007 3.68318
2.476194e-007 3.61309
2.478194e-007 3.52746
2.480194e-007 3.51365
2.482194e-007 3.59203
2.484194e-007 3.69803
2.486194e-007 3.73808
2.488194e-007 3.69423
2.490194e-007 3.62414
2.492194e-007 3.57373
2.494194e-007 3.54749
2.496194e-007 3.54404
2.498194e-007 3.5613
2.500194e-007 3.57891
2.502194e-007 3.55646
2.504194e-007 3.5102
2.506194e-007 3.514
2.508194e-007 3.60756
2.510194e-007 3.76812
2.512194e-007 3.87688
2.514194e-007 3.77157
2.516194e-007 3.55888
2.518194e-007 3.52746
2.520194e-007 3.66695
