-4.79075e-008 10.0075
-4.77075e-008 10.1418
-4.75075e-008 10.2236
-4.73075e-008 10.1384
-4.71075e-008 10.0396
-4.69075e-008 10.05
-4.67075e-008 10.0652
-4.65075e-008 9.98712
-4.63075e-008 9.91116
-4.61075e-008 9.91393
-4.59075e-008 9.92912
-4.57075e-008 9.95294
-4.55075e-008 10.0427
-4.53075e-008 10.1422
-4.51075e-008 10.1663
-4.49075e-008 10.1304
-4.47075e-008 10.0904
-4.45075e-008 10.1014
-4.43075e-008 10.1622
-4.41075e-008 10.1563
-4.39075e-008 10.0341
-4.37075e-008 9.94155
-4.35075e-008 9.97573
-4.33075e-008 10.0393
-4.31075e-008 10.002
-4.29075e-008 9.90184
-4.27075e-008 9.89356
-4.25075e-008 9.96986
-4.23075e-008 10.0068
-4.21075e-008 10.0023
-4.19075e-008 9.97884
-4.17075e-008 9.92981
-4.15075e-008 9.92152
-4.13075e-008 9.95743
-4.11075e-008 9.92774
-4.09075e-008 9.87146
-4.07075e-008 9.94017
-4.05075e-008 10.0928
-4.03075e-008 10.1622
-4.01075e-008 10.1325
-3.99075e-008 10.1239
-3.97075e-008 10.1556
-3.95075e-008 10.147
-3.93075e-008 10.0669
-3.91075e-008 9.9122
-3.89075e-008 9.76788
-3.87075e-008 9.80448
-3.85075e-008 9.974
-3.83075e-008 10.0582
-3.81075e-008 10.0265
-3.79075e-008 9.99058
-3.77075e-008 9.98125
-3.75075e-008 9.92498
-3.73075e-008 9.82036
-3.71075e-008 9.81518
-3.69075e-008 9.9046
-3.67075e-008 9.93361
-3.65075e-008 9.92221
-3.63075e-008 9.93188
-3.61075e-008 9.94086
-3.59075e-008 9.95053
-3.57075e-008 9.97297
-3.55075e-008 10.0103
-3.53075e-008 10.0696
-3.51075e-008 10.1428
-3.49075e-008 10.1801
-3.47075e-008 10.1794
-3.45075e-008 10.1787
-3.43075e-008 10.158
-3.41075e-008 10.1511
-3.39075e-008 10.1674
-3.37075e-008 10.0873
-3.35075e-008 9.93361
-3.33075e-008 9.88838
-3.31075e-008 9.98091
-3.29075e-008 10.0679
-3.27075e-008 10.0631
-3.25075e-008 10.0213
-3.23075e-008 10.0227
-3.21075e-008 10.0489
-3.19075e-008 10.0455
-3.17075e-008 10.002
-3.15075e-008 9.95639
-3.13075e-008 9.91255
-3.11075e-008 9.85834
-3.09075e-008 9.85385
-3.07075e-008 9.91462
-3.05075e-008 9.98989
-3.03075e-008 10.0482
-3.01075e-008 10.0538
-2.99075e-008 10.0147
-2.97075e-008 10.0123
-2.95075e-008 10.08
-2.93075e-008 10.158
-2.91075e-008 10.1708
-2.89075e-008 10.0945
-2.87075e-008 10.0116
-2.85075e-008 10.022
-2.83075e-008 10.0862
-2.81075e-008 10.1018
-2.79075e-008 10.0513
-2.77075e-008 9.99748
-2.75075e-008 9.98712
-2.73075e-008 10.0123
-2.71075e-008 10.0669
-2.69075e-008 10.1197
-2.67075e-008 10.108
-2.65075e-008 10.0645
-2.63075e-008 10.0665
-2.61075e-008 10.0935
-2.59075e-008 10.1007
-2.57075e-008 10.0824
-2.55075e-008 10.031
-2.53075e-008 9.93257
-2.51075e-008 9.82968
-2.49075e-008 9.85005
-2.47075e-008 10.0223
-2.45075e-008 10.1477
-2.43075e-008 10.0959
-2.41075e-008 10.0051
-2.39075e-008 10.0075
-2.37075e-008 10.0507
-2.35075e-008 10.051
-2.33075e-008 10.0137
-2.31075e-008 9.96917
-2.29075e-008 9.91289
-2.27075e-008 9.9084
-2.25075e-008 10.0244
-2.23075e-008 10.1511
-2.21075e-008 10.1418
-2.19075e-008 10.0417
-2.17075e-008 10.0144
-2.15075e-008 10.052
-2.13075e-008 10.0175
-2.11075e-008 9.92532
-2.09075e-008 9.90737
-2.07075e-008 9.97711
-2.05075e-008 10.0379
-2.03075e-008 10.0545
-2.01075e-008 10.0513
-1.99075e-008 10.0462
-1.97075e-008 10.0351
-1.95075e-008 10.033
-1.93075e-008 10.0907
-1.91075e-008 10.1546
-1.89075e-008 10.1339
-1.87075e-008 10.1052
-1.85075e-008 10.1159
-1.83075e-008 10.0855
-1.81075e-008 10.0703
-1.79075e-008 10.109
-1.77075e-008 10.0617
-1.75075e-008 9.95432
-1.73075e-008 9.94673
-1.71075e-008 10.0144
-1.69075e-008 10.0807
-1.67075e-008 10.1007
-1.65075e-008 10.0527
-1.63075e-008 10.031
-1.61075e-008 10.0745
-1.59075e-008 10.1176
-1.57075e-008 10.1487
-1.55075e-008 10.167
-1.53075e-008 10.1087
-1.51075e-008 10.0175
-1.49075e-008 10.0296
-1.47075e-008 10.0434
-1.45075e-008 9.94258
-1.43075e-008 9.88147
-1.41075e-008 9.91911
-1.39075e-008 9.95122
-1.37075e-008 9.94673
-1.35075e-008 9.94535
-1.33075e-008 10.0023
-1.31075e-008 10.0658
-1.29075e-008 10.0562
-1.27075e-008 10.0096
-1.25075e-008 9.96641
-1.23075e-008 9.97918
-1.21075e-008 10.0631
-1.19075e-008 10.108
-1.17075e-008 10.0931
-1.15075e-008 10.118
-1.13075e-008 10.1335
-1.11075e-008 10.0638
-1.09075e-008 10.0351
-1.07075e-008 10.1056
-1.05075e-008 10.1491
-1.03075e-008 10.0721
-1.01075e-008 9.92256
-9.90748e-009 9.87871
-9.70748e-009 9.99196
-9.50748e-009 10.0641
-9.30748e-009 9.99196
-9.10748e-009 9.91151
-8.90748e-009 9.96675
-8.70748e-009 10.1111
-8.50748e-009 10.1708
-8.30748e-009 10.0973
-8.10748e-009 10.0109
-7.90748e-009 10.0424
-7.70748e-009 10.1591
-7.50748e-009 10.1739
-7.30748e-009 10.0068
-7.10748e-009 9.86006
-6.90748e-009 9.94707
-6.70748e-009 10.1128
-6.50748e-009 10.1007
-6.30748e-009 9.95156
-6.10748e-009 9.86628
-5.90748e-009 9.92325
-5.70748e-009 10.0023
-5.50748e-009 9.98402
-5.30748e-009 9.91807
-5.10748e-009 9.93741
-4.90748e-009 10.0655
-4.70748e-009 10.1553
-4.50748e-009 10.0855
-4.30748e-009 9.94569
-4.10748e-009 9.93637
-3.90748e-009 10.0147
-3.70748e-009 9.97538
-3.50748e-009 9.91082
-3.30748e-009 9.98194
-3.10748e-009 10.0614
-2.90748e-009 10.0721
-2.70748e-009 10.1252
-2.50748e-009 10.2078
-2.30748e-009 10.1953
-2.10748e-009 10.0862
-1.90748e-009 9.91393
-1.70748e-009 9.57763
-1.50748e-009 8.97548
-1.30748e-009 8.08848
-1.10748e-009 6.90006
-9.07476e-010 5.55075
-7.07476e-010 4.35473
-5.07476e-010 3.45806
-3.07476e-010 2.77719
-1.07476e-010 2.27482
9.25244e-011 1.98238
2.92524e-010 1.84634
4.92524e-010 1.72653
6.92524e-010 1.55044
8.92524e-010 1.39853
1.09252e-009 1.35157
1.29252e-009 1.36331
1.49252e-009 1.31428
1.69252e-009 1.19343
1.89252e-009 1.15891
2.09252e-009 1.23314
2.29252e-009 1.26732
2.49252e-009 1.27285
2.69252e-009 1.31911
2.89252e-009 1.41061
3.09252e-009 1.52386
3.29252e-009 1.50901
3.49252e-009 1.35675
3.69252e-009 1.3129
3.89252e-009 1.42925
4.09252e-009 1.5135
4.29252e-009 1.49865
4.49252e-009 1.43374
4.69252e-009 1.36503
4.89252e-009 1.37539
5.09252e-009 1.44548
5.29252e-009 1.45273
5.49252e-009 1.38644
5.69252e-009 1.33051
5.89252e-009 1.33534
6.09252e-009 1.37746
6.29252e-009 1.35537
6.49252e-009 1.22382
6.69252e-009 1.12196
6.89252e-009 1.1779
7.09252e-009 1.30634
7.29252e-009 1.35986
7.49252e-009 1.34432
7.69252e-009 1.38886
7.89252e-009 1.4662
8.09252e-009 1.44341
8.29252e-009 1.39783
8.49252e-009 1.41475
8.69252e-009 1.38195
8.89252e-009 1.25386
9.09252e-009 1.13508
9.29252e-009 1.09572
9.49252e-009 1.13267
9.69252e-009 1.18826
9.89252e-009 1.17134
1.00925e-008 1.09158
1.02925e-008 1.05015
1.04925e-008 1.0536
1.06925e-008 1.06741
1.08925e-008 1.12404
1.10925e-008 1.20414
1.12925e-008 1.24419
1.14925e-008 1.23072
1.16925e-008 1.1703
1.18925e-008 1.13405
1.20925e-008 1.16478
1.22925e-008 1.16512
1.24925e-008 1.10884
1.26925e-008 1.10159
1.28925e-008 1.16305
1.30925e-008 1.2069
1.32925e-008 1.1886
1.34925e-008 1.17893
1.36925e-008 1.24937
1.38925e-008 1.33085
1.40925e-008 1.27872
1.42925e-008 1.12404
1.44925e-008 1.04877
1.46925e-008 1.03392
1.48925e-008 1.01838
1.50925e-008 1.08157
1.52925e-008 1.16305
1.54925e-008 1.15684
1.56925e-008 1.10505
1.58925e-008 1.07017
1.60925e-008 1.09883
1.62925e-008 1.18515
1.64925e-008 1.20345
1.66925e-008 1.12473
1.68925e-008 1.0498
1.70925e-008 0.998702
1.72925e-008 1.02771
1.74925e-008 1.152
1.76925e-008 1.18308
1.78925e-008 1.08364
1.80925e-008 1.05291
1.82925e-008 1.12335
1.84925e-008 1.17721
1.86925e-008 1.22382
1.88925e-008 1.26629
1.90925e-008 1.22209
1.92925e-008 1.13819
1.94925e-008 1.1375
1.96925e-008 1.1993
1.98925e-008 1.21829
2.00925e-008 1.16927
2.02925e-008 1.12576
2.04925e-008 1.12921
2.06925e-008 1.123
2.08925e-008 1.10712
2.10925e-008 1.14786
2.12925e-008 1.17824
2.14925e-008 1.10815
2.16925e-008 1.01942
2.18925e-008 1.02632
2.20925e-008 1.13508
2.22925e-008 1.2328
2.24925e-008 1.18342
2.26925e-008 1.06879
2.28925e-008 1.07225
2.30925e-008 1.13543
2.32925e-008 1.1306
2.34925e-008 1.13854
2.36925e-008 1.23245
2.38925e-008 1.32705
2.40925e-008 1.34777
2.42925e-008 1.29046
2.44925e-008 1.21173
2.46925e-008 1.17341
2.48925e-008 1.13267
2.50925e-008 1.04255
2.52925e-008 0.992488
2.54925e-008 1.03944
2.56925e-008 1.11471
2.58925e-008 1.15442
2.60925e-008 1.10988
2.62925e-008 1.00561
2.64925e-008 0.943804
2.66925e-008 0.947948
2.68925e-008 1.00146
2.70925e-008 1.03806
2.72925e-008 0.97695
2.74925e-008 0.94415
2.76925e-008 1.05429
2.78925e-008 1.14613
2.80925e-008 1.13681
2.82925e-008 1.11437
2.84925e-008 1.06948
2.86925e-008 0.996286
2.88925e-008 0.964866
2.90925e-008 0.990071
2.92925e-008 1.02978
2.94925e-008 1.03323
2.96925e-008 0.999048
2.98925e-008 0.998012
3.00925e-008 1.04324
3.02925e-008 1.03599
3.04925e-008 0.973498
3.06925e-008 0.955889
3.08925e-008 0.994214
3.10925e-008 1.05567
3.12925e-008 1.10574
3.14925e-008 1.11299
3.16925e-008 1.13198
3.18925e-008 1.18101
3.20925e-008 1.20207
3.22925e-008 1.19205
3.24925e-008 1.17168
3.26925e-008 1.14717
3.28925e-008 1.06948
3.30925e-008 0.919981
3.32925e-008 0.830556
3.34925e-008 0.884418
3.36925e-008 1.00699
3.38925e-008 1.08157
3.40925e-008 1.05326
3.42925e-008 0.998357
3.44925e-008 1.00319
3.46925e-008 1.04566
3.48925e-008 1.12231
3.50925e-008 1.20966
3.52925e-008 1.20241
3.54925e-008 1.13785
3.56925e-008 1.11022
3.58925e-008 1.11299
3.60925e-008 1.15476
3.62925e-008 1.17824
3.64925e-008 1.11644
3.66925e-008 1.07708
3.68925e-008 1.08675
3.70925e-008 1.04808
3.72925e-008 1.04048
3.74925e-008 1.10712
3.76925e-008 1.13163
3.78925e-008 1.12645
3.80925e-008 1.12887
3.82925e-008 1.11022
3.84925e-008 1.09227
3.86925e-008 1.05982
3.88925e-008 1.02218
3.90925e-008 1.02011
3.92925e-008 0.999738
3.94925e-008 1.01389
3.96925e-008 1.17859
3.98925e-008 1.30634
4.00925e-008 1.20345
4.02925e-008 1.0612
4.04925e-008 1.0429
4.06925e-008 1.07397
4.08925e-008 1.11989
4.10925e-008 1.16719
4.12925e-008 1.20069
4.14925e-008 1.20725
4.16925e-008 1.12265
4.18925e-008 1.02632
4.20925e-008 1.05705
4.22925e-008 1.11092
4.24925e-008 1.0826
4.26925e-008 1.05395
4.28925e-008 1.06707
4.30925e-008 1.09227
4.32925e-008 1.11678
4.34925e-008 1.10574
4.36925e-008 1.05015
4.38925e-008 1.01389
4.40925e-008 1.02149
4.42925e-008 1.04635
4.44925e-008 1.07294
4.46925e-008 1.08398
4.48925e-008 1.1009
4.50925e-008 1.12507
4.52925e-008 1.06258
4.54925e-008 0.945186
4.56925e-008 0.939316
4.58925e-008 0.999738
4.60925e-008 0.997321
4.62925e-008 0.974188
4.64925e-008 0.969009
4.66925e-008 0.986273
4.68925e-008 1.05912
4.70925e-008 1.12127
4.72925e-008 1.11678
4.74925e-008 1.10574
4.76925e-008 1.10574
4.78925e-008 1.06568
4.80925e-008 0.986273
4.82925e-008 0.9514
4.84925e-008 1.01079
4.86925e-008 1.08502
4.88925e-008 1.08813
4.90925e-008 1.05291
4.92925e-008 1.07501
4.94925e-008 1.13888
4.96925e-008 1.152
4.98925e-008 1.123
5.00925e-008 1.07742
5.02925e-008 1.01838
5.04925e-008 1.0353
5.06925e-008 1.1375
5.08925e-008 1.21933
5.10925e-008 1.2435
5.12925e-008 1.19274
5.14925e-008 1.12542
5.16925e-008 1.16478
5.18925e-008 1.21242
5.20925e-008 1.13612
5.22925e-008 1.0498
