-2.480266e-007 10.0513
-2.478266e-007 10.1107
-2.476266e-007 10.0893
-2.474266e-007 10.0065
-2.472266e-007 10.0092
-2.470266e-007 10.0617
-2.468266e-007 10.0434
-2.466266e-007 10.0071
-2.464266e-007 10.0248
-2.462266e-007 10.0545
-2.460266e-007 10.0569
-2.458266e-007 10.0147
-2.456266e-007 9.94569
-2.454266e-007 9.97021
-2.452266e-007 10.1004
-2.450266e-007 10.167
-2.448266e-007 10.1325
-2.446266e-007 10.0897
-2.444266e-007 10.0458
-2.442266e-007 10.0016
-2.440266e-007 9.95743
-2.438266e-007 9.89114
-2.436266e-007 9.87215
-2.434266e-007 9.95398
-2.432266e-007 10.0196
-2.430266e-007 9.93568
-2.428266e-007 9.84142
-2.426266e-007 9.91807
-2.424266e-007 10.0306
-2.422266e-007 10.0714
-2.420266e-007 10.1449
-2.418266e-007 10.2464
-2.416266e-007 10.2343
-2.414266e-007 10.119
-2.412266e-007 10.0541
-2.410266e-007 10.0734
-2.408266e-007 10.089
-2.406266e-007 10.0527
-2.404266e-007 9.98056
-2.402266e-007 9.92567
-2.400266e-007 9.95363
-2.398266e-007 10.0248
-2.396266e-007 10.0372
-2.394266e-007 10.0165
-2.392266e-007 10.0071
-2.390266e-007 9.97918
-2.388266e-007 9.97228
-2.386266e-007 10.0123
-2.384266e-007 10.0389
-2.382266e-007 10.0548
-2.380266e-007 10.0848
-2.378266e-007 10.1121
-2.376266e-007 10.1218
-2.374266e-007 10.0945
-2.372266e-007 10.0931
-2.370266e-007 10.1577
-2.368266e-007 10.1359
-2.366266e-007 10.0175
-2.364266e-007 9.98678
-2.362266e-007 10.0292
-2.360266e-007 10.0299
-2.358266e-007 9.99161
-2.356266e-007 9.92498
-2.354266e-007 9.86145
-2.352266e-007 9.90633
-2.350266e-007 10.0189
-2.348266e-007 10.0831
-2.346266e-007 10.1311
-2.344266e-007 10.1387
-2.342266e-007 10.0389
-2.340266e-007 9.94845
-2.338266e-007 9.93223
-2.336266e-007 9.90184
-2.334266e-007 9.916
-2.332266e-007 10.0517
-2.330266e-007 10.1577
-2.328266e-007 10.1346
-2.326266e-007 10.0593
-2.324266e-007 10.0016
-2.322266e-007 10.0192
-2.320266e-007 10.1204
-2.318266e-007 10.1905
-2.316266e-007 10.1459
-2.314266e-007 10.0534
-2.312266e-007 10.0292
-2.310266e-007 10.0424
-2.308266e-007 10.0199
-2.306266e-007 10.0286
-2.304266e-007 10.051
-2.302266e-007 10.033
-2.300266e-007 10.0734
-2.298266e-007 10.1384
-2.296266e-007 10.08
-2.294266e-007 9.98298
-2.292266e-007 9.99437
-2.290266e-007 10.032
-2.288266e-007 10.0158
-2.286266e-007 10.0406
-2.284266e-007 10.0779
-2.282266e-007 10.0161
-2.280266e-007 9.9709
-2.278266e-007 10.0116
-2.276266e-007 10.0075
-2.274266e-007 9.97884
-2.272266e-007 9.99368
-2.270266e-007 9.99817
-2.268266e-007 10.0261
-2.266266e-007 10.1328
-2.264266e-007 10.225
-2.262266e-007 10.2188
-2.260266e-007 10.1974
-2.258266e-007 10.2388
-2.256266e-007 10.2609
-2.254266e-007 10.1981
-2.252266e-007 10.137
-2.250266e-007 10.1176
-2.248266e-007 10.0548
-2.246266e-007 9.97297
-2.244266e-007 9.9778
-2.242266e-007 10.04
-2.240266e-007 10.0679
-2.238266e-007 10.0551
-2.236266e-007 10.0206
-2.234266e-007 9.97055
-2.232266e-007 9.95467
-2.230266e-007 9.95536
-2.228266e-007 9.91634
-2.226266e-007 9.93464
-2.224266e-007 10.0206
-2.222266e-007 10.0099
-2.220266e-007 9.95329
-2.218266e-007 10.0168
-2.216266e-007 10.1463
-2.214266e-007 10.1988
-2.212266e-007 10.1608
-2.210266e-007 10.1111
-2.208266e-007 10.0765
-2.206266e-007 10.06
-2.204266e-007 10.0759
-2.202266e-007 10.0973
-2.200266e-007 10.0876
-2.198266e-007 10.0769
-2.196266e-007 10.0993
-2.194266e-007 10.0779
-2.192266e-007 10.0182
-2.190266e-007 10.0607
-2.188266e-007 10.1511
-2.186266e-007 10.1211
-2.184266e-007 10.0137
-2.182266e-007 9.97953
-2.180266e-007 10.0168
-2.178266e-007 10.0279
-2.176266e-007 10.0279
-2.174266e-007 10.0797
-2.172266e-007 10.1308
-2.170266e-007 10.1076
-2.168266e-007 10.0717
-2.166266e-007 10.1239
-2.164266e-007 10.2088
-2.162266e-007 10.1853
-2.160266e-007 10.0714
-2.158266e-007 9.98885
-2.156266e-007 9.92498
-2.154266e-007 9.86386
-2.152266e-007 9.89597
-2.150266e-007 9.99299
-2.148266e-007 10.0344
-2.146266e-007 10.0144
-2.144266e-007 9.99541
-2.142266e-007 9.99748
-2.140266e-007 10.0265
-2.138266e-007 10.0893
-2.136266e-007 10.1118
-2.134266e-007 10.0648
-2.132266e-007 10.0748
-2.130266e-007 10.129
-2.128266e-007 10.099
-2.126266e-007 10.0582
-2.124266e-007 10.0897
-2.122266e-007 10.1145
-2.120266e-007 10.1321
-2.118266e-007 10.1953
-2.116266e-007 10.2008
-2.114266e-007 10.0493
-2.112266e-007 9.85523
-2.110266e-007 9.81104
-2.108266e-007 9.9595
-2.106266e-007 10.1408
-2.104266e-007 10.1587
-2.102266e-007 10.0382
-2.100266e-007 9.98505
-2.098266e-007 10.033
-2.096266e-007 10.0434
-2.094266e-007 10.0275
-2.092266e-007 10.0527
-2.090266e-007 10.0672
-2.088266e-007 10.052
-2.086266e-007 10.0527
-2.084266e-007 10.0921
-2.082266e-007 10.1266
-2.080266e-007 10.1131
-2.078266e-007 10.0755
-2.076266e-007 10.0469
-2.074266e-007 10.0282
-2.072266e-007 10.042
-2.070266e-007 10.129
-2.068266e-007 10.186
-2.066266e-007 10.1093
-2.064266e-007 10.021
-2.062266e-007 10.0096
-2.060266e-007 10.0244
-2.058266e-007 10.0306
-2.056266e-007 10.0054
-2.054266e-007 9.98367
-2.052266e-007 10.0185
-2.050266e-007 10.0486
-2.048266e-007 10.0348
-2.046266e-007 10.031
-2.044266e-007 10.0248
-2.042266e-007 10.0016
-2.040266e-007 10.0286
-2.038266e-007 10.0462
-2.036266e-007 9.95432
-2.034266e-007 9.87353
-2.032266e-007 9.9122
-2.030266e-007 9.974
-2.028266e-007 9.97849
-2.026266e-007 9.95881
-2.024266e-007 9.98505
-2.022266e-007 10.0669
-2.020266e-007 10.0634
-2.018266e-007 9.92394
-2.016266e-007 9.85799
-2.014266e-007 9.95122
-2.012266e-007 10.0469
-2.010266e-007 10.0762
-2.008266e-007 10.0548
-2.006266e-007 9.99576
-2.004266e-007 10.0061
-2.002266e-007 10.0741
-2.000266e-007 10.0482
-1.998266e-007 9.94949
-1.996266e-007 9.90529
-1.994266e-007 9.97953
-1.992266e-007 10.1056
-1.990266e-007 10.1204
-1.988266e-007 10.0168
-1.986266e-007 9.93568
-1.984266e-007 9.95709
-1.982266e-007 10.0234
-1.980266e-007 10.0358
-1.978266e-007 10.0058
-1.976266e-007 10.004
-1.974266e-007 10.0472
-1.972266e-007 10.051
-1.970266e-007 9.97124
-1.968266e-007 9.96537
-1.966266e-007 10.0579
-1.964266e-007 10.0569
-1.962266e-007 10.0006
-1.960266e-007 10.0282
-1.958266e-007 10.0693
-1.956266e-007 10.0607
-1.954266e-007 10.0434
-1.952266e-007 10.0531
-1.950266e-007 10.0731
-1.948266e-007 10.0541
-1.946266e-007 10.0517
-1.944266e-007 10.1346
-1.942266e-007 10.1529
-1.940266e-007 10.0306
-1.938266e-007 9.96261
-1.936266e-007 10.0168
-1.934266e-007 10.0676
-1.932266e-007 10.0627
-1.930266e-007 10.0555
-1.928266e-007 10.0779
-1.926266e-007 10.11
-1.924266e-007 10.0911
-1.922266e-007 10.0078
-1.920266e-007 10.0092
-1.918266e-007 10.0938
-1.916266e-007 10.0655
-1.914266e-007 9.98125
-1.912266e-007 9.99783
-1.910266e-007 10.0662
-1.908266e-007 10.0917
-1.906266e-007 10.0109
-1.904266e-007 9.86662
-1.902266e-007 9.84729
-1.900266e-007 9.98851
-1.898266e-007 10.1598
-1.896266e-007 10.254
-1.894266e-007 10.185
-1.892266e-007 10.0344
-1.890266e-007 9.98851
-1.888266e-007 10.0472
-1.886266e-007 10.0904
-1.884266e-007 10.0168
-1.882266e-007 9.8359
-1.880266e-007 9.75786
-1.878266e-007 9.90357
-1.876266e-007 10.0531
-1.874266e-007 10.0489
-1.872266e-007 10.0196
-1.870266e-007 10.0265
-1.868266e-007 10.0179
-1.866266e-007 10.0002
-1.864266e-007 9.99783
-1.862266e-007 10.0137
-1.860266e-007 10.0306
-1.858266e-007 10.0089
-1.856266e-007 9.98471
-1.854266e-007 10.0175
-1.852266e-007 10.0372
-1.850266e-007 10.0203
-1.848266e-007 10.0627
-1.846266e-007 10.0841
-1.844266e-007 9.98851
-1.842266e-007 9.9488
-1.840266e-007 10.0362
-1.838266e-007 10.1104
-1.836266e-007 10.1249
-1.834266e-007 10.0617
-1.832266e-007 9.94983
-1.830266e-007 9.92394
-1.828266e-007 9.96468
-1.826266e-007 9.95191
-1.824266e-007 9.93188
-1.822266e-007 9.9854
-1.820266e-007 10.0652
-1.818266e-007 10.0945
-1.816266e-007 10.0662
-1.814266e-007 10.0482
-1.812266e-007 10.0534
-1.810266e-007 10.0282
-1.808266e-007 10.0279
-1.806266e-007 10.1024
-1.804266e-007 10.1387
-1.802266e-007 10.1021
-1.800266e-007 10.1221
-1.798266e-007 10.1656
-1.796266e-007 10.0955
-1.794266e-007 10.0016
-1.792266e-007 10.0179
-1.790266e-007 10.0883
-1.788266e-007 10.0928
-1.786266e-007 10.0472
-1.784266e-007 10.0869
-1.782266e-007 10.1936
-1.780266e-007 10.1819
-1.778266e-007 10.0527
-1.776266e-007 10.0051
-1.774266e-007 10.0572
-1.772266e-007 10.1211
-1.770266e-007 10.2098
-1.768266e-007 10.2626
-1.766266e-007 10.196
-1.764266e-007 10.0693
-1.762266e-007 9.97504
-1.760266e-007 9.94293
-1.758266e-007 9.98402
-1.756266e-007 10.0614
-1.754266e-007 10.0721
-1.752266e-007 10.0272
-1.750266e-007 9.98851
-1.748266e-007 9.93706
-1.746266e-007 9.92118
-1.744266e-007 9.99852
-1.742266e-007 10.1059
-1.740266e-007 10.1359
-1.738266e-007 10.0662
-1.736266e-007 10.0016
-1.734266e-007 10.0061
-1.732266e-007 10.0068
-1.730266e-007 9.9709
-1.728266e-007 9.94742
-1.726266e-007 9.9633
-1.724266e-007 10.0199
-1.722266e-007 10.0983
-1.720266e-007 10.127
-1.718266e-007 10.0776
-1.716266e-007 10.0196
-1.714266e-007 9.98609
-1.712266e-007 10.0047
-1.710266e-007 10.0869
-1.708266e-007 10.0859
-1.706266e-007 9.95778
-1.704266e-007 9.88389
-1.702266e-007 9.89425
-1.700266e-007 9.86593
-1.698266e-007 9.8611
-1.696266e-007 9.96813
-1.694266e-007 10.0931
-1.692266e-007 10.1736
-1.690266e-007 10.2136
-1.688266e-007 10.1912
-1.686266e-007 10.128
-1.684266e-007 10.0393
-1.682266e-007 9.92187
-1.680266e-007 9.85696
-1.678266e-007 9.90737
-1.676266e-007 10.0317
-1.674266e-007 10.1525
-1.672266e-007 10.1832
-1.670266e-007 10.1211
-1.668266e-007 10.0596
-1.666266e-007 10.0182
-1.664266e-007 9.99196
-1.662266e-007 10.0286
-1.660266e-007 10.0821
-1.658266e-007 10.0648
-1.656266e-007 10.0075
-1.654266e-007 9.98505
-1.652266e-007 10.0082
-1.650266e-007 10.0665
-1.648266e-007 10.11
-1.646266e-007 10.0717
-1.644266e-007 10.023
-1.642266e-007 10.0431
-1.640266e-007 10.0558
-1.638266e-007 10.0403
-1.636266e-007 10.0527
-1.634266e-007 10.0413
-1.632266e-007 9.99955
-1.630266e-007 9.97884
-1.628266e-007 9.95398
-1.626266e-007 9.97331
-1.624266e-007 10.0431
-1.622266e-007 10.07
-1.620266e-007 10.0655
-1.618266e-007 10.0562
-1.616266e-007 10.0448
-1.614266e-007 10.033
-1.612266e-007 10.0437
-1.610266e-007 10.1059
-1.608266e-007 10.1449
-1.606266e-007 10.1142
-1.604266e-007 10.0807
-1.602266e-007 10.0596
-1.600266e-007 10.031
-1.598266e-007 10.0058
-1.596266e-007 9.9305
-1.594266e-007 9.83659
-1.592266e-007 9.87422
-1.590266e-007 9.98471
-1.588266e-007 9.99507
-1.586266e-007 9.90495
-1.584266e-007 9.83003
-1.582266e-007 9.87008
-1.580266e-007 10.0065
-1.578266e-007 10.1349
-1.576266e-007 10.196
-1.574266e-007 10.1857
-1.572266e-007 10.1204
-1.570266e-007 10.0489
-1.568266e-007 10.0258
-1.566266e-007 10.031
-1.564266e-007 9.96261
-1.562266e-007 9.84902
-1.560266e-007 9.90046
-1.558266e-007 10.0772
-1.556266e-007 10.127
-1.554266e-007 10.0375
-1.552266e-007 9.90702
-1.550266e-007 9.80896
-1.548266e-007 9.84142
-1.546266e-007 9.93879
-1.544266e-007 9.99023
-1.542266e-007 10.0279
-1.540266e-007 9.99265
-1.538266e-007 9.84867
-1.536266e-007 9.84556
-1.534266e-007 10.0158
-1.532266e-007 10.0493
-1.530266e-007 9.95501
-1.528266e-007 9.90495
-1.526266e-007 9.8901
-1.524266e-007 9.95501
-1.522266e-007 10.0465
-1.520266e-007 10.0324
-1.518266e-007 10.0068
-1.516266e-007 10.0172
-1.514266e-007 9.94224
-1.512266e-007 9.83555
-1.510266e-007 9.78272
-1.508266e-007 9.72472
-1.506266e-007 9.74233
-1.504266e-007 9.93119
-1.502266e-007 10.1301
-1.500266e-007 10.1743
-1.498266e-007 10.09
-1.496266e-007 10.0189
-1.494266e-007 10.0696
-1.492266e-007 10.176
-1.490266e-007 10.2029
-1.488266e-007 10.1204
-1.486266e-007 9.99852
-1.484266e-007 9.93257
-1.482266e-007 9.95191
-1.480266e-007 10.022
-1.478266e-007 10.0482
-1.476266e-007 9.93395
-1.474266e-007 9.79999
-1.472266e-007 9.82899
-1.470266e-007 9.94949
-1.468266e-007 9.99817
-1.466266e-007 10.0047
-1.464266e-007 10.0803
-1.462266e-007 10.1601
-1.460266e-007 10.1494
-1.458266e-007 10.1301
-1.456266e-007 10.1408
-1.454266e-007 10.1294
-1.452266e-007 10.11
-1.450266e-007 10.0641
-1.448266e-007 9.98954
-1.446266e-007 9.97987
-1.444266e-007 10.0241
-1.442266e-007 10.0296
-1.440266e-007 10.004
-1.438266e-007 9.99472
-1.436266e-007 10.0009
-1.434266e-007 10.0275
-1.432266e-007 10.0669
-1.430266e-007 10.0493
-1.428266e-007 9.98574
-1.426266e-007 9.97159
-1.424266e-007 10.0002
-1.422266e-007 10.0134
-1.420266e-007 10.0068
-1.418266e-007 10.0116
-1.416266e-007 10.0489
-1.414266e-007 10.1035
-1.412266e-007 10.1415
-1.410266e-007 10.1142
-1.408266e-007 9.99437
-1.406266e-007 9.86628
-1.404266e-007 9.8535
-1.402266e-007 9.94673
-1.400266e-007 10.0341
-1.398266e-007 10.0517
-1.396266e-007 10.0179
-1.394266e-007 10.0244
-1.392266e-007 10.0724
-1.390266e-007 10.031
-1.388266e-007 9.94466
-1.386266e-007 9.94258
-1.384266e-007 9.93913
-1.382266e-007 9.83797
-1.380266e-007 9.74958
-1.378266e-007 9.81035
-1.376266e-007 9.96952
-1.374266e-007 10.0866
-1.372266e-007 10.0821
-1.370266e-007 9.97711
-1.368266e-007 9.91393
-1.366266e-007 9.98436
-1.364266e-007 10.0942
-1.362266e-007 10.1042
-1.360266e-007 10.0261
-1.358266e-007 9.96641
-1.356266e-007 9.95294
-1.354266e-007 9.9892
-1.352266e-007 10.0593
-1.350266e-007 10.0589
-1.348266e-007 9.97987
-1.346266e-007 9.93326
-1.344266e-007 9.96744
-1.342266e-007 10.0375
-1.340266e-007 10.0586
-1.338266e-007 10.0196
-1.336266e-007 10.0009
-1.334266e-007 10.0199
-1.332266e-007 9.98885
-1.330266e-007 9.8939
-1.328266e-007 9.85143
-1.326266e-007 9.90288
-1.324266e-007 9.97711
-1.322266e-007 10.0151
-1.320266e-007 10.0137
-1.318266e-007 9.99092
-1.316266e-007 9.96296
-1.314266e-007 9.95053
-1.312266e-007 9.96675
-1.310266e-007 10.0085
-1.308266e-007 10.0496
-1.306266e-007 10.0489
-1.304266e-007 10.0241
-1.302266e-007 10.0389
-1.300266e-007 10.0859
-1.298266e-007 10.1394
-1.296266e-007 10.1743
-1.294266e-007 10.1024
-1.292266e-007 10.0016
-1.290266e-007 10.0482
-1.288266e-007 10.1428
-1.286266e-007 10.0786
-1.284266e-007 9.94742
-1.282266e-007 9.97193
-1.280266e-007 10.1135
-1.278266e-007 10.1384
-1.276266e-007 9.97608
-1.274266e-007 9.839
-1.272266e-007 9.91738
-1.270266e-007 10.098
-1.268266e-007 10.1822
-1.266266e-007 10.1477
-1.264266e-007 10.0783
-1.262266e-007 10.0368
-1.260266e-007 10.0358
-1.258266e-007 10.0593
-1.256266e-007 10.11
-1.254266e-007 10.1843
-1.252266e-007 10.2361
-1.250266e-007 10.2174
-1.248266e-007 10.1183
-1.246266e-007 10.0051
-1.244266e-007 9.99092
-1.242266e-007 10.0676
-1.240266e-007 10.1173
-1.238266e-007 10.0952
-1.236266e-007 10.0065
-1.234266e-007 9.88734
-1.232266e-007 9.88872
-1.230266e-007 10.0607
-1.228266e-007 10.1594
-1.226266e-007 10.0437
-1.224266e-007 9.97297
-1.222266e-007 10.0596
-1.220266e-007 10.0679
-1.218266e-007 9.99334
-1.216266e-007 9.9999
-1.214266e-007 10.0517
-1.212266e-007 10.0645
-1.210266e-007 10.0614
-1.208266e-007 10.079
-1.206266e-007 10.1194
-1.204266e-007 10.1812
-1.202266e-007 10.1995
-1.200266e-007 10.119
-1.198266e-007 10.021
-1.196266e-007 9.99541
-1.194266e-007 10.0524
-1.192266e-007 10.1111
-1.190266e-007 10.0986
-1.188266e-007 10.0748
-1.186266e-007 10.062
-1.184266e-007 10.0334
-1.182266e-007 10.0272
-1.180266e-007 10.0462
-1.178266e-007 10.0759
-1.176266e-007 10.1553
-1.174266e-007 10.2488
-1.172266e-007 10.2205
-1.170266e-007 10.07
-1.168266e-007 9.96606
-1.166266e-007 9.98402
-1.164266e-007 10.0344
-1.162266e-007 10.0199
-1.160266e-007 10.0082
-1.158266e-007 10.098
-1.156266e-007 10.1549
-1.154266e-007 10.0541
-1.152266e-007 9.94673
-1.150266e-007 9.94845
-1.148266e-007 9.99576
-1.146266e-007 10.0517
-1.144266e-007 10.0755
-1.142266e-007 10.0431
-1.140266e-007 10.0141
-1.138266e-007 10.0058
-1.136266e-007 10.0234
-1.134266e-007 10.0969
-1.132266e-007 10.1701
-1.130266e-007 10.1473
-1.128266e-007 10.05
-1.126266e-007 9.96123
-1.124266e-007 9.93292
-1.122266e-007 9.98505
-1.120266e-007 10.0648
-1.118266e-007 10.138
-1.116266e-007 10.1905
-1.114266e-007 10.1408
-1.112266e-007 10.0306
-1.110266e-007 10.0123
-1.108266e-007 10.0444
-1.106266e-007 9.98264
-1.104266e-007 9.8832
-1.102266e-007 9.88354
-1.100266e-007 9.97228
-1.098266e-007 10.0652
-1.096266e-007 10.1411
-1.094266e-007 10.2129
-1.092266e-007 10.2129
-1.090266e-007 10.0911
-1.088266e-007 9.93119
-1.086266e-007 9.88769
-1.084266e-007 10.0251
-1.082266e-007 10.1926
-1.080266e-007 10.2316
-1.078266e-007 10.1774
-1.076266e-007 10.1173
-1.074266e-007 10.0738
-1.072266e-007 10.0462
-1.070266e-007 10.0507
-1.068266e-007 10.061
-1.066266e-007 9.99645
-1.064266e-007 9.90529
-1.062266e-007 9.93015
-1.060266e-007 10.0244
-1.058266e-007 10.0341
-1.056266e-007 9.97124
-1.054266e-007 9.9709
-1.052266e-007 10.081
-1.050266e-007 10.1829
-1.048266e-007 10.167
-1.046266e-007 10.0948
-1.044266e-007 10.0576
-1.042266e-007 10.0375
-1.040266e-007 10.0203
-1.038266e-007 10.0203
-1.036266e-007 9.99334
-1.034266e-007 9.95053
-1.032266e-007 9.96744
-1.030266e-007 9.97711
-1.028266e-007 9.91842
-1.026266e-007 9.91703
-1.024266e-007 9.99265
-1.022266e-007 10.0068
-1.020266e-007 9.97297
-1.018266e-007 9.98022
-1.016266e-007 10.0393
-1.014266e-007 10.1321
-1.012266e-007 10.1649
-1.010266e-007 10.0679
-1.008266e-007 9.94914
-1.006266e-007 9.92256
-1.004266e-007 9.96468
-1.002266e-007 10.0068
-1.000266e-007 9.99437
-9.982665e-008 9.93223
-9.962665e-008 9.90599
-9.942665e-008 9.96261
-9.922665e-008 10.0551
-9.902665e-008 10.0876
-9.882665e-008 10.0013
-9.862665e-008 9.89735
-9.842665e-008 9.98091
-9.822665e-008 10.187
-9.802665e-008 10.2026
-9.782665e-008 10.0482
-9.762665e-008 9.974
-9.742665e-008 10.0051
-9.722665e-008 10.0707
-9.702665e-008 10.1342
-9.682665e-008 10.1332
-9.662665e-008 10.0683
-9.642665e-008 10.0154
-9.622665e-008 10.0099
-9.602665e-008 10.0469
-9.582665e-008 10.071
-9.562665e-008 10.0548
-9.542665e-008 10.0741
-9.522665e-008 10.1093
-9.502665e-008 10.0814
-9.482665e-008 10.0265
-9.462665e-008 9.99714
-9.442665e-008 10.0061
-9.422665e-008 10.0071
-9.402665e-008 9.9488
-9.382665e-008 9.93948
-9.362665e-008 10.0776
-9.342665e-008 10.2361
-9.322665e-008 10.2509
-9.302665e-008 10.1484
-9.282665e-008 10.0469
-9.262665e-008 9.97366
-9.242665e-008 9.9381
-9.222665e-008 9.96054
-9.202665e-008 9.96779
-9.182665e-008 9.96088
-9.162665e-008 10.0113
-9.142665e-008 10.0859
-9.122665e-008 10.1259
-9.102665e-008 10.0814
-9.082665e-008 9.99921
-9.062665e-008 9.96641
-9.042665e-008 9.94017
-9.022665e-008 9.96192
-9.002665e-008 10.0765
-8.982665e-008 10.129
-8.962665e-008 10.0841
-8.942665e-008 10.0641
-8.922665e-008 10.0645
-8.902665e-008 10.0375
-8.882665e-008 10.0603
-8.862665e-008 10.1107
-8.842665e-008 10.0317
-8.822665e-008 9.89943
-8.802665e-008 9.90599
-8.782665e-008 10.0196
-8.762665e-008 10.1066
-8.742665e-008 10.1173
-8.722665e-008 10.1145
-8.702665e-008 10.1346
-8.682665e-008 10.1318
-8.662665e-008 10.156
-8.642665e-008 10.2098
-8.622665e-008 10.1756
-8.602665e-008 10.1125
-8.582665e-008 10.1266
-8.562665e-008 10.1535
-8.542665e-008 10.1446
-8.522665e-008 10.1432
-8.502665e-008 10.1684
-8.482665e-008 10.1667
-8.462665e-008 10.0914
-8.442665e-008 10.0123
-8.422665e-008 10.0341
-8.402665e-008 10.09
-8.382665e-008 10.0223
-8.362665e-008 9.88113
-8.342665e-008 9.85868
-8.322665e-008 9.97677
-8.302665e-008 10.0648
-8.282665e-008 10.0078
-8.262665e-008 9.90529
-8.242665e-008 9.94811
-8.222665e-008 10.0748
-8.202665e-008 10.0558
-8.182665e-008 9.97193
-8.162665e-008 10.041
-8.142665e-008 10.1494
-8.122665e-008 10.148
-8.102665e-008 10.1321
-8.082665e-008 10.0869
-8.062665e-008 9.94638
-8.042665e-008 9.85903
-8.022665e-008 9.96606
-8.002665e-008 10.1504
-7.982665e-008 10.1832
-7.962665e-008 10.0762
-7.942665e-008 10.0113
-7.922665e-008 10.0182
-7.902665e-008 9.98609
-7.882665e-008 9.916
-7.862665e-008 9.92532
-7.842665e-008 9.99679
-7.822665e-008 10.0593
-7.802665e-008 10.0879
-7.782665e-008 10.0337
-7.762665e-008 9.98471
-7.742665e-008 10.032
-7.722665e-008 10.0755
-7.702665e-008 10.0717
-7.682665e-008 10.0779
-7.662665e-008 10.05
-7.642665e-008 9.95087
-7.622665e-008 9.90529
-7.602665e-008 9.94638
-7.582665e-008 9.94155
-7.562665e-008 9.87974
-7.542665e-008 9.8832
-7.522665e-008 9.97228
-7.502665e-008 10.0106
-7.482665e-008 9.93706
-7.462665e-008 9.84591
-7.442665e-008 9.79895
-7.422665e-008 9.7917
-7.402665e-008 9.82519
-7.382665e-008 9.85972
-7.362665e-008 9.83728
-7.342665e-008 9.82899
-7.322665e-008 9.96641
-7.302665e-008 10.1577
-7.282665e-008 10.2281
-7.262665e-008 10.2198
-7.242665e-008 10.1756
-7.222665e-008 10.0676
-7.202665e-008 9.95881
-7.182665e-008 9.9046
-7.162665e-008 9.91116
-7.142665e-008 9.92981
-7.122665e-008 9.91013
-7.102665e-008 9.92946
-7.082665e-008 10.0313
-7.062665e-008 10.1242
-7.042665e-008 10.1525
-7.022665e-008 10.1318
-7.002665e-008 10.0734
-6.982665e-008 9.98574
-6.962665e-008 9.89943
-6.942665e-008 9.86697
-6.922665e-008 9.92808
-6.902665e-008 10.0455
-6.882665e-008 10.1062
-6.862665e-008 10.0431
-6.842665e-008 9.93706
-6.822665e-008 9.94742
-6.802665e-008 10.0641
-6.782665e-008 10.1515
-6.762665e-008 10.1725
-6.742665e-008 10.1187
-6.722665e-008 10.0082
-6.702665e-008 9.94638
-6.682665e-008 9.99645
-6.662665e-008 10.0765
-6.642665e-008 10.1056
-6.622665e-008 10.1318
-6.602665e-008 10.1435
-6.582665e-008 10.0738
-6.562665e-008 10.0241
-6.542665e-008 10.0765
-6.522665e-008 10.0997
-6.502665e-008 10.0434
-6.482665e-008 10.0061
-6.462665e-008 9.96019
-6.442665e-008 9.87974
-6.422665e-008 9.90012
-6.402665e-008 9.97884
-6.382665e-008 9.95225
-6.362665e-008 9.92601
-6.342665e-008 10.0161
-6.322665e-008 10.1107
-6.302665e-008 10.1204
-6.282665e-008 10.1031
-6.262665e-008 10.1076
-6.242665e-008 10.0938
-6.222665e-008 10.0762
-6.202665e-008 10.1187
-6.182665e-008 10.1615
-6.162665e-008 10.1273
-6.142665e-008 10.1014
-6.122665e-008 10.1497
-6.102665e-008 10.175
-6.082665e-008 10.0997
-6.062665e-008 10.0116
-6.042665e-008 10.031
-6.022665e-008 10.1221
-6.002665e-008 10.1546
-5.982665e-008 10.1114
-5.962665e-008 10.0765
-5.942665e-008 10.0703
-5.922665e-008 10.0469
-5.902665e-008 9.9854
-5.882665e-008 9.91807
-5.862665e-008 9.89459
-5.842665e-008 9.92014
-5.822665e-008 9.98954
-5.802665e-008 10.0254
-5.782665e-008 9.94776
-5.762665e-008 9.92118
-5.742665e-008 10.0286
-5.722665e-008 10.1166
-5.702665e-008 10.118
-5.682665e-008 10.0462
-5.662665e-008 9.96917
-5.642665e-008 9.99058
-5.622665e-008 10.0672
-5.602665e-008 10.0617
-5.582665e-008 9.9671
-5.562665e-008 9.88423
-5.542665e-008 9.86835
-5.522665e-008 9.91151
-5.502665e-008 9.97366
-5.482665e-008 10.0113
-5.462665e-008 10.0141
-5.442665e-008 10.0034
-5.422665e-008 9.99955
-5.402665e-008 10.0134
-5.382665e-008 10.041
-5.362665e-008 10.0562
-5.342665e-008 10.041
-5.322665e-008 9.99817
-5.302665e-008 9.96779
-5.282665e-008 9.98333
-5.262665e-008 10.0092
-5.242665e-008 10.0551
-5.222665e-008 10.1822
-5.202665e-008 10.2644
-5.182665e-008 10.1283
-5.162665e-008 9.91324
-5.142665e-008 9.89148
-5.122665e-008 10.0669
-5.102665e-008 10.1722
-5.082665e-008 10.0786
-5.062665e-008 10.0134
-5.042665e-008 10.0938
-5.022665e-008 10.1097
-5.002665e-008 10.0292
-4.982665e-008 10.0417
-4.962665e-008 10.1304
-4.942665e-008 10.1649
-4.922665e-008 10.1339
-4.902665e-008 10.1135
-4.882665e-008 10.1518
-4.862665e-008 10.1712
-4.842665e-008 10.098
-4.822665e-008 10.0341
-4.802665e-008 10.1156
-4.782665e-008 10.2084
-4.762665e-008 10.1214
-4.742665e-008 9.99472
-4.722665e-008 9.99645
-4.702665e-008 10.0406
-4.682665e-008 10.0185
-4.662665e-008 9.95122
-4.642665e-008 9.91565
-4.622665e-008 9.9488
-4.602665e-008 9.99299
-4.582665e-008 10.0168
-4.562665e-008 10.0645
-4.542665e-008 10.0848
-4.522665e-008 10.0206
-4.502665e-008 9.95985
-4.482665e-008 9.99541
-4.462665e-008 10.0717
-4.442665e-008 10.061
-4.422665e-008 9.96537
-4.402665e-008 9.93879
-4.382665e-008 10.0513
-4.362665e-008 10.1294
-4.342665e-008 10.0821
-4.322665e-008 10.0624
-4.302665e-008 10.0973
-4.282665e-008 10.0603
-4.262665e-008 9.95812
-4.242665e-008 9.9046
-4.222665e-008 9.95467
-4.202665e-008 10.0431
-4.182665e-008 10.0206
-4.162665e-008 9.87353
-4.142665e-008 9.82243
-4.122665e-008 9.95605
-4.102665e-008 10.0707
-4.082665e-008 10.0272
-4.062665e-008 9.96365
-4.042665e-008 10.0486
-4.022665e-008 10.1649
-4.002665e-008 10.1397
-3.982665e-008 10.0475
-3.962665e-008 10.0286
-3.942665e-008 10.0658
-3.922665e-008 10.0717
-3.902665e-008 10.0486
-3.882665e-008 10.0289
-3.862665e-008 10.0089
-3.842665e-008 10.0082
-3.822665e-008 10.0147
-3.802665e-008 9.97297
-3.782665e-008 9.92325
-3.762665e-008 9.93257
-3.742665e-008 9.9854
-3.722665e-008 10.042
-3.702665e-008 10.0538
-3.682665e-008 10.0714
-3.662665e-008 10.1732
-3.642665e-008 10.1698
-3.622665e-008 9.95743
-3.602665e-008 9.83417
-3.582665e-008 9.95605
-3.562665e-008 10.1128
-3.542665e-008 10.1076
-3.522665e-008 9.98712
-3.502665e-008 9.94155
-3.482665e-008 10.013
-3.462665e-008 10.0835
-3.442665e-008 10.1235
-3.422665e-008 10.147
-3.402665e-008 10.1207
-3.382665e-008 10.0935
-3.362665e-008 10.1273
-3.342665e-008 10.1587
-3.322665e-008 10.1128
-3.302665e-008 10.0759
-3.282665e-008 10.1242
-3.262665e-008 10.1639
-3.242665e-008 10.137
-3.222665e-008 10.0603
-3.202665e-008 9.95778
-3.182665e-008 9.91669
-3.162665e-008 9.97021
-3.142665e-008 10.0002
-3.122665e-008 9.95709
-3.102665e-008 9.96572
-3.082665e-008 10.0617
-3.062665e-008 10.1232
-3.042665e-008 10.0986
-3.022665e-008 10.0272
-3.002665e-008 9.98056
-2.982665e-008 10.0444
-2.962665e-008 10.1901
-2.942665e-008 10.303
-2.922665e-008 10.291
-2.902665e-008 10.1739
-2.882665e-008 10.1197
-2.862665e-008 10.1432
-2.842665e-008 10.0803
-2.822665e-008 9.96088
-2.802665e-008 9.89977
-2.782665e-008 9.86559
-2.762665e-008 9.8504
-2.742665e-008 9.89943
-2.722665e-008 9.97504
-2.702665e-008 10.0158
-2.682665e-008 10.0037
-2.662665e-008 9.97608
-2.642665e-008 9.99437
-2.622665e-008 10.0103
-2.602665e-008 9.97538
-2.582665e-008 9.97987
-2.562665e-008 10.0493
-2.542665e-008 10.1142
-2.522665e-008 10.1114
-2.502665e-008 10.0237
-2.482665e-008 9.9526
-2.462665e-008 9.99299
-2.442665e-008 10.0952
-2.422665e-008 10.168
-2.402665e-008 10.2119
-2.382665e-008 10.2364
-2.362665e-008 10.1877
-2.342665e-008 10.1087
-2.322665e-008 10.0565
-2.302665e-008 10.0002
-2.282665e-008 9.99714
-2.262665e-008 10.0803
-2.242665e-008 10.1522
-2.222665e-008 10.1356
-2.202665e-008 10.0734
-2.182665e-008 10.0496
-2.162665e-008 10.0417
-2.142665e-008 10.013
-2.122665e-008 10.0161
-2.102665e-008 10.071
-2.082665e-008 10.0879
-2.062665e-008 10.052
-2.042665e-008 10.0462
-2.022665e-008 10.0141
-2.002665e-008 9.90564
-1.982665e-008 9.87974
-1.962665e-008 10.0075
-1.942665e-008 10.1232
-1.922665e-008 10.1266
-1.902665e-008 10.0462
-1.882665e-008 9.92256
-1.862665e-008 9.87664
-1.842665e-008 9.97953
-1.822665e-008 10.0931
-1.802665e-008 10.0828
-1.782665e-008 10.0189
-1.762665e-008 10.0154
-1.742665e-008 10.0479
-1.722665e-008 10.0586
-1.702665e-008 10.0503
-1.682665e-008 10.0555
-1.662665e-008 10.0714
-1.642665e-008 10.0641
-1.622665e-008 10.0665
-1.602665e-008 10.0817
-1.582665e-008 10.0203
-1.562665e-008 9.93913
-1.542665e-008 9.9557
-1.522665e-008 10.0217
-1.502665e-008 10.0686
-1.482665e-008 10.0614
-1.462665e-008 9.97849
-1.442665e-008 9.92118
-1.422665e-008 9.94224
-1.402665e-008 9.95709
-1.382665e-008 9.98505
-1.362665e-008 10.0448
-1.342665e-008 10.0448
-1.322665e-008 10.002
-1.302665e-008 9.95639
-1.282665e-008 9.88009
-1.262665e-008 9.8359
-1.242665e-008 9.90184
-1.222665e-008 10.0254
-1.202665e-008 10.1297
-1.182665e-008 10.1667
-1.162665e-008 10.1342
-1.142665e-008 10.1239
-1.122665e-008 10.1225
-1.102665e-008 10.0375
-1.082665e-008 9.95363
-1.062665e-008 9.93395
-1.042665e-008 9.92221
-1.022665e-008 9.96641
-1.002665e-008 10.0396
-9.82665e-009 10.0379
-9.62665e-009 10.0227
-9.42665e-009 10.0203
-9.22665e-009 9.9923
-9.02665e-009 9.97228
-8.82665e-009 9.95363
-8.62665e-009 9.96434
-8.42665e-009 10.0617
-8.22665e-009 10.1453
-8.02665e-009 10.139
-7.82665e-009 10.0876
-7.62665e-009 10.0092
-7.42665e-009 9.96813
-7.22665e-009 10.0027
-7.02665e-009 9.98333
-6.82665e-009 9.85385
-6.62665e-009 9.7955
-6.42665e-009 9.94189
-6.22665e-009 10.1511
-6.02665e-009 10.1901
-5.82665e-009 10.0448
-5.62665e-009 9.96503
-5.42665e-009 10.0683
-5.22665e-009 10.1501
-5.02665e-009 10.0945
-4.82665e-009 10.0379
-4.62665e-009 10.0741
-4.42665e-009 10.138
-4.22665e-009 10.1342
-4.02665e-009 10.0562
-3.82665e-009 10.0109
-3.62665e-009 10.0455
-3.42665e-009 10.0386
-3.22665e-009 9.97849
-3.02665e-009 10.0051
-2.82665e-009 10.0686
-2.62665e-009 10.0683
-2.42665e-009 10.0783
-2.22665e-009 10.0624
-2.02665e-009 9.87836
-1.82665e-009 9.60318
-1.62665e-009 9.32351
-1.42665e-009 8.87432
-1.22665e-009 8.02702
-1.02665e-009 6.7768
-8.266496e-010 5.42887
-6.266496e-010 4.32331
-4.266496e-010 3.49846
-2.266496e-010 2.78789
-2.664964e-011 2.19714
1.733504e-010 1.81112
3.733504e-010 1.56495
5.733504e-010 1.43823
7.733504e-010 1.39542
9.733504e-010 1.35364
1.17335e-009 1.33983
1.37335e-009 1.29425
1.57335e-009 1.17341
1.77335e-009 1.13681
1.97335e-009 1.27561
2.17335e-009 1.49693
2.37335e-009 1.6195
2.57335e-009 1.56391
2.77335e-009 1.46344
2.97335e-009 1.42028
3.17335e-009 1.38575
3.37335e-009 1.35364
3.57335e-009 1.34259
3.77335e-009 1.28424
3.97335e-009 1.21242
4.17335e-009 1.24108
4.37335e-009 1.27561
4.57335e-009 1.22002
4.77335e-009 1.21104
4.97335e-009 1.3274
5.17335e-009 1.45653
5.37335e-009 1.48001
5.57335e-009 1.36849
5.77335e-009 1.22727
5.97335e-009 1.22002
6.17335e-009 1.2763
6.37335e-009 1.2504
6.57335e-009 1.26422
6.77335e-009 1.3457
6.97335e-009 1.32429
7.17335e-009 1.26594
7.37335e-009 1.32153
7.57335e-009 1.42684
7.77335e-009 1.44099
7.97335e-009 1.36572
8.17335e-009 1.30496
8.37335e-009 1.26836
8.57335e-009 1.21001
8.77335e-009 1.16858
8.97335e-009 1.20725
9.17335e-009 1.28804
9.37335e-009 1.30081
9.57335e-009 1.25489
9.77335e-009 1.31359
9.97335e-009 1.47069
1.017335e-008 1.4914
1.037335e-008 1.31221
1.057335e-008 1.14959
1.077335e-008 1.1703
1.097335e-008 1.26387
1.117335e-008 1.26145
1.137335e-008 1.21657
1.157335e-008 1.23728
1.177335e-008 1.32636
1.197335e-008 1.41372
1.217335e-008 1.36814
1.237335e-008 1.20379
1.257335e-008 1.1009
1.277335e-008 1.10194
1.297335e-008 1.15649
1.317335e-008 1.21519
1.337335e-008 1.20483
1.357335e-008 1.17065
1.377335e-008 1.18618
1.397335e-008 1.20379
1.417335e-008 1.18135
1.437335e-008 1.15649
1.457335e-008 1.14613
1.477335e-008 1.15062
1.497335e-008 1.19896
1.517335e-008 1.24626
1.537335e-008 1.23418
1.557335e-008 1.1817
1.577335e-008 1.10401
1.597335e-008 1.06327
1.617335e-008 1.1413
1.637335e-008 1.23487
1.657335e-008 1.20483
1.677335e-008 1.13025
1.697335e-008 1.10746
1.717335e-008 1.08226
1.737335e-008 1.05774
1.757335e-008 1.11195
1.777335e-008 1.20448
1.797335e-008 1.21588
1.817335e-008 1.14406
1.837335e-008 1.11817
1.857335e-008 1.19033
1.877335e-008 1.23314
1.897335e-008 1.14475
1.917335e-008 1.0353
1.937335e-008 1.02011
1.957335e-008 1.05187
1.977335e-008 1.08675
1.997335e-008 1.0978
2.017335e-008 1.02425
2.037335e-008 0.908932
2.057335e-008 0.863356
2.077335e-008 0.898229
2.097335e-008 0.966938
2.117335e-008 1.02011
2.137335e-008 1.03634
2.157335e-008 1.06845
2.177335e-008 1.08606
2.197335e-008 1.04842
2.217335e-008 1.06258
2.237335e-008 1.12542
2.257335e-008 1.11886
2.277335e-008 1.05049
2.297335e-008 0.987654
2.317335e-008 0.990761
2.337335e-008 1.05602
2.357335e-008 1.0757
2.377335e-008 1.00423
2.397335e-008 0.952436
2.417335e-008 0.983165
2.437335e-008 1.01044
2.457335e-008 1.01769
2.477335e-008 1.04428
2.497335e-008 1.06223
2.517335e-008 1.07017
2.537335e-008 1.04531
2.557335e-008 0.969009
2.577335e-008 0.952091
2.597335e-008 1.06016
2.617335e-008 1.18895
2.637335e-008 1.21484
2.657335e-008 1.10436
2.677335e-008 0.962449
2.697335e-008 0.954508
2.717335e-008 1.05464
2.737335e-008 1.08744
2.757335e-008 1.00768
2.777335e-008 0.949329
2.797335e-008 0.981094
2.817335e-008 1.01113
2.837335e-008 1.02943
2.857335e-008 1.11333
2.877335e-008 1.19102
2.897335e-008 1.13336
2.917335e-008 1.04428
2.937335e-008 1.11333
2.957335e-008 1.22244
2.977335e-008 1.18826
2.997335e-008 1.11713
3.017335e-008 1.1085
3.037335e-008 1.0978
3.057335e-008 1.10574
3.077335e-008 1.16685
3.097335e-008 1.19551
3.117335e-008 1.17237
3.137335e-008 1.1451
3.157335e-008 1.13405
3.177335e-008 1.11748
3.197335e-008 1.07155
3.217335e-008 1.1047
3.237335e-008 1.21968
3.257335e-008 1.21312
3.277335e-008 1.1047
3.297335e-008 1.05153
3.317335e-008 1.01804
3.337335e-008 0.945876
3.357335e-008 0.920671
3.377335e-008 1.01355
3.397335e-008 1.10677
3.417335e-008 1.09365
3.437335e-008 1.07984
3.457335e-008 1.1482
3.477335e-008 1.22002
3.497335e-008 1.19792
3.517335e-008 1.08985
3.537335e-008 0.997321
3.557335e-008 0.971426
3.577335e-008 1.02529
3.597335e-008 1.1268
3.617335e-008 1.1306
3.637335e-008 1.03116
3.657335e-008 0.987654
3.677335e-008 1.02011
3.697335e-008 1.06568
3.717335e-008 1.1009
3.737335e-008 1.08675
3.757335e-008 1.05947
3.777335e-008 1.08916
3.797335e-008 1.0978
3.817335e-008 0.991107
3.837335e-008 0.864738
3.857335e-008 0.870952
3.877335e-008 0.97039
3.897335e-008 1.03116
3.917335e-008 1.02701
3.937335e-008 0.995595
3.957335e-008 0.999393
3.977335e-008 1.05533
3.997335e-008 1.09434
4.017335e-008 1.09849
4.037335e-008 1.10919
4.057335e-008 1.11264
4.077335e-008 1.07742
4.097335e-008 1.0315
4.117335e-008 1.03944
4.137335e-008 1.1123
4.157335e-008 1.17686
4.177335e-008 1.18377
4.197335e-008 1.15407
4.217335e-008 1.11057
4.237335e-008 1.07397
4.257335e-008 1.0978
4.277335e-008 1.20552
4.297335e-008 1.26525
4.317335e-008 1.17134
4.337335e-008 1.06603
4.357335e-008 1.07673
4.377335e-008 1.1268
4.397335e-008 1.12576
4.417335e-008 1.07466
4.437335e-008 1.02632
4.457335e-008 1.01735
4.477335e-008 1.03012
4.497335e-008 1.04739
4.517335e-008 1.07017
4.537335e-008 1.1047
4.557335e-008 1.16374
4.577335e-008 1.19378
4.597335e-008 1.14026
4.617335e-008 1.06914
4.637335e-008 1.05395
4.657335e-008 1.09469
4.677335e-008 1.14475
4.697335e-008 1.14682
4.717335e-008 1.1413
4.737335e-008 1.15131
4.757335e-008 1.09158
4.777335e-008 0.990416
4.797335e-008 0.999738
4.817335e-008 1.13577
4.837335e-008 1.22002
4.857335e-008 1.16685
4.877335e-008 1.07881
4.897335e-008 1.02667
4.917335e-008 1.02805
4.937335e-008 1.07777
4.957335e-008 1.12507
4.977335e-008 1.13439
4.997335e-008 1.15476
5.017335e-008 1.23625
5.037335e-008 1.29011
5.057335e-008 1.21415
5.077335e-008 1.07259
5.097335e-008 1.02045
5.117335e-008 1.07328
5.137335e-008 1.10608
5.157335e-008 1.09641
5.177335e-008 1.094
5.197335e-008 1.09745
5.217335e-008 1.11022
5.237335e-008 1.11333
5.257335e-008 1.08813
5.277335e-008 1.07846
5.297335e-008 1.10643
5.317335e-008 1.08606
5.337335e-008 0.981094
5.357335e-008 0.953472
5.377335e-008 1.05774
5.397335e-008 1.08951
5.417335e-008 0.996286
5.437335e-008 0.966592
5.457335e-008 1.03496
5.477335e-008 1.06638
5.497335e-008 1.08433
5.517335e-008 1.18998
5.537335e-008 1.28666
5.557335e-008 1.23832
5.577335e-008 1.13543
5.597335e-008 1.13129
5.617335e-008 1.18791
5.637335e-008 1.19447
5.657335e-008 1.14337
5.677335e-008 1.07052
5.697335e-008 1.0315
5.717335e-008 1.05395
5.737335e-008 1.09538
5.757335e-008 1.13301
5.777335e-008 1.16443
5.797335e-008 1.18446
5.817335e-008 1.1703
5.837335e-008 1.0719
5.857335e-008 0.978331
5.877335e-008 1.03599
5.897335e-008 1.15235
5.917335e-008 1.14648
5.937335e-008 1.04946
5.957335e-008 1.01079
5.977335e-008 1.06534
5.997335e-008 1.09538
6.017335e-008 0.997321
6.037335e-008 0.888906
6.057335e-008 0.93172
6.077335e-008 1.04842
6.097335e-008 1.11299
6.117335e-008 1.10539
6.137335e-008 1.07155
6.157335e-008 1.11955
6.177335e-008 1.22451
6.197335e-008 1.23141
6.217335e-008 1.16409
6.237335e-008 1.16374
6.257335e-008 1.1993
6.277335e-008 1.22037
6.297335e-008 1.23659
6.317335e-008 1.16996
6.337335e-008 1.07639
6.357335e-008 1.09054
6.377335e-008 1.11678
6.397335e-008 1.07397
6.417335e-008 1.0719
6.437335e-008 1.14199
6.457335e-008 1.17652
6.477335e-008 1.16305
6.497335e-008 1.16961
6.517335e-008 1.15615
6.537335e-008 1.1268
6.557335e-008 1.16547
6.577335e-008 1.2
6.597335e-008 1.15338
6.617335e-008 1.11506
6.637335e-008 1.17445
6.657335e-008 1.2618
6.677335e-008 1.23659
6.697335e-008 1.15407
6.717335e-008 1.1703
6.737335e-008 1.24902
6.757335e-008 1.27837
6.777335e-008 1.26042
6.797335e-008 1.22416
6.817335e-008 1.14268
6.837335e-008 1.02909
6.857335e-008 0.974879
6.877335e-008 1.02771
6.897335e-008 1.13819
6.917335e-008 1.1993
6.937335e-008 1.13785
6.957335e-008 1.06534
6.977335e-008 1.09745
6.997335e-008 1.12196
7.017335e-008 1.05118
7.037335e-008 0.974879
7.057335e-008 0.997321
7.077335e-008 1.12852
7.097335e-008 1.2504
7.117335e-008 1.22382
7.137335e-008 1.10884
7.157335e-008 1.06085
7.177335e-008 1.06361
7.197335e-008 1.05636
7.217335e-008 1.05153
7.237335e-008 1.03081
7.257335e-008 0.981439
7.277335e-008 0.961068
7.297335e-008 1.04739
7.317335e-008 1.17065
7.337335e-008 1.1482
7.357335e-008 1.04359
7.377335e-008 1.08537
7.397335e-008 1.20241
7.417335e-008 1.16996
7.437335e-008 1.08433
7.457335e-008 1.14682
7.477335e-008 1.25317
7.497335e-008 1.25351
7.517335e-008 1.19482
7.537335e-008 1.18895
7.557335e-008 1.25179
7.577335e-008 1.27388
7.597335e-008 1.21484
7.617335e-008 1.1337
7.637335e-008 1.07363
7.657335e-008 1.05843
7.677335e-008 1.08364
7.697335e-008 1.11782
7.717335e-008 1.14164
7.737335e-008 1.17099
7.757335e-008 1.22796
7.777335e-008 1.27043
7.797335e-008 1.22175
7.817335e-008 1.14751
7.837335e-008 1.20656
7.857335e-008 1.35053
7.877335e-008 1.36538
7.897335e-008 1.25455
7.917335e-008 1.18273
7.937335e-008 1.15511
7.957335e-008 1.15753
7.977335e-008 1.23141
7.997335e-008 1.26629
8.017335e-008 1.17479
8.037335e-008 1.11126
8.057335e-008 1.15649
8.077335e-008 1.2031
8.097335e-008 1.22278
8.117335e-008 1.21381
8.137335e-008 1.12887
8.157335e-008 1.08157
8.177335e-008 1.19378
8.197335e-008 1.2801
8.217335e-008 1.20172
8.237335e-008 1.12507
8.257335e-008 1.152
8.277335e-008 1.24108
8.297335e-008 1.30323
8.317335e-008 1.23867
8.337335e-008 1.13094
8.357335e-008 1.1192
8.377335e-008 1.15269
8.397335e-008 1.13198
8.417335e-008 1.07984
8.437335e-008 1.04842
8.457335e-008 1.03427
8.477335e-008 1.0391
8.497335e-008 1.07777
8.517335e-008 1.13232
8.537335e-008 1.18101
8.557335e-008 1.21173
8.577335e-008 1.21726
8.597335e-008 1.20966
8.617335e-008 1.17306
8.637335e-008 1.08709
8.657335e-008 1.02701
8.677335e-008 1.06914
8.697335e-008 1.17928
8.717335e-008 1.25455
8.737335e-008 1.23072
8.757335e-008 1.15511
8.777335e-008 1.09641
8.797335e-008 1.08088
8.817335e-008 1.10574
8.837335e-008 1.16132
8.857335e-008 1.24764
8.877335e-008 1.25766
8.897335e-008 1.11161
8.917335e-008 0.973152
8.937335e-008 1.02218
8.957335e-008 1.22693
8.977335e-008 1.41717
8.997335e-008 1.45342
9.017335e-008 1.34846
9.037335e-008 1.25075
9.057335e-008 1.23452
9.077335e-008 1.19585
9.097335e-008 1.09814
9.117335e-008 1.05602
9.137335e-008 1.08675
9.157335e-008 1.08778
9.177335e-008 1.0757
9.197335e-008 1.1375
9.217335e-008 1.19585
9.237335e-008 1.17134
9.257335e-008 1.14372
9.277335e-008 1.1337
9.297335e-008 1.11817
9.317335e-008 1.14786
9.337335e-008 1.20725
9.357335e-008 1.26007
9.377335e-008 1.31221
9.397335e-008 1.29115
9.417335e-008 1.18998
9.437335e-008 1.14268
9.457335e-008 1.21691
9.477335e-008 1.31117
9.497335e-008 1.27181
9.517335e-008 1.16063
9.537335e-008 1.15062
9.557335e-008 1.18618
9.577335e-008 1.15511
9.597335e-008 1.13094
9.617335e-008 1.14613
9.637335e-008 1.1047
9.657335e-008 1.08398
9.677335e-008 1.17962
9.697335e-008 1.24074
9.717335e-008 1.17168
9.737335e-008 1.05222
9.757335e-008 1.00561
9.777335e-008 1.08502
9.797335e-008 1.21312
9.817335e-008 1.34673
9.837335e-008 1.43616
9.857335e-008 1.37885
9.877335e-008 1.23245
9.897335e-008 1.11851
9.917335e-008 1.08709
9.937335e-008 1.13474
9.957335e-008 1.20276
9.977335e-008 1.22969
9.997335e-008 1.17203
1.001734e-007 1.12265
1.003734e-007 1.18204
1.005734e-007 1.18584
1.007734e-007 1.04428
1.009734e-007 0.962794
1.011734e-007 1.03012
1.013734e-007 1.10056
1.015734e-007 1.08675
1.017734e-007 1.05843
1.019734e-007 1.09952
1.021734e-007 1.13474
1.023734e-007 1.11989
1.025734e-007 1.16858
1.027734e-007 1.2359
1.029734e-007 1.21864
1.031734e-007 1.16823
1.033734e-007 1.1154
1.035734e-007 1.0826
1.037734e-007 1.12127
1.039734e-007 1.19965
1.041734e-007 1.23349
1.043734e-007 1.20656
1.045734e-007 1.14406
1.047734e-007 1.08985
1.049734e-007 1.09296
1.051734e-007 1.11161
1.053734e-007 1.13716
1.055734e-007 1.23728
1.057734e-007 1.35053
1.059734e-007 1.39749
1.061734e-007 1.37574
1.063734e-007 1.25662
1.065734e-007 1.18135
1.067734e-007 1.29598
1.069734e-007 1.37021
1.071734e-007 1.26456
1.073734e-007 1.22624
1.075734e-007 1.30876
1.077734e-007 1.29322
1.079734e-007 1.20207
1.081734e-007 1.20034
1.083734e-007 1.2328
1.085734e-007 1.16512
1.087734e-007 1.0429
1.089734e-007 1.00423
1.091734e-007 1.06638
1.093734e-007 1.15235
1.095734e-007 1.21277
1.097734e-007 1.20414
1.099734e-007 1.13854
1.101734e-007 1.12058
1.103734e-007 1.18204
1.105734e-007 1.24005
1.107734e-007 1.28113
1.109734e-007 1.31946
1.111734e-007 1.30876
1.113734e-007 1.25973
1.115734e-007 1.22589
1.117734e-007 1.21001
1.119734e-007 1.21519
1.121734e-007 1.2328
1.123734e-007 1.2145
1.125734e-007 1.16927
1.127734e-007 1.13923
1.129734e-007 1.11195
1.131734e-007 1.0574
1.133734e-007 0.993178
1.135734e-007 0.989725
1.137734e-007 1.06499
1.139734e-007 1.1665
1.141734e-007 1.22865
1.143734e-007 1.20448
1.145734e-007 1.18757
1.147734e-007 1.2473
1.149734e-007 1.29494
1.151734e-007 1.30012
1.153734e-007 1.28631
1.155734e-007 1.27043
1.157734e-007 1.27008
1.159734e-007 1.23176
1.161734e-007 1.11989
1.163734e-007 1.02978
1.165734e-007 1.09262
1.167734e-007 1.25282
1.169734e-007 1.28217
1.171734e-007 1.1596
1.173734e-007 1.07915
1.175734e-007 1.11851
1.177734e-007 1.17962
1.179734e-007 1.16167
1.181734e-007 1.12369
1.183734e-007 1.10815
1.185734e-007 1.10505
1.187734e-007 1.19585
1.189734e-007 1.31497
1.191734e-007 1.30116
1.193734e-007 1.19067
1.195734e-007 1.08467
1.197734e-007 1.03357
1.199734e-007 1.08364
1.201734e-007 1.1817
1.203734e-007 1.19551
1.205734e-007 1.1337
1.207734e-007 1.09918
1.209734e-007 1.11057
1.211734e-007 1.09227
1.213734e-007 1.02632
1.215734e-007 1.03219
1.217734e-007 1.13405
1.219734e-007 1.18687
1.221734e-007 1.15718
1.223734e-007 1.13094
1.225734e-007 1.09089
1.227734e-007 1.04186
1.229734e-007 1.0826
1.231734e-007 1.15649
1.233734e-007 1.15511
1.235734e-007 1.11782
1.237734e-007 1.0971
1.239734e-007 1.07052
1.241734e-007 1.05705
1.243734e-007 1.08295
1.245734e-007 1.10712
1.247734e-007 1.1489
1.249734e-007 1.21001
1.251734e-007 1.20586
1.253734e-007 1.18342
1.255734e-007 1.22278
1.257734e-007 1.26629
1.259734e-007 1.25524
1.261734e-007 1.19343
1.263734e-007 1.1337
1.265734e-007 1.16788
1.267734e-007 1.29771
1.269734e-007 1.4044
1.271734e-007 1.39507
1.273734e-007 1.31359
1.275734e-007 1.27043
1.277734e-007 1.27388
1.279734e-007 1.26663
1.281734e-007 1.26145
1.283734e-007 1.27319
1.285734e-007 1.24626
1.287734e-007 1.18895
1.289734e-007 1.18998
1.291734e-007 1.2214
1.293734e-007 1.17548
1.295734e-007 1.1047
1.297734e-007 1.1306
1.299734e-007 1.22934
1.301734e-007 1.32809
1.303734e-007 1.38161
1.305734e-007 1.36711
1.307734e-007 1.32429
1.309734e-007 1.3053
1.311734e-007 1.32498
1.313734e-007 1.31532
1.315734e-007 1.23901
1.317734e-007 1.18377
1.319734e-007 1.1924
1.321734e-007 1.22382
1.323734e-007 1.27354
1.325734e-007 1.34501
1.327734e-007 1.36331
1.329734e-007 1.30185
1.331734e-007 1.27595
1.333734e-007 1.31186
1.335734e-007 1.34259
1.337734e-007 1.36124
1.339734e-007 1.33569
1.341734e-007 1.27768
1.343734e-007 1.28907
1.345734e-007 1.35709
1.347734e-007 1.36365
1.349734e-007 1.30876
1.351734e-007 1.27872
1.353734e-007 1.33223
1.355734e-007 1.44721
1.357734e-007 1.499
1.359734e-007 1.48761
1.361734e-007 1.50107
1.363734e-007 1.46827
1.365734e-007 1.364
1.367734e-007 1.28631
1.369734e-007 1.25248
1.371734e-007 1.30945
1.373734e-007 1.45895
1.375734e-007 1.48864
1.377734e-007 1.35916
1.379734e-007 1.29736
1.381734e-007 1.34604
1.383734e-007 1.38126
1.385734e-007 1.41717
1.387734e-007 1.50556
1.389734e-007 1.56805
1.391734e-007 1.53663
1.393734e-007 1.4731
1.395734e-007 1.42097
1.397734e-007 1.38161
1.399734e-007 1.39576
1.401734e-007 1.41337
1.403734e-007 1.41303
1.405734e-007 1.47241
1.407734e-007 1.51523
1.409734e-007 1.47587
1.411734e-007 1.45929
1.413734e-007 1.50211
1.415734e-007 1.49969
1.417734e-007 1.39576
1.419734e-007 1.34017
1.421734e-007 1.46792
1.423734e-007 1.60534
1.425734e-007 1.60431
1.427734e-007 1.59084
1.429734e-007 1.6233
1.431734e-007 1.66162
1.433734e-007 1.72791
1.435734e-007 1.72688
1.437734e-007 1.57289
1.439734e-007 1.47828
1.441734e-007 1.56736
1.443734e-007 1.64954
1.445734e-007 1.66404
1.447734e-007 1.69649
1.449734e-007 1.68337
1.451734e-007 1.60189
1.453734e-007 1.5905
1.455734e-007 1.69235
1.457734e-007 1.7835
1.459734e-007 1.74483
1.461734e-007 1.63607
1.463734e-007 1.61536
1.465734e-007 1.69028
1.467734e-007 1.75312
1.469734e-007 1.75761
1.471734e-007 1.72791
1.473734e-007 1.69615
1.475734e-007 1.6851
1.477734e-007 1.67025
1.479734e-007 1.65713
1.481734e-007 1.67958
1.483734e-007 1.63711
1.485734e-007 1.52662
1.487734e-007 1.52628
1.489734e-007 1.6416
1.491734e-007 1.71065
1.493734e-007 1.6706
1.495734e-007 1.58083
1.497734e-007 1.50107
1.499734e-007 1.47241
1.501734e-007 1.51039
1.503734e-007 1.58601
1.505734e-007 1.67371
1.507734e-007 1.74311
1.509734e-007 1.74828
1.511734e-007 1.70582
1.513734e-007 1.68061
1.515734e-007 1.73102
1.517734e-007 1.83288
1.519734e-007 1.82701
1.521734e-007 1.71307
1.523734e-007 1.66818
1.525734e-007 1.67232
1.527734e-007 1.64263
1.529734e-007 1.62951
1.531734e-007 1.66853
1.533734e-007 1.74069
1.535734e-007 1.7835
1.537734e-007 1.79524
1.539734e-007 1.85117
1.541734e-007 1.8895
1.543734e-007 1.81734
1.545734e-007 1.74725
1.547734e-007 1.7835
1.549734e-007 1.81941
1.551734e-007 1.7835
1.553734e-007 1.79179
1.555734e-007 1.85256
1.557734e-007 1.82597
1.559734e-007 1.74
1.561734e-007 1.70029
1.563734e-007 1.73896
1.565734e-007 1.84013
1.567734e-007 1.87086
1.569734e-007 1.7911
1.571734e-007 1.72308
1.573734e-007 1.68579
1.575734e-007 1.71721
1.577734e-007 1.90297
1.579734e-007 2.11807
1.581734e-007 2.16951
1.583734e-007 2.07077
1.585734e-007 1.99239
1.587734e-007 2.00275
1.589734e-007 2.02105
1.591734e-007 2.02105
1.593734e-007 2.01449
1.595734e-007 1.98031
1.597734e-007 1.95993
1.599734e-007 1.97616
1.601734e-007 1.9444
1.603734e-007 1.83978
1.605734e-007 1.78281
1.607734e-007 1.82217
1.609734e-007 1.8422
1.611734e-007 1.82217
1.613734e-007 1.85256
1.615734e-007 1.89295
1.617734e-007 1.86257
1.619734e-007 1.83805
1.621734e-007 1.9185
1.623734e-007 2.07422
1.625734e-007 2.21785
1.627734e-007 2.28967
1.629734e-007 2.24513
1.631734e-007 2.08838
1.633734e-007 1.93266
1.635734e-007 1.89088
1.637734e-007 1.93922
1.639734e-007 1.9551
1.641734e-007 1.91988
1.643734e-007 1.92541
1.645734e-007 1.9406
1.647734e-007 1.91022
1.649734e-007 1.88328
1.651734e-007 1.8636
1.653734e-007 1.83322
1.655734e-007 1.83978
1.657734e-007 1.93956
1.659734e-007 2.09079
1.661734e-007 2.12877
1.663734e-007 1.9917
1.665734e-007 1.88087
1.667734e-007 1.93749
1.669734e-007 2.00378
1.671734e-007 1.98065
1.673734e-007 2.00482
1.675734e-007 2.07836
1.677734e-007 2.06144
1.679734e-007 2.01863
1.681734e-007 2.02346
1.683734e-007 1.98548
1.685734e-007 1.93646
1.687734e-007 1.9772
1.689734e-007 2.05143
1.691734e-007 2.06075
1.693734e-007 2.02726
1.695734e-007 2.08009
1.697734e-007 2.24202
1.699734e-007 2.32109
1.701734e-007 2.2365
1.703734e-007 2.16192
1.705734e-007 2.18022
1.707734e-007 2.20024
1.709734e-007 2.17642
1.711734e-007 2.16123
1.713734e-007 2.21992
1.715734e-007 2.24513
1.717734e-007 2.1229
1.719734e-007 2.06248
1.721734e-007 2.19575
1.723734e-007 2.28207
1.725734e-007 2.174
1.727734e-007 2.02208
1.729734e-007 1.98997
1.731734e-007 2.09632
1.733734e-007 2.19437
1.735734e-007 2.1557
1.737734e-007 2.12083
1.739734e-007 2.20266
1.741734e-007 2.24202
1.743734e-007 2.20335
1.745734e-007 2.25411
1.747734e-007 2.36356
1.749734e-007 2.35976
1.751734e-007 2.26584
1.753734e-007 2.20542
1.755734e-007 2.20784
1.757734e-007 2.21682
1.759734e-007 2.23891
1.761734e-007 2.30866
1.763734e-007 2.32523
1.765734e-007 2.26239
1.767734e-007 2.20404
1.769734e-007 2.16399
1.771734e-007 2.18022
1.773734e-007 2.26377
1.775734e-007 2.32937
1.777734e-007 2.32178
1.779734e-007 2.309
1.781734e-007 2.35285
1.783734e-007 2.37253
1.785734e-007 2.35216
1.787734e-007 2.39359
1.789734e-007 2.43813
1.791734e-007 2.36114
1.793734e-007 2.2762
1.795734e-007 2.2762
1.797734e-007 2.28311
1.799734e-007 2.29347
1.801734e-007 2.3166
1.803734e-007 2.32074
1.805734e-007 2.30348
1.807734e-007 2.29657
1.809734e-007 2.34422
1.811734e-007 2.37357
1.813734e-007 2.28967
1.815734e-007 2.21889
1.817734e-007 2.3242
1.819734e-007 2.45989
1.821734e-007 2.4226
1.823734e-007 2.32005
1.825734e-007 2.29139
1.827734e-007 2.27448
1.829734e-007 2.24271
1.831734e-007 2.26999
1.833734e-007 2.36666
1.835734e-007 2.44366
1.837734e-007 2.42501
1.839734e-007 2.38255
1.841734e-007 2.42087
1.843734e-007 2.49269
1.845734e-007 2.50201
1.847734e-007 2.43675
1.849734e-007 2.34767
1.851734e-007 2.30831
1.853734e-007 2.35769
1.855734e-007 2.46265
1.857734e-007 2.55587
1.859734e-007 2.56243
1.861734e-007 2.46852
1.863734e-007 2.40395
1.865734e-007 2.44884
1.867734e-007 2.49579
1.869734e-007 2.48267
1.871734e-007 2.47335
1.873734e-007 2.43296
1.875734e-007 2.28
1.877734e-007 2.13257
1.879734e-007 2.15812
1.881734e-007 2.33559
1.883734e-007 2.48095
1.885734e-007 2.44573
1.887734e-007 2.37495
1.889734e-007 2.44469
1.891734e-007 2.50408
1.893734e-007 2.49718
1.895734e-007 2.58418
1.897734e-007 2.67326
1.899734e-007 2.60663
1.901734e-007 2.53205
1.903734e-007 2.54448
1.905734e-007 2.53032
1.907734e-007 2.52929
1.909734e-007 2.61077
1.911734e-007 2.66083
1.913734e-007 2.6484
1.915734e-007 2.63908
1.917734e-007 2.64219
1.919734e-007 2.64633
1.921734e-007 2.58073
1.923734e-007 2.45851
1.925734e-007 2.47301
1.927734e-007 2.58591
1.929734e-007 2.58315
1.931734e-007 2.54137
1.933734e-007 2.5645
1.935734e-007 2.55484
1.937734e-007 2.51996
1.939734e-007 2.55553
1.941734e-007 2.62423
1.943734e-007 2.64461
1.945734e-007 2.63874
1.947734e-007 2.66394
1.949734e-007 2.69743
1.951734e-007 2.67775
1.953734e-007 2.61595
1.955734e-007 2.58108
1.957734e-007 2.60179
1.959734e-007 2.63045
1.961734e-007 2.64288
1.963734e-007 2.63701
1.965734e-007 2.58798
1.967734e-007 2.50822
1.969734e-007 2.46541
1.971734e-007 2.53274
1.973734e-007 2.62354
1.975734e-007 2.60732
1.977734e-007 2.58142
1.979734e-007 2.59247
1.981734e-007 2.52894
1.983734e-007 2.46921
1.985734e-007 2.54862
1.987734e-007 2.67188
1.989734e-007 2.69467
1.991734e-007 2.6819
1.993734e-007 2.73852
1.995734e-007 2.77443
1.997734e-007 2.7658
1.999734e-007 2.77339
2.001734e-007 2.70399
2.003734e-007 2.56796
2.005734e-007 2.5683
2.007734e-007 2.71401
2.009734e-007 2.79238
2.011734e-007 2.74473
2.013734e-007 2.68224
2.015734e-007 2.69156
2.017734e-007 2.79238
2.019734e-007 2.89803
2.021734e-007 2.92013
2.023734e-007 2.89216
2.025734e-007 2.87801
2.027734e-007 2.87317
2.029734e-007 2.85384
2.031734e-007 2.82691
2.033734e-007 2.81344
2.035734e-007 2.86178
2.037734e-007 2.94775
2.039734e-007 2.93774
2.041734e-007 2.81724
2.043734e-007 2.71642
2.045734e-007 2.71435
2.047734e-007 2.77926
2.049734e-007 2.80999
2.051734e-007 2.79687
2.053734e-007 2.83796
2.055734e-007 2.93394
2.057734e-007 2.99575
2.059734e-007 2.98297
2.061734e-007 2.95949
2.063734e-007 3.03407
2.065734e-007 3.13351
2.067734e-007 3.06376
2.069734e-007 2.8856
2.071734e-007 2.83105
2.073734e-007 2.96191
2.075734e-007 3.09795
2.077734e-007 3.07343
2.079734e-007 2.97607
2.081734e-007 2.94465
2.083734e-007 2.95777
2.085734e-007 2.93774
2.087734e-007 2.89251
2.089734e-007 2.90632
2.091734e-007 3.00334
2.093734e-007 3.06307
2.095734e-007 3.00507
2.097734e-007 2.91185
2.099734e-007 2.83727
2.101734e-007 2.78927
2.103734e-007 2.86213
2.105734e-007 3.06618
2.107734e-007 3.21741
2.109734e-007 3.18703
2.111734e-007 3.07309
2.113734e-007 3.01715
2.115734e-007 2.99471
2.117734e-007 2.94913
2.119734e-007 2.92876
2.121734e-007 2.93774
2.123734e-007 2.91426
2.125734e-007 2.86938
2.127734e-007 2.81897
2.129734e-007 2.78479
2.131734e-007 2.87697
2.133734e-007 3.09415
2.135734e-007 3.1998
2.137734e-007 3.05099
2.139734e-007 2.83727
2.141734e-007 2.79929
2.143734e-007 2.87007
2.145734e-007 2.85798
2.147734e-007 2.82691
2.149734e-007 2.88802
2.151734e-007 2.94223
2.153734e-007 2.92669
2.155734e-007 2.96881
2.157734e-007 3.13247
2.159734e-007 3.26057
2.161734e-007 3.24641
2.163734e-007 3.16735
2.165734e-007 3.10589
2.167734e-007 3.09104
2.169734e-007 3.08414
2.171734e-007 3.05237
2.173734e-007 3.04339
2.175734e-007 3.06273
2.177734e-007 3.09311
2.179734e-007 3.14007
2.181734e-007 3.13489
2.183734e-007 3.04063
2.185734e-007 2.96778
2.187734e-007 2.96605
2.189734e-007 2.96709
2.191734e-007 2.99851
2.193734e-007 3.09622
2.195734e-007 3.19497
2.197734e-007 3.24883
2.199734e-007 3.26747
2.201734e-007 3.27921
2.203734e-007 3.24538
2.205734e-007 3.13178
2.207734e-007 3.07274
2.209734e-007 3.16873
2.211734e-007 3.28543
2.213734e-007 3.28888
2.215734e-007 3.25056
2.217734e-007 3.25056
2.219734e-007 3.25401
2.221734e-007 3.23191
2.223734e-007 3.20118
2.225734e-007 3.17701
2.227734e-007 3.15733
2.229734e-007 3.16942
2.231734e-007 3.22328
2.233734e-007 3.25884
2.235734e-007 3.20843
2.237734e-007 3.10312
2.239734e-007 3.1083
2.241734e-007 3.22328
2.243734e-007 3.25746
2.245734e-007 3.21672
2.247734e-007 3.22673
2.249734e-007 3.28957
2.251734e-007 3.29544
2.253734e-007 3.18772
2.255734e-007 3.11763
2.257734e-007 3.18737
2.259734e-007 3.27714
2.261734e-007 3.3241
2.263734e-007 3.36449
2.265734e-007 3.39695
2.267734e-007 3.41663
2.269734e-007 3.41283
2.271734e-007 3.37278
2.273734e-007 3.33894
2.275734e-007 3.3638
2.277734e-007 3.38348
2.279734e-007 3.32548
2.281734e-007 3.26644
2.283734e-007 3.25677
2.285734e-007 3.25125
2.287734e-007 3.273
2.289734e-007 3.33653
2.291734e-007 3.33964
2.293734e-007 3.27438
2.295734e-007 3.24192
2.297734e-007 3.26575
2.299734e-007 3.33791
2.301734e-007 3.38625
2.303734e-007 3.31167
2.305734e-007 3.22708
2.307734e-007 3.29199
2.309734e-007 3.4629
2.311734e-007 3.59375
2.313734e-007 3.52401
2.315734e-007 3.27231
2.317734e-007 3.13869
2.319734e-007 3.28025
2.321734e-007 3.44598
2.323734e-007 3.39315
2.325734e-007 3.26402
2.327734e-007 3.24434
2.329734e-007 3.23916
2.331734e-007 3.19669
2.333734e-007 3.22708
2.335734e-007 3.32928
2.337734e-007 3.40662
2.339734e-007 3.408
2.341734e-007 3.33998
2.343734e-007 3.30752
2.345734e-007 3.38659
2.347734e-007 3.47809
2.349734e-007 3.47981
2.351734e-007 3.42768
2.353734e-007 3.41214
2.355734e-007 3.46911
2.357734e-007 3.56959
2.359734e-007 3.60446
2.361734e-007 3.47291
2.363734e-007 3.28681
2.365734e-007 3.22811
2.367734e-007 3.30407
2.369734e-007 3.42215
2.371734e-007 3.466
2.373734e-007 3.41905
2.375734e-007 3.40109
2.377734e-007 3.44632
2.379734e-007 3.49984
2.381734e-007 3.55577
2.383734e-007 3.58961
2.385734e-007 3.59375
2.387734e-007 3.59548
2.389734e-007 3.51918
2.391734e-007 3.39419
2.393734e-007 3.43355
2.395734e-007 3.60998
2.397734e-007 3.67455
2.399734e-007 3.5903
2.401734e-007 3.5323
2.403734e-007 3.54507
2.405734e-007 3.53506
2.407734e-007 3.50329
2.409734e-007 3.48568
2.411734e-007 3.49052
2.413734e-007 3.55232
2.415734e-007 3.63691
2.417734e-007 3.65452
2.419734e-007 3.59893
2.421734e-007 3.53264
2.423734e-007 3.49777
2.425734e-007 3.51883
2.427734e-007 3.58063
2.429734e-007 3.58201
2.431734e-007 3.4843
2.433734e-007 3.43044
2.435734e-007 3.52366
2.437734e-007 3.64865
2.439734e-007 3.6673
2.441734e-007 3.59824
2.443734e-007 3.53886
2.445734e-007 3.52228
2.447734e-007 3.50329
2.449734e-007 3.46808
2.451734e-007 3.4515
2.453734e-007 3.46877
2.455734e-007 3.52332
2.457734e-007 3.57925
2.459734e-007 3.5682
2.461734e-007 3.50226
2.463734e-007 3.47429
2.465734e-007 3.5537
2.467734e-007 3.65452
2.469734e-007 3.6269
2.471734e-007 3.51779
2.473734e-007 3.49328
2.475734e-007 3.58927
2.477734e-007 3.69319
2.479734e-007 3.71529
2.481734e-007 3.67696
2.483734e-007 3.63726
2.485734e-007 3.63829
2.487734e-007 3.66281
2.489734e-007 3.66971
2.491734e-007 3.67386
2.493734e-007 3.65176
2.495734e-007 3.58857
2.497734e-007 3.57476
2.499734e-007 3.62517
2.501734e-007 3.7001
2.503734e-007 3.79436
2.505734e-007 3.80126
2.507734e-007 3.69526
2.509734e-007 3.67006
2.511734e-007 3.7764
2.513734e-007 3.84097
2.515734e-007 3.77985
2.517734e-007 3.68421
2.519734e-007 3.66453
2.521734e-007 3.70148
