-6.89686e-009 2.20064
-6.69686e-009 2.20064
-6.49686e-009 2.20064
-6.29686e-009 2.20063
-6.09686e-009 2.20064
-5.89686e-009 2.20064
-5.69686e-009 2.20064
-5.49686e-009 2.20064
-5.29686e-009 2.20064
-5.09686e-009 2.20064
-4.89686e-009 2.20064
-4.69686e-009 2.20064
-4.49686e-009 2.20064
-4.29686e-009 2.20064
-4.09686e-009 2.20064
-3.89686e-009 2.20064
-3.69686e-009 2.20064
-3.49686e-009 2.20064
-3.29686e-009 2.20064
-3.09686e-009 2.20064
-2.89686e-009 2.20064
-2.69686e-009 2.20064
-2.49686e-009 2.20064
-2.29686e-009 2.20064
-2.09686e-009 2.20064
-1.89686e-009 2.20064
-1.69686e-009 2.20064
-1.49686e-009 2.20064
-1.29686e-009 2.20064
-1.09686e-009 2.20064
-8.96856e-010 2.20064
-6.96856e-010 2.20064
-4.96856e-010 2.20064
-2.96856e-010 2.18919
-9.68561e-011 2.13125
1.03144e-010 2.01099
3.03144e-010 1.8825
5.03144e-010 1.81712
7.03144e-010 1.82281
9.03144e-010 1.85703
1.10314e-009 1.88186
1.30314e-009 1.88414
1.50314e-009 1.87014
1.70314e-009 1.85247
1.90314e-009 1.83817
2.10314e-009 1.83106
2.30314e-009 1.83269
2.50314e-009 1.84085
2.70314e-009 1.85375
2.90314e-009 1.87109
3.10314e-009 1.89201
3.30314e-009 1.91404
3.50314e-009 1.93394
3.70314e-009 1.94926
3.90314e-009 1.96328
4.10314e-009 1.98225
4.30314e-009 2.00246
4.50314e-009 2.01633
4.70314e-009 2.02418
4.90314e-009 2.0263
5.10314e-009 2.02406
5.30314e-009 2.02496
5.50314e-009 2.03242
5.70314e-009 2.04033
5.90314e-009 2.04118
6.10314e-009 2.03775
6.30314e-009 2.03704
6.50314e-009 2.0389
6.70314e-009 2.04133
6.90314e-009 2.04228
7.10314e-009 2.03933
7.30314e-009 2.03641
7.50314e-009 2.03623
7.70314e-009 2.03251
7.90314e-009 2.02383
8.10314e-009 2.01782
8.30314e-009 2.01524
8.50314e-009 2.00999
8.70314e-009 2.00266
8.90314e-009 1.99731
9.10314e-009 1.99226
9.30314e-009 1.98568
9.50314e-009 1.97826
9.70314e-009 1.97057
9.90314e-009 1.96577
1.01031e-008 1.96505
1.03031e-008 1.96657
1.05031e-008 1.96939
1.07031e-008 1.97196
1.09031e-008 1.97378
1.11031e-008 1.97765
1.13031e-008 1.98577
1.15031e-008 1.99077
1.17031e-008 1.98285
1.19031e-008 1.96655
1.21031e-008 1.95388
1.23031e-008 1.94811
1.25031e-008 1.94339
1.27031e-008 1.93828
1.29031e-008 1.93777
1.31031e-008 1.94095
1.33031e-008 1.94261
1.35031e-008 1.93983
1.37031e-008 1.93264
1.39031e-008 1.9255
1.41031e-008 1.92311
1.43031e-008 1.92411
1.45031e-008 1.92319
1.47031e-008 1.91861
1.49031e-008 1.91221
1.51031e-008 1.90483
1.53031e-008 1.8982
1.55031e-008 1.8943
1.57031e-008 1.89023
1.59031e-008 1.88349
1.61031e-008 1.87843
1.63031e-008 1.87846
1.65031e-008 1.88038
1.67031e-008 1.88059
1.69031e-008 1.87888
1.71031e-008 1.87445
1.73031e-008 1.86592
1.75031e-008 1.85717
1.77031e-008 1.85411
1.79031e-008 1.85625
1.81031e-008 1.85673
1.83031e-008 1.8503
1.85031e-008 1.84197
1.87031e-008 1.84091
1.89031e-008 1.84691
1.91031e-008 1.85238
1.93031e-008 1.85204
1.95031e-008 1.84713
1.97031e-008 1.84109
1.99031e-008 1.83588
2.01031e-008 1.83394
2.03031e-008 1.83553
2.05031e-008 1.83797
2.07031e-008 1.83818
2.09031e-008 1.83414
2.11031e-008 1.83002
2.13031e-008 1.83062
2.15031e-008 1.83247
2.17031e-008 1.83222
2.19031e-008 1.83065
2.21031e-008 1.82645
2.23031e-008 1.82092
2.25031e-008 1.81941
2.27031e-008 1.82268
2.29031e-008 1.82609
2.31031e-008 1.82494
2.33031e-008 1.8204
2.35031e-008 1.81854
2.37031e-008 1.82088
2.39031e-008 1.82195
2.41031e-008 1.81814
2.43031e-008 1.81432
2.45031e-008 1.8147
2.47031e-008 1.81746
2.49031e-008 1.8217
2.51031e-008 1.82435
2.53031e-008 1.8219
2.55031e-008 1.81722
2.57031e-008 1.8125
2.59031e-008 1.80731
2.61031e-008 1.80301
2.63031e-008 1.79971
2.65031e-008 1.79943
2.67031e-008 1.80503
2.69031e-008 1.81106
2.71031e-008 1.81136
2.73031e-008 1.80972
2.75031e-008 1.81032
2.77031e-008 1.80924
2.79031e-008 1.80585
2.81031e-008 1.80484
2.83031e-008 1.80486
2.85031e-008 1.8035
2.87031e-008 1.80162
2.89031e-008 1.79984
2.91031e-008 1.79985
2.93031e-008 1.80263
2.95031e-008 1.80544
2.97031e-008 1.80485
2.99031e-008 1.80017
3.01031e-008 1.79613
3.03031e-008 1.79642
3.05031e-008 1.79512
3.07031e-008 1.79144
3.09031e-008 1.79556
3.11031e-008 1.80482
3.13031e-008 1.80668
3.15031e-008 1.8038
3.17031e-008 1.80324
3.19031e-008 1.8017
3.21031e-008 1.79992
3.23031e-008 1.80203
3.25031e-008 1.80499
3.27031e-008 1.80574
3.29031e-008 1.80362
3.31031e-008 1.79998
3.33031e-008 1.79953
3.35031e-008 1.8009
3.37031e-008 1.79924
3.39031e-008 1.79679
3.41031e-008 1.79659
3.43031e-008 1.79818
3.45031e-008 1.79954
3.47031e-008 1.79752
3.49031e-008 1.7931
3.51031e-008 1.79181
3.53031e-008 1.79619
3.55031e-008 1.8013
3.57031e-008 1.80061
3.59031e-008 1.7951
3.61031e-008 1.79197
3.63031e-008 1.79316
3.65031e-008 1.7918
3.67031e-008 1.78726
3.69031e-008 1.78676
3.71031e-008 1.79203
3.73031e-008 1.79851
3.75031e-008 1.79936
3.77031e-008 1.7931
3.79031e-008 1.78811
3.81031e-008 1.78978
3.83031e-008 1.79307
3.85031e-008 1.79562
3.87031e-008 1.8008
3.89031e-008 1.80395
3.91031e-008 1.79941
3.93031e-008 1.7936
3.95031e-008 1.79252
3.97031e-008 1.79304
3.99031e-008 1.79288
4.01031e-008 1.79342
4.03031e-008 1.79341
4.05031e-008 1.79156
4.07031e-008 1.79067
4.09031e-008 1.79213
4.11031e-008 1.79317
4.13031e-008 1.79161
4.15031e-008 1.78801
4.17031e-008 1.786
4.19031e-008 1.78957
4.21031e-008 1.79551
4.23031e-008 1.79619
4.25031e-008 1.79111
4.27031e-008 1.78738
4.29031e-008 1.78934
4.31031e-008 1.79285
4.33031e-008 1.79405
