-2.29163e-008 10.061
-2.27163e-008 9.98885
-2.25163e-008 9.92498
-2.23163e-008 9.93982
-2.21163e-008 9.98781
-2.19163e-008 9.99679
-2.17163e-008 10.0265
-2.15163e-008 10.1114
-2.13163e-008 10.1629
-2.11163e-008 10.1508
-2.09163e-008 10.0976
-2.07163e-008 10.0199
-2.05163e-008 10.0013
-2.03163e-008 10.0652
-2.01163e-008 10.1024
-1.99163e-008 10.0586
-1.97163e-008 9.97746
-1.95163e-008 9.91186
-1.93163e-008 9.91772
-1.91163e-008 9.98436
-1.89163e-008 10.0251
-1.87163e-008 10.0151
-1.85163e-008 10.0424
-1.83163e-008 10.166
-1.81163e-008 10.2312
-1.79163e-008 10.1004
-1.77163e-008 9.94811
-1.75163e-008 9.9671
-1.73163e-008 10.0686
-1.71163e-008 10.0917
-1.69163e-008 10.0852
-1.67163e-008 10.1214
-1.65163e-008 10.0935
-1.63163e-008 9.98333
-1.61163e-008 9.93464
-1.59163e-008 9.98989
-1.57163e-008 10.0558
-1.55163e-008 10.0569
-1.53163e-008 10.0023
-1.51163e-008 9.9633
-1.49163e-008 10.0027
-1.47163e-008 10.0831
-1.45163e-008 10.1173
-1.43163e-008 10.1118
-1.41163e-008 10.1218
-1.39163e-008 10.1176
-1.37163e-008 10.0793
-1.35163e-008 10.09
-1.33163e-008 10.1729
-1.31163e-008 10.2074
-1.29163e-008 10.0803
-1.27163e-008 9.89563
-1.25163e-008 9.8245
-1.23163e-008 9.83072
-1.21163e-008 9.88561
-1.19163e-008 10.0306
-1.17163e-008 10.1156
-1.15163e-008 10.0065
-1.13163e-008 9.89908
-1.11163e-008 9.94776
-1.09163e-008 9.98954
-1.07163e-008 9.96088
-1.05163e-008 9.99196
-1.03163e-008 10.0907
-1.01163e-008 10.1563
-9.91633e-009 10.1984
-9.71633e-009 10.2903
-9.51633e-009 10.3524
-9.31633e-009 10.2765
-9.11633e-009 10.1432
-8.91633e-009 10.0942
-8.71633e-009 10.0797
-8.51633e-009 10.0013
-8.31633e-009 9.93395
-8.11633e-009 9.92808
-7.91633e-009 9.93706
-7.71633e-009 9.95122
-7.51633e-009 9.9633
-7.31633e-009 9.96296
-7.11633e-009 9.94776
-6.91633e-009 9.94293
-6.71633e-009 10.0016
-6.51633e-009 10.0665
-6.31633e-009 10.013
-6.11633e-009 9.89632
-5.91633e-009 9.87767
-5.71633e-009 9.94466
-5.51633e-009 10.0037
-5.31633e-009 10.0427
-5.11633e-009 10.0586
-4.91633e-009 10.0627
-4.71633e-009 10.1031
-4.51633e-009 10.138
-4.31633e-009 10.0372
-4.11633e-009 9.84936
-3.91633e-009 9.74578
-3.71633e-009 9.76442
-3.51633e-009 9.87905
-3.31633e-009 9.99576
-3.11633e-009 10.0275
-2.91633e-009 10.0213
-2.71633e-009 10.0006
-2.51633e-009 9.96399
-2.31633e-009 9.94776
-2.11633e-009 9.98747
-1.91633e-009 10.0279
-1.71633e-009 9.83037
-1.51633e-009 9.21441
-1.31633e-009 8.20242
-1.11633e-009 6.8714
-9.16325e-010 5.41954
-7.16325e-010 4.17105
-5.16325e-010 3.23398
-3.16325e-010 2.49027
-1.16325e-010 2.00033
8.36748e-011 1.81043
2.83675e-010 1.68165
4.83675e-010 1.57047
6.83675e-010 1.58394
8.83675e-010 1.53767
1.08367e-009 1.34984
1.28367e-009 1.24764
1.48367e-009 1.30116
1.68367e-009 1.36193
1.88367e-009 1.39266
2.08367e-009 1.42649
2.28367e-009 1.37436
2.48367e-009 1.2687
2.68367e-009 1.27388
2.88367e-009 1.34535
3.08367e-009 1.35399
3.28367e-009 1.2763
3.48367e-009 1.20517
3.68367e-009 1.26387
3.88367e-009 1.36193
4.08367e-009 1.37228
4.28367e-009 1.35295
4.48367e-009 1.3236
4.68367e-009 1.29909
4.88367e-009 1.35537
5.08367e-009 1.42615
5.28367e-009 1.4296
5.48367e-009 1.43927
5.68367e-009 1.46551
5.88367e-009 1.42753
6.08367e-009 1.38333
6.28367e-009 1.38264
6.48367e-009 1.40854
6.68367e-009 1.47069
6.88367e-009 1.42822
7.08367e-009 1.23901
7.28367e-009 1.14751
7.48367e-009 1.19447
7.68367e-009 1.20517
7.88367e-009 1.15615
8.08367e-009 1.13681
8.28367e-009 1.20276
8.48367e-009 1.25282
8.68367e-009 1.15822
8.88367e-009 1.04393
9.08367e-009 1.08433
9.28367e-009 1.21312
9.48367e-009 1.27216
9.68367e-009 1.2031
9.88367e-009 1.07466
1.00837e-008 1.03565
1.02837e-008 1.14303
1.04837e-008 1.24488
1.06837e-008 1.2069
1.08837e-008 1.13819
1.10837e-008 1.15338
1.12837e-008 1.17168
1.14837e-008 1.15925
1.16837e-008 1.17065
1.18837e-008 1.16858
1.20837e-008 1.15269
1.22837e-008 1.15891
1.24837e-008 1.13439
1.26837e-008 1.0902
1.28837e-008 1.09503
1.30837e-008 1.123
1.32837e-008 1.12956
1.34837e-008 1.12162
1.36837e-008 1.12852
1.38837e-008 1.18826
1.40837e-008 1.26076
1.42837e-008 1.23141
1.44837e-008 1.10953
1.46837e-008 1.00423
1.48837e-008 1.01113
1.50837e-008 1.12473
1.52837e-008 1.17962
1.54837e-008 1.12473
1.56837e-008 1.11126
1.58837e-008 1.16098
1.60837e-008 1.14855
1.62837e-008 1.08226
1.64837e-008 1.03254
1.66837e-008 1.00664
1.68837e-008 1.0246
1.70837e-008 1.08226
1.72837e-008 1.17099
1.74837e-008 1.27941
1.76837e-008 1.28631
1.78837e-008 1.16478
1.80837e-008 1.12369
1.82837e-008 1.26318
1.84837e-008 1.37712
1.86837e-008 1.29874
1.88837e-008 1.14751
1.90837e-008 1.11644
1.92837e-008 1.22382
1.94837e-008 1.30012
1.96837e-008 1.24281
1.98837e-008 1.13301
2.00837e-008 1.07501
2.02837e-008 1.10401
2.04837e-008 1.17514
2.06837e-008 1.19827
2.08837e-008 1.1268
2.10837e-008 1.05222
2.12837e-008 1.0315
2.14837e-008 0.972807
2.16837e-008 0.946912
2.18837e-008 1.07846
2.20837e-008 1.24074
2.22837e-008 1.29149
2.24837e-008 1.26491
2.26837e-008 1.20966
2.28837e-008 1.10401
2.30837e-008 0.999393
2.32837e-008 1.01079
2.34837e-008 1.12611
2.36837e-008 1.21277
2.38837e-008 1.17928
2.40837e-008 1.08537
2.42837e-008 1.046
2.44837e-008 1.07639
2.46837e-008 1.10919
2.48837e-008 1.07535
2.50837e-008 0.998357
2.52837e-008 0.952436
2.54837e-008 0.952436
2.56837e-008 0.98869
2.58837e-008 1.02149
2.60837e-008 1.04152
2.62837e-008 1.09193
2.64837e-008 1.08157
2.66837e-008 0.962104
2.68837e-008 0.915147
2.70837e-008 0.974879
2.72837e-008 0.998012
