-2.480384e-007 10.0579
-2.478384e-007 9.95191
-2.476384e-007 9.93671
-2.474384e-007 10.0009
-2.472384e-007 10.0579
-2.470384e-007 10.0973
-2.468384e-007 10.0375
-2.466384e-007 9.90633
-2.464384e-007 9.89494
-2.462384e-007 10.0134
-2.460384e-007 10.0759
-2.458384e-007 10.0324
-2.456384e-007 10.0089
-2.454384e-007 10.0624
-2.452384e-007 10.0883
-2.450384e-007 9.98954
-2.448384e-007 9.84971
-2.446384e-007 9.85972
-2.444384e-007 9.97677
-2.442384e-007 10.0089
-2.440384e-007 10.0213
-2.438384e-007 10.0503
-2.436384e-007 9.98056
-2.434384e-007 9.92428
-2.432384e-007 10.0078
-2.430384e-007 10.1093
-2.428384e-007 10.1232
-2.426384e-007 10.0824
-2.424384e-007 10.023
-2.422384e-007 9.9526
-2.420384e-007 9.93741
-2.418384e-007 10.0324
-2.416384e-007 10.1339
-2.414384e-007 10.1339
-2.412384e-007 10.1107
-2.410384e-007 10.1497
-2.408384e-007 10.1936
-2.406384e-007 10.2046
-2.404384e-007 10.1718
-2.402384e-007 10.0489
-2.400384e-007 9.94224
-2.398384e-007 10.0037
-2.396384e-007 10.1145
-2.394384e-007 10.1377
-2.392384e-007 10.1618
-2.390384e-007 10.1763
-2.388384e-007 10.1076
-2.386384e-007 10.0469
-2.384384e-007 10.0296
-2.382384e-007 9.9999
-2.380384e-007 9.92843
-2.378384e-007 9.82692
-2.376384e-007 9.7734
-2.374384e-007 9.84384
-2.372384e-007 9.99368
-2.370384e-007 10.0835
-2.368384e-007 10.0731
-2.366384e-007 10.0413
-2.364384e-007 10.0372
-2.362384e-007 10.0362
-2.360384e-007 10.0254
-2.358384e-007 10.0437
-2.356384e-007 10.032
-2.354384e-007 9.8901
-2.352384e-007 9.7696
-2.350384e-007 9.85558
-2.348384e-007 10.012
-2.346384e-007 10.0417
-2.344384e-007 9.97608
-2.342384e-007 9.93637
-2.340384e-007 9.94776
-2.338384e-007 9.99679
-2.336384e-007 10.0738
-2.334384e-007 10.1156
-2.332384e-007 10.1145
-2.330384e-007 10.1011
-2.328384e-007 10.0658
-2.326384e-007 10.0365
-2.324384e-007 10.0061
-2.322384e-007 9.95053
-2.320384e-007 9.9526
-2.318384e-007 10.0161
-2.316384e-007 10.0572
-2.314384e-007 10.0921
-2.312384e-007 10.1021
-2.310384e-007 10.0396
-2.308384e-007 9.98264
-2.306384e-007 9.99714
-2.304384e-007 10.0645
-2.302384e-007 10.0914
-2.300384e-007 9.98954
-2.298384e-007 9.89217
-2.296384e-007 9.96192
-2.294384e-007 10.0945
-2.292384e-007 10.1446
-2.290384e-007 10.1266
-2.288384e-007 10.0738
-2.286384e-007 10.031
-2.284384e-007 10.0565
-2.282384e-007 10.0686
-2.280384e-007 10.0075
-2.278384e-007 9.99368
-2.276384e-007 10.0441
-2.274384e-007 10.0213
-2.272384e-007 9.93982
-2.270384e-007 9.88907
-2.268384e-007 9.85661
-2.266384e-007 9.8832
-2.264384e-007 9.93533
-2.262384e-007 9.89908
-2.260384e-007 9.86835
-2.258384e-007 9.9488
-2.256384e-007 10.0959
-2.254384e-007 10.2143
-2.252384e-007 10.1936
-2.250384e-007 10.0496
-2.248384e-007 9.92394
-2.246384e-007 9.91082
-2.244384e-007 10.0127
-2.242384e-007 10.1359
-2.240384e-007 10.1629
-2.238384e-007 10.0976
-2.236384e-007 10.0365
-2.234384e-007 10.04
-2.232384e-007 10.0835
-2.230384e-007 10.1276
-2.228384e-007 10.1601
-2.226384e-007 10.1346
-2.224384e-007 10.0828
-2.222384e-007 10.0752
-2.220384e-007 10.069
-2.218384e-007 10.0679
-2.216384e-007 10.1021
-2.214384e-007 10.1252
-2.212384e-007 10.0986
-2.210384e-007 9.99507
-2.208384e-007 9.89321
-2.206384e-007 9.90599
-2.204384e-007 9.95501
-2.202384e-007 9.96399
-2.200384e-007 9.98264
-2.198384e-007 9.99783
-2.196384e-007 9.97504
-2.194384e-007 9.98402
-2.192384e-007 10.0614
-2.190384e-007 10.0841
-2.188384e-007 10.0096
-2.186384e-007 9.98885
-2.184384e-007 10.0531
-2.182384e-007 10.0479
-2.180384e-007 9.95639
-2.178384e-007 9.91807
-2.176384e-007 9.93775
-2.174384e-007 9.9122
-2.172384e-007 9.85109
-2.170384e-007 9.88389
-2.168384e-007 10.0037
-2.166384e-007 10.0641
-2.164384e-007 10.0641
-2.162384e-007 10.0569
-2.160384e-007 10.0127
-2.158384e-007 9.95639
-2.156384e-007 9.9526
-2.154384e-007 9.9816
-2.152384e-007 9.99092
-2.150384e-007 10.0165
-2.148384e-007 10.0772
-2.146384e-007 10.1
-2.144384e-007 10.0431
-2.142384e-007 9.97331
-2.140384e-007 9.9816
-2.138384e-007 10.0406
-2.136384e-007 10.0558
-2.134384e-007 10.0071
-2.132384e-007 9.94293
-2.130384e-007 9.88458
-2.128384e-007 9.86455
-2.126384e-007 9.95294
-2.124384e-007 10.0765
-2.122384e-007 10.0862
-2.120384e-007 10.0365
-2.118384e-007 10.0631
-2.116384e-007 10.0911
-2.114384e-007 10.002
-2.112384e-007 9.91842
-2.110384e-007 9.94466
-2.108384e-007 9.9595
-2.106384e-007 9.90875
-2.104384e-007 9.9084
-2.102384e-007 9.9709
-2.100384e-007 9.98022
-2.098384e-007 9.94949
-2.096384e-007 10.003
-2.094384e-007 10.0983
-2.092384e-007 10.0783
-2.090384e-007 9.97262
-2.088384e-007 9.91393
-2.086384e-007 9.90978
-2.084384e-007 9.91531
-2.082384e-007 9.94983
-2.080384e-007 10.0683
-2.078384e-007 10.1953
-2.076384e-007 10.1642
-2.074384e-007 10.0455
-2.072384e-007 10.0417
-2.070384e-007 10.1156
-2.068384e-007 10.1384
-2.066384e-007 10.1194
-2.064384e-007 10.0631
-2.062384e-007 9.98609
-2.060384e-007 9.97918
-2.058384e-007 10.0469
-2.056384e-007 10.1138
-2.054384e-007 10.1339
-2.052384e-007 10.1076
-2.050384e-007 10.0717
-2.048384e-007 10.0258
-2.046384e-007 9.98954
-2.044384e-007 10.0472
-2.042384e-007 10.1442
-2.040384e-007 10.1121
-2.038384e-007 9.95812
-2.036384e-007 9.85454
-2.034384e-007 9.91738
-2.032384e-007 10.07
-2.030384e-007 10.0748
-2.028384e-007 9.89183
-2.026384e-007 9.83175
-2.024384e-007 9.98712
-2.022384e-007 10.0458
-2.020384e-007 9.94224
-2.018384e-007 9.92256
-2.016384e-007 10.0317
-2.014384e-007 10.0952
-2.012384e-007 10.033
-2.010384e-007 9.92636
-2.008384e-007 9.87077
-2.006384e-007 9.93188
-2.004384e-007 10.0683
-2.002384e-007 10.1349
-2.000384e-007 10.1428
-1.998384e-007 10.1912
-1.996384e-007 10.1853
-1.994384e-007 10.0569
-1.992384e-007 9.98333
-1.990384e-007 10.0372
-1.988384e-007 10.0458
-1.986384e-007 9.93948
-1.984384e-007 9.8687
-1.982384e-007 9.92705
-1.980384e-007 10.0348
-1.978384e-007 10.1142
-1.976384e-007 10.1259
-1.974384e-007 10.0828
-1.972384e-007 10.0876
-1.970384e-007 10.1712
-1.968384e-007 10.2402
-1.966384e-007 10.2229
-1.964384e-007 10.1401
-1.962384e-007 10.0762
-1.960384e-007 10.062
-1.958384e-007 10.0558
-1.956384e-007 10.0134
-1.954384e-007 9.89148
-1.952384e-007 9.7665
-1.950384e-007 9.78825
-1.948384e-007 9.90288
-1.946384e-007 9.9305
-1.944384e-007 9.87698
-1.942384e-007 9.90668
-1.940384e-007 10.0244
-1.938384e-007 10.0966
-1.936384e-007 10.09
-1.934384e-007 10.0437
-1.932384e-007 10.0106
-1.930384e-007 10.0265
-1.928384e-007 10.0538
-1.926384e-007 10.0779
-1.924384e-007 10.0986
-1.922384e-007 10.0327
-1.920384e-007 9.92636
-1.918384e-007 9.99092
-1.916384e-007 10.1698
-1.914384e-007 10.2046
-1.912384e-007 10.11
-1.910384e-007 10.0593
-1.908384e-007 10.0776
-1.906384e-007 10.0993
-1.904384e-007 10.1204
-1.902384e-007 10.1529
-1.900384e-007 10.1245
-1.898384e-007 10.0054
-1.896384e-007 9.92118
-1.894384e-007 9.95639
-1.892384e-007 9.98436
-1.890384e-007 9.93499
-1.888384e-007 9.97435
-1.886384e-007 10.1049
-1.884384e-007 10.0904
-1.882384e-007 9.97366
-1.880384e-007 9.97538
-1.878384e-007 10.051
-1.876384e-007 10.0728
-1.874384e-007 10.031
-1.872384e-007 9.97815
-1.870384e-007 9.99783
-1.868384e-007 10.0334
-1.866384e-007 9.93844
-1.864384e-007 9.82795
-1.862384e-007 9.89114
-1.860384e-007 10.0047
-1.858384e-007 10.0172
-1.856384e-007 9.98229
-1.854384e-007 9.94742
-1.852384e-007 9.90495
-1.850384e-007 9.89079
-1.848384e-007 9.95501
-1.846384e-007 10.0355
-1.844384e-007 10.061
-1.842384e-007 10.0427
-1.840384e-007 9.97504
-1.838384e-007 9.93741
-1.836384e-007 10.003
-1.834384e-007 10.081
-1.832384e-007 10.1156
-1.830384e-007 10.1228
-1.828384e-007 10.0717
-1.826384e-007 9.99783
-1.824384e-007 10.0241
-1.822384e-007 10.1018
-1.820384e-007 10.0624
-1.818384e-007 9.93395
-1.816384e-007 9.91738
-1.814384e-007 10.0662
-1.812384e-007 10.2178
-1.810384e-007 10.2589
-1.808384e-007 10.2226
-1.806384e-007 10.1891
-1.804384e-007 10.1701
-1.802384e-007 10.0765
-1.800384e-007 9.97366
-1.798384e-007 10.0372
-1.796384e-007 10.1373
-1.794384e-007 10.0582
-1.792384e-007 9.89804
-1.790384e-007 9.85316
-1.788384e-007 9.96986
-1.786384e-007 10.1194
-1.784384e-007 10.1056
-1.782384e-007 9.96261
-1.780384e-007 9.93395
-1.778384e-007 10.0848
-1.776384e-007 10.2519
-1.774384e-007 10.2865
-1.772384e-007 10.1877
-1.770384e-007 10.0807
-1.768384e-007 10.0593
-1.766384e-007 10.0876
-1.764384e-007 10.1128
-1.762384e-007 10.0886
-1.760384e-007 9.98471
-1.758384e-007 9.94742
-1.756384e-007 10.0807
-1.754384e-007 10.1698
-1.752384e-007 10.0745
-1.750384e-007 9.95881
-1.748384e-007 9.92359
-1.746384e-007 9.95087
-1.744384e-007 10.0237
-1.742384e-007 10.0596
-1.740384e-007 10.0137
-1.738384e-007 9.95432
-1.736384e-007 9.97366
-1.734384e-007 10.0765
-1.732384e-007 10.1363
-1.730384e-007 10.0869
-1.728384e-007 10.0734
-1.726384e-007 10.1756
-1.724384e-007 10.2582
-1.722384e-007 10.2381
-1.720384e-007 10.1604
-1.718384e-007 10.0786
-1.716384e-007 10.0341
-1.714384e-007 10.0351
-1.712384e-007 10.0382
-1.710384e-007 10.0375
-1.708384e-007 10.0362
-1.706384e-007 9.9923
-1.704384e-007 9.96675
-1.702384e-007 9.98505
-1.700384e-007 9.93361
-1.698384e-007 9.88665
-1.696384e-007 10.0096
-1.694384e-007 10.1114
-1.692384e-007 9.95812
-1.690384e-007 9.8176
-1.688384e-007 9.94811
-1.686384e-007 10.1052
-1.684384e-007 10.0634
-1.682384e-007 9.97435
-1.680384e-007 10.0075
-1.678384e-007 10.0717
-1.676384e-007 10.0572
-1.674384e-007 10.0517
-1.672384e-007 10.1118
-1.670384e-007 10.1121
-1.668384e-007 10.003
-1.666384e-007 9.9671
-1.664384e-007 10.0489
-1.662384e-007 10.0434
-1.660384e-007 9.93395
-1.658384e-007 9.86801
-1.656384e-007 9.88492
-1.654384e-007 9.94431
-1.652384e-007 9.9671
-1.650384e-007 9.93223
-1.648384e-007 9.91358
-1.646384e-007 9.95363
-1.644384e-007 10.0165
-1.642384e-007 10.0776
-1.640384e-007 10.1535
-1.638384e-007 10.2029
-1.636384e-007 10.1401
-1.634384e-007 9.99334
-1.632384e-007 9.89114
-1.630384e-007 9.91807
-1.628384e-007 9.98194
-1.626384e-007 9.92532
-1.624384e-007 9.86145
-1.622384e-007 9.90564
-1.620384e-007 9.94258
-1.618384e-007 10.0134
-1.616384e-007 10.2005
-1.614384e-007 10.3165
-1.612384e-007 10.2254
-1.610384e-007 10.0703
-1.608384e-007 9.99921
-1.606384e-007 10.0172
-1.604384e-007 10.0555
-1.602384e-007 10.0379
-1.600384e-007 10.0075
-1.598384e-007 10.0158
-1.596384e-007 10.0289
-1.594384e-007 10.0624
-1.592384e-007 10.1021
-1.590384e-007 10.0603
-1.588384e-007 9.98885
-1.586384e-007 9.99161
-1.584384e-007 10.0065
-1.582384e-007 9.98643
-1.580384e-007 9.9633
-1.578384e-007 9.9305
-1.576384e-007 9.9267
-1.574384e-007 9.98056
-1.572384e-007 10.0427
-1.570384e-007 10.0993
-1.568384e-007 10.1194
-1.566384e-007 10.0534
-1.564384e-007 9.97055
-1.562384e-007 9.97746
-1.560384e-007 10.0624
-1.558384e-007 10.1632
-1.556384e-007 10.1888
-1.554384e-007 10.0876
-1.552384e-007 9.99161
-1.550384e-007 9.97469
-1.548384e-007 9.94569
-1.546384e-007 9.91738
-1.544384e-007 9.92808
-1.542384e-007 9.94155
-1.540384e-007 9.96296
-1.538384e-007 10.0206
-1.536384e-007 10.0765
-1.534384e-007 10.032
-1.532384e-007 9.89977
-1.530384e-007 9.83935
-1.528384e-007 9.89804
-1.526384e-007 9.95812
-1.524384e-007 9.94431
-1.522384e-007 9.93084
-1.520384e-007 9.93292
-1.518384e-007 9.88354
-1.516384e-007 9.88734
-1.514384e-007 9.99368
-1.512384e-007 10.0603
-1.510384e-007 10.0665
-1.508384e-007 10.0696
-1.506384e-007 10.0486
-1.504384e-007 9.98609
-1.502384e-007 9.91738
-1.500384e-007 9.916
-1.498384e-007 9.99299
-1.496384e-007 10.0617
-1.494384e-007 10.0572
-1.492384e-007 10.033
-1.490384e-007 10.0831
-1.488384e-007 10.1636
-1.486384e-007 10.1615
-1.484384e-007 10.0786
-1.482384e-007 10.0313
-1.480384e-007 10.089
-1.478384e-007 10.1014
-1.476384e-007 9.98505
-1.474384e-007 9.89873
-1.472384e-007 9.92256
-1.470384e-007 10.013
-1.468384e-007 10.0655
-1.466384e-007 9.97504
-1.464384e-007 9.85109
-1.462384e-007 9.8977
-1.460384e-007 10.0869
-1.458384e-007 10.2295
-1.456384e-007 10.244
-1.454384e-007 10.1812
-1.452384e-007 10.1152
-1.450384e-007 10.0831
-1.448384e-007 10.0938
-1.446384e-007 10.1401
-1.444384e-007 10.1836
-1.442384e-007 10.1715
-1.440384e-007 10.109
-1.438384e-007 10.0607
-1.436384e-007 10.012
-1.434384e-007 9.945
-1.432384e-007 9.96019
-1.430384e-007 10.0534
-1.428384e-007 10.0672
-1.426384e-007 10.0058
-1.424384e-007 9.99334
-1.422384e-007 10.012
-1.420384e-007 10.021
-1.418384e-007 10.0168
-1.416384e-007 9.98022
-1.414384e-007 9.96917
-1.412384e-007 10.0658
-1.410384e-007 10.2223
-1.408384e-007 10.273
-1.406384e-007 10.1604
-1.404384e-007 10.021
-1.402384e-007 9.94983
-1.400384e-007 9.91807
-1.398384e-007 9.95053
-1.396384e-007 10.069
-1.394384e-007 10.108
-1.392384e-007 9.97021
-1.390384e-007 9.84694
-1.388384e-007 9.85558
-1.386384e-007 9.88838
-1.384384e-007 9.88147
-1.382384e-007 9.86766
-1.380384e-007 9.86628
-1.378384e-007 9.87077
-1.376384e-007 9.8832
-1.374384e-007 9.94051
-1.372384e-007 10.0213
-1.370384e-007 10.0068
-1.368384e-007 9.90875
-1.366384e-007 9.9046
-1.364384e-007 10.0037
-1.362384e-007 10.0475
-1.360384e-007 10.0261
-1.358384e-007 10.0279
-1.356384e-007 10.0593
-1.354384e-007 10.0907
-1.352384e-007 10.0904
-1.350384e-007 10.0362
-1.348384e-007 9.94224
-1.346384e-007 9.89666
-1.344384e-007 9.97884
-1.342384e-007 10.0862
-1.340384e-007 10.0921
-1.338384e-007 10.0358
-1.336384e-007 10.0068
-1.334384e-007 10.05
-1.332384e-007 10.1394
-1.330384e-007 10.197
-1.328384e-007 10.175
-1.326384e-007 10.0835
-1.324384e-007 9.98574
-1.322384e-007 9.92981
-1.320384e-007 9.92152
-1.318384e-007 9.94673
-1.316384e-007 9.96779
-1.314384e-007 9.98712
-1.312384e-007 10.0306
-1.310384e-007 10.0393
-1.308384e-007 9.97262
-1.306384e-007 9.91496
-1.304384e-007 9.9526
-1.302384e-007 10.0389
-1.300384e-007 10.0641
-1.298384e-007 10.0317
-1.296384e-007 10.0793
-1.294384e-007 10.2395
-1.292384e-007 10.2982
-1.290384e-007 10.1632
-1.288384e-007 10.0569
-1.286384e-007 10.0821
-1.284384e-007 10.1035
-1.282384e-007 10.0545
-1.280384e-007 9.98712
-1.278384e-007 9.94949
-1.276384e-007 9.9488
-1.274384e-007 9.9709
-1.272384e-007 10.0213
-1.270384e-007 10.0413
-1.268384e-007 9.97608
-1.266384e-007 9.94811
-1.264384e-007 9.99541
-1.262384e-007 9.99817
-1.260384e-007 9.94811
-1.258384e-007 9.93154
-1.256384e-007 9.98747
-1.254384e-007 10.0658
-1.252384e-007 10.1049
-1.250384e-007 10.0586
-1.248384e-007 9.97642
-1.246384e-007 10.0206
-1.244384e-007 10.1301
-1.242384e-007 10.1163
-1.240384e-007 10.0513
-1.238384e-007 10.0482
-1.236384e-007 10.0596
-1.234384e-007 10.0624
-1.232384e-007 10.081
-1.230384e-007 10.1087
-1.228384e-007 10.1114
-1.226384e-007 10.0486
-1.224384e-007 9.99368
-1.222384e-007 10.0417
-1.220384e-007 10.0762
-1.218384e-007 9.9923
-1.216384e-007 9.89804
-1.214384e-007 9.87526
-1.212384e-007 9.86628
-1.210384e-007 9.8466
-1.208384e-007 9.86421
-1.206384e-007 9.92083
-1.204384e-007 9.98781
-1.202384e-007 10.0344
-1.200384e-007 10.0389
-1.198384e-007 10.0365
-1.196384e-007 10.0355
-1.194384e-007 10.0362
-1.192384e-007 10.0696
-1.190384e-007 10.0917
-1.188384e-007 10.0652
-1.186384e-007 10.0493
-1.184384e-007 10.0431
-1.182384e-007 9.94776
-1.180384e-007 9.81863
-1.178384e-007 9.85178
-1.176384e-007 10.0603
-1.174384e-007 10.2361
-1.172384e-007 10.1891
-1.170384e-007 9.98436
-1.168384e-007 9.88216
-1.166384e-007 9.9526
-1.164384e-007 10.0075
-1.162384e-007 9.97573
-1.160384e-007 9.99058
-1.158384e-007 10.0527
-1.156384e-007 10.0351
-1.154384e-007 9.95225
-1.152384e-007 9.89943
-1.150384e-007 9.92152
-1.148384e-007 10.0006
-1.146384e-007 10.0507
-1.144384e-007 10.0182
-1.142384e-007 9.93671
-1.140384e-007 9.87836
-1.138384e-007 9.90875
-1.136384e-007 9.98125
-1.134384e-007 10.0154
-1.132384e-007 10.0562
-1.130384e-007 10.1145
-1.128384e-007 10.1321
-1.126384e-007 10.1397
-1.124384e-007 10.1491
-1.122384e-007 10.128
-1.120384e-007 10.1176
-1.118384e-007 10.1221
-1.116384e-007 10.0831
-1.114384e-007 9.98022
-1.112384e-007 9.88285
-1.110384e-007 9.89632
-1.108384e-007 9.98781
-1.106384e-007 10.0006
-1.104384e-007 9.90633
-1.102384e-007 9.87215
-1.100384e-007 9.97159
-1.098384e-007 10.0807
-1.096384e-007 10.0921
-1.094384e-007 10.0265
-1.092384e-007 10.0141
-1.090384e-007 10.1104
-1.088384e-007 10.1898
-1.086384e-007 10.1819
-1.084384e-007 10.1314
-1.082384e-007 10.0213
-1.080384e-007 9.89217
-1.078384e-007 9.84246
-1.076384e-007 9.85799
-1.074384e-007 9.92083
-1.072384e-007 9.97918
-1.070384e-007 9.92221
-1.068384e-007 9.77444
-1.066384e-007 9.71298
-1.064384e-007 9.85316
-1.062384e-007 10.0282
-1.060384e-007 10.0248
-1.058384e-007 9.93154
-1.056384e-007 9.93879
-1.054384e-007 10.0189
-1.052384e-007 10.0082
-1.050384e-007 9.91013
-1.048384e-007 9.89356
-1.046384e-007 10.0106
-1.044384e-007 10.1411
-1.042384e-007 10.1649
-1.040384e-007 10.0745
-1.038384e-007 9.96261
-1.036384e-007 9.93568
-1.034384e-007 9.96434
-1.032384e-007 9.94776
-1.030384e-007 9.9198
-1.028384e-007 9.97159
-1.026384e-007 10.0973
-1.024384e-007 10.1646
-1.022384e-007 10.0565
-1.020384e-007 9.88941
-1.018384e-007 9.88423
-1.016384e-007 10.0165
-1.014384e-007 10.0803
-1.012384e-007 10.0324
-1.010384e-007 9.99645
-1.008384e-007 10.0147
-1.006384e-007 10.0324
-1.004384e-007 10.0745
-1.002384e-007 10.1594
-1.000384e-007 10.1739
-9.983845e-008 10.0296
-9.963845e-008 9.84625
-9.943845e-008 9.8359
-9.923845e-008 9.96019
-9.903845e-008 10.0227
-9.883845e-008 10.0096
-9.863845e-008 9.96434
-9.843845e-008 9.8901
-9.823845e-008 9.86973
-9.803845e-008 9.93188
-9.783845e-008 9.98022
-9.763845e-008 10.0172
-9.743845e-008 10.1014
-9.723845e-008 10.1297
-9.703845e-008 10.0444
-9.683845e-008 9.95294
-9.663845e-008 9.92049
-9.643845e-008 9.97262
-9.623845e-008 10.0869
-9.603845e-008 10.128
-9.583845e-008 10.0368
-9.563845e-008 9.99403
-9.543845e-008 10.1228
-9.523845e-008 10.2454
-9.503845e-008 10.196
-9.483845e-008 10.04
-9.463845e-008 9.96434
-9.443845e-008 10.0372
-9.423845e-008 10.0959
-9.403845e-008 10.0434
-9.383845e-008 9.95191
-9.363845e-008 9.85385
-9.343845e-008 9.83003
-9.323845e-008 9.97435
-9.303845e-008 10.1501
-9.283845e-008 10.2115
-9.263845e-008 10.2281
-9.243845e-008 10.2388
-9.223845e-008 10.1729
-9.203845e-008 10.0707
-9.183845e-008 10.0486
-9.163845e-008 10.0545
-9.143845e-008 9.99576
-9.123845e-008 9.95087
-9.103845e-008 9.98954
-9.083845e-008 10.061
-9.063845e-008 10.1031
-9.043845e-008 10.0817
-9.023845e-008 10.0179
-9.003845e-008 9.99368
-8.983845e-008 10.0299
-8.963845e-008 10.06
-8.943845e-008 10.0237
-8.923845e-008 9.94707
-8.903845e-008 9.96744
-8.883845e-008 10.0883
-8.863845e-008 10.1204
-8.843845e-008 9.98989
-8.823845e-008 9.82795
-8.803845e-008 9.82036
-8.783845e-008 9.94914
-8.763845e-008 10.013
-8.743845e-008 9.99886
-8.723845e-008 10.0182
-8.703845e-008 10.0431
-8.683845e-008 10.0223
-8.663845e-008 9.99576
-8.643845e-008 9.99507
-8.623845e-008 9.99299
-8.603845e-008 9.98056
-8.583845e-008 10.0099
-8.563845e-008 10.0679
-8.543845e-008 10.0551
-8.523845e-008 9.99783
-8.503845e-008 10.0065
-8.483845e-008 10.0299
-8.463845e-008 10.0113
-8.443845e-008 10.0292
-8.423845e-008 10.0759
-8.403845e-008 10.0738
-8.383845e-008 10.0458
-8.363845e-008 9.98367
-8.343845e-008 9.85247
-8.323845e-008 9.79619
-8.303845e-008 9.86628
-8.283845e-008 9.87388
-8.263845e-008 9.82761
-8.243845e-008 9.87629
-8.223845e-008 9.98678
-8.203845e-008 10.06
-8.183845e-008 10.0793
-8.163845e-008 10.1066
-8.143845e-008 10.1877
-8.123845e-008 10.2499
-8.103845e-008 10.2102
-8.083845e-008 10.1542
-8.063845e-008 10.1843
-8.043845e-008 10.2247
-8.023845e-008 10.1822
-8.003845e-008 10.1104
-7.983845e-008 10.0911
-7.963845e-008 10.0658
-7.943845e-008 9.9854
-7.923845e-008 9.94431
-7.903845e-008 9.98056
-7.883845e-008 9.98367
-7.863845e-008 9.9267
-7.843845e-008 9.95053
-7.823845e-008 10.0451
-7.803845e-008 10.0565
-7.783845e-008 10.0047
-7.763845e-008 9.99679
-7.743845e-008 10.0676
-7.723845e-008 10.1591
-7.703845e-008 10.1535
-7.683845e-008 10.0879
-7.663845e-008 10.081
-7.643845e-008 10.0914
-7.623845e-008 10.0627
-7.603845e-008 10.0268
-7.583845e-008 9.99265
-7.563845e-008 9.94949
-7.543845e-008 9.92394
-7.523845e-008 9.95156
-7.503845e-008 9.99092
-7.483845e-008 9.97159
-7.463845e-008 9.94086
-7.443845e-008 9.98194
-7.423845e-008 10.0068
-7.403845e-008 9.89045
-7.383845e-008 9.77685
-7.363845e-008 9.8901
-7.343845e-008 10.1087
-7.323845e-008 10.1394
-7.303845e-008 9.99748
-7.283845e-008 9.92221
-7.263845e-008 9.96019
-7.243845e-008 9.98505
-7.223845e-008 9.96641
-7.203845e-008 9.9633
-7.183845e-008 10.0023
-7.163845e-008 10.0493
-7.143845e-008 10.0728
-7.123845e-008 10.0652
-7.103845e-008 10.0009
-7.083845e-008 9.94949
-7.063845e-008 10.0203
-7.043845e-008 10.127
-7.023845e-008 10.1473
-7.003845e-008 10.1176
-6.983845e-008 10.0489
-6.963845e-008 9.94949
-6.943845e-008 9.94983
-6.923845e-008 10.0496
-6.903845e-008 10.0917
-6.883845e-008 10.0589
-6.863845e-008 10.0027
-6.843845e-008 9.95294
-6.823845e-008 9.99886
-6.803845e-008 10.0966
-6.783845e-008 10.1011
-6.763845e-008 10.0358
-6.743845e-008 9.9709
-6.723845e-008 9.92912
-6.703845e-008 9.93602
-6.683845e-008 9.94086
-6.663845e-008 9.89494
-6.643845e-008 9.86662
-6.623845e-008 9.91738
-6.603845e-008 10.0092
-6.583845e-008 10.0434
-6.563845e-008 10.0123
-6.543845e-008 10.0358
-6.523845e-008 10.089
-6.503845e-008 10.0434
-6.483845e-008 9.96503
-6.463845e-008 9.96744
-6.443845e-008 10.0172
-6.423845e-008 10.0527
-6.403845e-008 10.0251
-6.383845e-008 9.89528
-6.363845e-008 9.75234
-6.343845e-008 9.77133
-6.323845e-008 9.94569
-6.303845e-008 10.0928
-6.283845e-008 10.1131
-6.263845e-008 10.0503
-6.243845e-008 10.0044
-6.223845e-008 10.0116
-6.203845e-008 10.0075
-6.183845e-008 9.95812
-6.163845e-008 9.91013
-6.143845e-008 9.93326
-6.123845e-008 10.0227
-6.103845e-008 10.0762
-6.083845e-008 10.0848
-6.063845e-008 10.1145
-6.043845e-008 10.1235
-6.023845e-008 10.0724
-6.003845e-008 10.0413
-5.983845e-008 10.0496
-5.963845e-008 10.0078
-5.943845e-008 9.93464
-5.923845e-008 9.94673
-5.903845e-008 10.0199
-5.883845e-008 10.0386
-5.863845e-008 10.0075
-5.843845e-008 9.95985
-5.823845e-008 9.90081
-5.803845e-008 9.90737
-5.783845e-008 10.0065
-5.763845e-008 10.0797
-5.743845e-008 10.0147
-5.723845e-008 9.83762
-5.703845e-008 9.6826
-5.683845e-008 9.71332
-5.663845e-008 9.90564
-5.643845e-008 10.0324
-5.623845e-008 10.0507
-5.603845e-008 10.0824
-5.583845e-008 10.1342
-5.563845e-008 10.1415
-5.543845e-008 10.1366
-5.523845e-008 10.1995
-5.503845e-008 10.2343
-5.483845e-008 10.1138
-5.463845e-008 9.94189
-5.443845e-008 9.90564
-5.423845e-008 9.99541
-5.403845e-008 10.0234
-5.383845e-008 9.96641
-5.363845e-008 9.97193
-5.343845e-008 10.0393
-5.323845e-008 10.0368
-5.303845e-008 9.94638
-5.283845e-008 9.95087
-5.263845e-008 10.127
-5.243845e-008 10.216
-5.223845e-008 10.1066
-5.203845e-008 10.0199
-5.183845e-008 9.9892
-5.163845e-008 9.9412
-5.143845e-008 9.96572
-5.123845e-008 10.0562
-5.103845e-008 10.1207
-5.083845e-008 10.1107
-5.063845e-008 10.0431
-5.043845e-008 10.0472
-5.023845e-008 10.1384
-5.003845e-008 10.177
-4.983845e-008 10.1463
-4.963845e-008 10.1356
-4.943845e-008 10.166
-4.923845e-008 10.1687
-4.903845e-008 10.1145
-4.883845e-008 10.0738
-4.863845e-008 10.1014
-4.843845e-008 10.1895
-4.823845e-008 10.2412
-4.803845e-008 10.1953
-4.783845e-008 10.1853
-4.763845e-008 10.2109
-4.743845e-008 10.1021
-4.723845e-008 9.97849
-4.703845e-008 10.0089
-4.683845e-008 10.0721
-4.663845e-008 10.0786
-4.643845e-008 10.07
-4.623845e-008 10.0448
-4.603845e-008 9.99576
-4.583845e-008 9.91151
-4.563845e-008 9.81207
-4.543845e-008 9.82864
-4.523845e-008 9.94431
-4.503845e-008 9.98609
-4.483845e-008 9.99127
-4.463845e-008 10.069
-4.443845e-008 10.1608
-4.423845e-008 10.197
-4.403845e-008 10.1895
-4.383845e-008 10.1439
-4.363845e-008 10.023
-4.343845e-008 9.88838
-4.323845e-008 9.89563
-4.303845e-008 9.98678
-4.283845e-008 9.95709
-4.263845e-008 9.87008
-4.243845e-008 9.90806
-4.223845e-008 9.974
-4.203845e-008 9.93637
-4.183845e-008 9.92256
-4.163845e-008 9.99886
-4.143845e-008 10.0075
-4.123845e-008 9.91669
-4.103845e-008 9.89528
-4.083845e-008 9.97608
-4.063845e-008 10.0524
-4.043845e-008 10.1031
-4.023845e-008 10.139
-4.003845e-008 10.1135
-3.983845e-008 10.0061
-3.963845e-008 9.95743
-3.943845e-008 10.0555
-3.923845e-008 10.0928
-3.903845e-008 10.003
-3.883845e-008 9.98298
-3.863845e-008 10.032
-3.843845e-008 10.0424
-3.823845e-008 10.0275
-3.803845e-008 9.99852
-3.783845e-008 9.98333
-3.763845e-008 10.0099
-3.743845e-008 10.0348
-3.723845e-008 10.0876
-3.703845e-008 10.2067
-3.683845e-008 10.2837
-3.663845e-008 10.2361
-3.643845e-008 10.119
-3.623845e-008 10.0109
-3.603845e-008 9.97124
-3.583845e-008 10.0368
-3.563845e-008 10.0924
-3.543845e-008 10.0427
-3.523845e-008 10.04
-3.503845e-008 10.1245
-3.483845e-008 10.1532
-3.463845e-008 10.1428
-3.443845e-008 10.1535
-3.423845e-008 10.129
-3.403845e-008 10.051
-3.383845e-008 10.0006
-3.363845e-008 10.0327
-3.343845e-008 10.0814
-3.323845e-008 10.0741
-3.303845e-008 10.0548
-3.283845e-008 10.0852
-3.263845e-008 10.1349
-3.243845e-008 10.1515
-3.223845e-008 10.1073
-3.203845e-008 9.98954
-3.183845e-008 9.91082
-3.163845e-008 9.96882
-3.143845e-008 10.0137
-3.123845e-008 9.96192
-3.103845e-008 9.91876
-3.083845e-008 9.92394
-3.063845e-008 9.97262
-3.043845e-008 10.0517
-3.023845e-008 10.1159
-3.003845e-008 10.1107
-2.983845e-008 10.012
-2.963845e-008 9.9488
-2.943845e-008 10.0068
-2.923845e-008 10.0137
-2.903845e-008 9.94949
-2.883845e-008 9.98091
-2.863845e-008 10.0375
-2.843845e-008 9.9999
-2.823845e-008 9.9343
-2.803845e-008 9.92739
-2.783845e-008 9.99127
-2.763845e-008 10.0355
-2.743845e-008 9.99472
-2.723845e-008 9.93361
-2.703845e-008 9.91807
-2.683845e-008 9.97711
-2.663845e-008 10.0776
-2.643845e-008 10.1232
-2.623845e-008 10.0931
-2.603845e-008 10.0258
-2.583845e-008 9.94949
-2.563845e-008 9.91393
-2.543845e-008 9.93844
-2.523845e-008 9.95709
-2.503845e-008 9.94293
-2.483845e-008 9.95363
-2.463845e-008 9.98505
-2.443845e-008 9.96952
-2.423845e-008 9.90944
-2.403845e-008 9.88458
-2.383845e-008 9.95191
-2.363845e-008 10.0368
-2.343845e-008 10.0517
-2.323845e-008 10.05
-2.303845e-008 10.0683
-2.283845e-008 10.0213
-2.263845e-008 9.90012
-2.243845e-008 9.8649
-2.223845e-008 9.93913
-2.203845e-008 9.9412
-2.183845e-008 9.87008
-2.163845e-008 9.9015
-2.143845e-008 10.0258
-2.123845e-008 10.0548
-2.103845e-008 9.95536
-2.083845e-008 9.90322
-2.063845e-008 9.96606
-2.043845e-008 10.0472
-2.023845e-008 10.1163
-2.003845e-008 10.1449
-1.983845e-008 10.0672
-1.963845e-008 9.95536
-1.943845e-008 9.89183
-1.923845e-008 9.86421
-1.903845e-008 9.90737
-1.883845e-008 9.95191
-1.863845e-008 9.87422
-1.843845e-008 9.78894
-1.823845e-008 9.83279
-1.803845e-008 9.97469
-1.783845e-008 10.1359
-1.763845e-008 10.185
-1.743845e-008 10.1259
-1.723845e-008 10.1363
-1.703845e-008 10.1632
-1.683845e-008 10.0686
-1.663845e-008 10.0047
-1.643845e-008 10.0507
-1.623845e-008 10.0431
-1.603845e-008 10.0109
-1.583845e-008 10.1021
-1.563845e-008 10.2105
-1.543845e-008 10.1701
-1.523845e-008 10.0431
-1.503845e-008 9.98471
-1.483845e-008 10.0313
-1.463845e-008 10.0755
-1.443845e-008 10.0175
-1.423845e-008 9.92808
-1.403845e-008 9.90909
-1.383845e-008 9.90046
-1.363845e-008 9.87974
-1.343845e-008 9.96226
-1.323845e-008 10.1183
-1.303845e-008 10.2067
-1.283845e-008 10.2485
-1.263845e-008 10.2792
-1.243845e-008 10.234
-1.223845e-008 10.1428
-1.203845e-008 10.1073
-1.183845e-008 10.0721
-1.163845e-008 9.89563
-1.143845e-008 9.6826
-1.123845e-008 9.71574
-1.103845e-008 9.96296
-1.083845e-008 10.1166
-1.063845e-008 10.0917
-1.043845e-008 10.0348
-1.023845e-008 10.0403
-1.003845e-008 10.0728
-9.838449e-009 10.0586
-9.638449e-009 10.0092
-9.438449e-009 9.95467
-9.238449e-009 9.88803
-9.038449e-009 9.8832
-8.838449e-009 9.96952
-8.638449e-009 10.0645
-8.438449e-009 10.1311
-8.238449e-009 10.1114
-8.038449e-009 9.98505
-7.838449e-009 9.91807
-7.638449e-009 10.0058
-7.438449e-009 10.1
-7.238449e-009 10.0986
-7.038449e-009 10.0883
-6.838449e-009 10.0772
-6.638449e-009 9.99023
-6.438449e-009 9.90909
-6.238449e-009 9.87974
-6.038449e-009 9.84211
-5.838449e-009 9.85868
-5.638449e-009 9.92118
-5.438449e-009 9.93533
-5.238449e-009 9.96157
-5.038449e-009 10.033
-4.838449e-009 10.081
-4.638449e-009 10.1052
-4.438449e-009 10.1311
-4.238449e-009 10.1218
-4.038449e-009 10.0555
-3.838449e-009 9.97124
-3.638449e-009 9.92256
-3.438449e-009 9.95605
-3.238449e-009 10.0265
-3.038449e-009 10.0479
-2.838449e-009 10.0306
-2.638449e-009 9.98643
-2.438449e-009 9.92359
-2.238449e-009 9.88458
-2.038449e-009 9.83831
-1.838449e-009 9.69261
-1.638449e-009 9.38532
-1.438449e-009 8.79629
-1.238449e-009 7.79535
-1.038449e-009 6.53097
-8.384491e-010 5.27315
-6.384491e-010 4.15551
-4.384491e-010 3.26022
-2.384491e-010 2.57659
-3.844905e-011 2.08561
1.615509e-010 1.83115
3.615509e-010 1.70409
5.615509e-010 1.57358
7.615509e-010 1.50107
9.615509e-010 1.51972
1.161551e-009 1.53732
1.361551e-009 1.51246
1.561551e-009 1.43271
1.761551e-009 1.30565
1.961551e-009 1.22485
2.161551e-009 1.22969
2.361551e-009 1.23487
2.561551e-009 1.19965
2.761551e-009 1.18584
2.961551e-009 1.18308
3.161551e-009 1.18618
3.361551e-009 1.29667
3.561551e-009 1.46447
3.761551e-009 1.50418
3.961551e-009 1.36193
4.161551e-009 1.17306
4.361551e-009 1.17168
4.561551e-009 1.36642
4.761551e-009 1.46102
4.961551e-009 1.35709
5.161551e-009 1.27112
5.361551e-009 1.29322
5.561551e-009 1.28528
5.761551e-009 1.19551
5.961551e-009 1.17893
6.161551e-009 1.29287
6.361551e-009 1.35709
6.561551e-009 1.28286
6.761551e-009 1.18273
6.961551e-009 1.1665
7.161551e-009 1.22762
7.361551e-009 1.26249
7.561551e-009 1.25179
7.761551e-009 1.28079
7.961551e-009 1.31773
8.161551e-009 1.26491
8.361551e-009 1.19067
8.561551e-009 1.21795
8.761551e-009 1.28562
8.961551e-009 1.29667
9.161551e-009 1.28769
9.361551e-009 1.27181
9.561551e-009 1.21553
9.761551e-009 1.14682
9.961551e-009 1.12127
1.016155e-008 1.15753
1.036155e-008 1.19896
1.056155e-008 1.21035
1.076155e-008 1.2328
1.096155e-008 1.22693
1.116155e-008 1.16271
1.136155e-008 1.14303
1.156155e-008 1.20345
1.176155e-008 1.2618
1.196155e-008 1.27043
1.216155e-008 1.25386
1.236155e-008 1.20345
1.256155e-008 1.11609
1.276155e-008 1.11437
1.296155e-008 1.19896
1.316155e-008 1.19309
1.336155e-008 1.10574
1.356155e-008 1.08019
1.376155e-008 1.11402
1.396155e-008 1.15407
1.416155e-008 1.19827
1.436155e-008 1.24384
1.456155e-008 1.29909
1.476155e-008 1.30323
1.496155e-008 1.20932
1.516155e-008 1.14475
1.536155e-008 1.15649
1.556155e-008 1.1703
1.576155e-008 1.20138
1.596155e-008 1.20759
1.616155e-008 1.12231
1.636155e-008 1.03737
1.656155e-008 0.99525
1.676155e-008 1.00941
1.696155e-008 1.12473
1.716155e-008 1.21277
1.736155e-008 1.16892
1.756155e-008 1.09262
1.776155e-008 1.07397
1.796155e-008 1.10505
1.816155e-008 1.09814
1.836155e-008 1.02943
1.856155e-008 1.03081
1.876155e-008 1.11092
1.896155e-008 1.11402
1.916155e-008 1.09676
1.936155e-008 1.23418
1.956155e-008 1.4189
1.976155e-008 1.46482
1.996155e-008 1.39576
2.016155e-008 1.27388
2.036155e-008 1.16029
2.056155e-008 1.0978
2.076155e-008 1.03737
2.096155e-008 0.981094
2.116155e-008 0.992488
2.136155e-008 1.05878
2.156155e-008 1.0864
2.176155e-008 1.06154
2.196155e-008 1.03392
2.216155e-008 1.01251
2.236155e-008 1.03634
2.256155e-008 1.08398
2.276155e-008 1.04773
2.296155e-008 0.953127
2.316155e-008 0.913075
2.336155e-008 0.943804
2.356155e-008 1.00941
2.376155e-008 1.07432
2.396155e-008 1.10643
2.416155e-008 1.12852
2.436155e-008 1.1375
2.456155e-008 1.07915
2.476155e-008 1.00181
2.496155e-008 1.01838
2.516155e-008 1.10505
2.536155e-008 1.1375
2.556155e-008 1.11748
2.576155e-008 1.12335
2.596155e-008 1.10125
2.616155e-008 1.02529
2.636155e-008 0.974534
2.656155e-008 0.940352
2.676155e-008 0.933792
2.696155e-008 1.01838
2.716155e-008 1.11471
2.736155e-008 1.11678
2.756155e-008 1.08502
2.776155e-008 1.10919
2.796155e-008 1.16202
2.816155e-008 1.14855
2.836155e-008 1.04911
2.856155e-008 0.966592
2.876155e-008 0.974188
2.896155e-008 1.02529
2.916155e-008 1.03772
2.936155e-008 1.01251
2.956155e-008 1.00112
2.976155e-008 0.995595
2.996155e-008 1.01907
3.016155e-008 1.094
3.036155e-008 1.15511
3.056155e-008 1.20379
3.076155e-008 1.24453
3.096155e-008 1.17755
3.116155e-008 1.06465
3.136155e-008 1.06223
3.156155e-008 1.11161
3.176155e-008 1.10366
3.196155e-008 1.08329
3.216155e-008 1.11299
3.236155e-008 1.13094
3.256155e-008 1.05982
3.276155e-008 0.996976
3.296155e-008 1.05636
3.316155e-008 1.1413
3.336155e-008 1.12507
3.356155e-008 1.10125
3.376155e-008 1.13439
3.396155e-008 1.11057
3.416155e-008 1.08916
3.436155e-008 1.17893
3.456155e-008 1.21691
3.476155e-008 1.12024
3.496155e-008 1.05429
3.516155e-008 1.11126
3.536155e-008 1.19585
3.556155e-008 1.20207
3.576155e-008 1.17514
3.596155e-008 1.17721
3.616155e-008 1.13336
3.636155e-008 1.01838
3.656155e-008 0.973152
3.676155e-008 1.01976
3.696155e-008 1.00492
3.716155e-008 0.916183
3.736155e-008 0.892014
3.756155e-008 0.97039
3.776155e-008 1.01424
3.796155e-008 0.945531
3.816155e-008 0.897538
3.836155e-008 0.95071
3.856155e-008 0.995595
3.876155e-008 0.95727
3.896155e-008 0.929303
3.916155e-008 1.01148
3.936155e-008 1.11437
3.956155e-008 1.14095
3.976155e-008 1.14786
3.996155e-008 1.15476
4.016155e-008 1.1337
4.036155e-008 1.08053
4.056155e-008 1.00457
4.076155e-008 0.996976
4.096155e-008 1.06396
4.116155e-008 1.08744
4.136155e-008 1.09262
4.156155e-008 1.10988
4.176155e-008 1.06016
4.196155e-008 0.993178
4.216155e-008 0.999738
4.236155e-008 1.02494
4.256155e-008 1.02909
4.276155e-008 1.07604
4.296155e-008 1.13508
4.316155e-008 1.11678
4.336155e-008 1.06845
4.356155e-008 1.03875
4.376155e-008 1.01251
4.396155e-008 1.02391
4.416155e-008 1.05809
4.436155e-008 1.05429
4.456155e-008 1.04048
4.476155e-008 1.04946
4.496155e-008 1.0246
4.516155e-008 0.968664
4.536155e-008 0.958651
4.556155e-008 0.996631
4.576155e-008 1.04428
4.596155e-008 1.0795
4.616155e-008 1.12991
4.636155e-008 1.23418
4.656155e-008 1.29667
4.676155e-008 1.22727
4.696155e-008 1.09641
4.716155e-008 1.046
4.736155e-008 1.16132
4.756155e-008 1.30254
4.776155e-008 1.24212
4.796155e-008 1.0536
4.816155e-008 1.01493
4.836155e-008 1.1558
4.856155e-008 1.24523
4.876155e-008 1.22347
4.896155e-008 1.18791
4.916155e-008 1.13163
4.936155e-008 1.07017
4.956155e-008 1.0353
4.976155e-008 0.989725
4.996155e-008 0.951746
5.016155e-008 0.986963
5.036155e-008 1.08778
5.056155e-008 1.2069
5.076155e-008 1.27768
5.096155e-008 1.2511
5.116155e-008 1.20897
5.136155e-008 1.20621
5.156155e-008 1.22002
5.176155e-008 1.26801
5.196155e-008 1.26836
5.216155e-008 1.15338
5.236155e-008 1.0498
5.256155e-008 1.04497
5.276155e-008 1.09918
5.296155e-008 1.15994
5.316155e-008 1.17203
5.336155e-008 1.1337
5.356155e-008 1.11817
5.376155e-008 1.1489
5.396155e-008 1.16409
5.416155e-008 1.16858
5.436155e-008 1.23072
5.456155e-008 1.27319
5.476155e-008 1.18895
5.496155e-008 1.09158
5.516155e-008 1.1558
5.536155e-008 1.287
5.556155e-008 1.22934
5.576155e-008 1.06568
5.596155e-008 1.07777
5.616155e-008 1.17272
5.636155e-008 1.152
5.656155e-008 1.09987
5.676155e-008 1.10332
5.696155e-008 1.1337
5.716155e-008 1.16305
5.736155e-008 1.17306
5.756155e-008 1.1779
5.776155e-008 1.19861
5.796155e-008 1.19343
5.816155e-008 1.15166
5.836155e-008 1.16132
5.856155e-008 1.22347
5.876155e-008 1.2511
5.896155e-008 1.23797
5.916155e-008 1.19309
5.936155e-008 1.13923
5.956155e-008 1.12576
5.976155e-008 1.12852
5.996155e-008 1.13267
6.016155e-008 1.13267
6.036155e-008 1.08744
6.056155e-008 1.0284
6.076155e-008 1.00285
6.096155e-008 1.00285
6.116155e-008 1.04324
6.136155e-008 1.12162
6.156155e-008 1.16685
6.176155e-008 1.14441
6.196155e-008 1.10056
6.216155e-008 1.06258
6.236155e-008 1.06465
6.256155e-008 1.13232
6.276155e-008 1.18653
6.296155e-008 1.20241
6.316155e-008 1.24488
6.336155e-008 1.29909
6.356155e-008 1.30289
6.376155e-008 1.25282
6.396155e-008 1.2252
6.416155e-008 1.27768
6.436155e-008 1.33672
6.456155e-008 1.31566
6.476155e-008 1.25558
6.496155e-008 1.22278
6.516155e-008 1.1779
6.536155e-008 1.12887
6.556155e-008 1.17099
6.576155e-008 1.23452
6.596155e-008 1.21795
6.616155e-008 1.17928
6.636155e-008 1.1413
6.656155e-008 1.09814
6.676155e-008 1.10677
6.696155e-008 1.15718
6.716155e-008 1.19171
6.736155e-008 1.19654
6.756155e-008 1.16547
6.776155e-008 1.13198
6.796155e-008 1.14303
6.816155e-008 1.15787
6.836155e-008 1.13612
6.856155e-008 1.12369
6.876155e-008 1.11678
6.896155e-008 1.04186
6.916155e-008 0.974534
6.936155e-008 1.05464
6.956155e-008 1.20276
6.976155e-008 1.23349
6.996155e-008 1.12714
7.016155e-008 1.02943
7.036155e-008 1.0574
7.056155e-008 1.13198
7.076155e-008 1.11161
7.096155e-008 1.04566
7.116155e-008 1.05429
7.136155e-008 1.11368
7.156155e-008 1.13957
7.176155e-008 1.13819
7.196155e-008 1.152
7.216155e-008 1.17962
7.236155e-008 1.20621
7.256155e-008 1.22727
7.276155e-008 1.25869
7.296155e-008 1.26249
7.316155e-008 1.17686
7.336155e-008 1.07052
7.356155e-008 1.04324
7.376155e-008 1.05912
7.396155e-008 1.03841
7.416155e-008 1.00285
7.436155e-008 1.03116
7.456155e-008 1.12956
7.476155e-008 1.22865
7.496155e-008 1.26042
7.516155e-008 1.20586
7.536155e-008 1.10228
7.556155e-008 1.03288
7.576155e-008 1.06672
7.596155e-008 1.17652
7.616155e-008 1.2656
7.636155e-008 1.24626
7.656155e-008 1.13439
7.676155e-008 1.05118
7.696155e-008 1.04083
7.716155e-008 1.03116
7.736155e-008 1.00733
7.756155e-008 1.02391
7.776155e-008 1.07086
7.796155e-008 1.09089
7.816155e-008 1.11402
7.836155e-008 1.2145
7.856155e-008 1.32844
7.876155e-008 1.29943
7.896155e-008 1.13094
7.916155e-008 1.03254
7.936155e-008 1.11368
7.956155e-008 1.23763
7.976155e-008 1.3022
7.996155e-008 1.32533
8.016155e-008 1.29218
8.036155e-008 1.21968
8.056155e-008 1.16409
8.076155e-008 1.1154
8.096155e-008 1.08398
8.116155e-008 1.11092
8.136155e-008 1.17375
8.156155e-008 1.19551
8.176155e-008 1.1375
8.196155e-008 1.05671
8.216155e-008 1.01804
8.236155e-008 1.06499
8.256155e-008 1.17997
8.276155e-008 1.23418
8.296155e-008 1.20138
8.316155e-008 1.16305
8.336155e-008 1.14199
8.356155e-008 1.15822
8.376155e-008 1.1924
8.396155e-008 1.17548
8.416155e-008 1.11437
8.436155e-008 1.07846
8.456155e-008 1.12058
8.476155e-008 1.18998
8.496155e-008 1.18653
8.516155e-008 1.13957
8.536155e-008 1.1268
8.556155e-008 1.07397
8.576155e-008 0.949674
8.596155e-008 0.947602
8.616155e-008 1.12127
8.636155e-008 1.25455
8.656155e-008 1.23694
8.676155e-008 1.15546
8.696155e-008 1.094
8.716155e-008 1.09123
8.736155e-008 1.15373
8.756155e-008 1.2069
8.776155e-008 1.19171
8.796155e-008 1.16892
8.816155e-008 1.22278
8.836155e-008 1.30392
8.856155e-008 1.25696
8.876155e-008 1.11471
8.896155e-008 1.07432
8.916155e-008 1.14337
8.936155e-008 1.17755
8.956155e-008 1.1192
8.976155e-008 1.04531
8.996155e-008 1.05291
9.016155e-008 1.10263
9.036155e-008 1.12542
9.056155e-008 1.16996
9.076155e-008 1.22209
9.096155e-008 1.2031
9.116155e-008 1.17859
9.136155e-008 1.23349
9.156155e-008 1.28251
9.176155e-008 1.22416
9.196155e-008 1.13336
9.216155e-008 1.10297
9.236155e-008 1.08019
9.256155e-008 1.06948
9.276155e-008 1.13854
9.296155e-008 1.22002
9.316155e-008 1.23383
9.336155e-008 1.2
9.356155e-008 1.18584
9.376155e-008 1.21553
9.396155e-008 1.20828
9.416155e-008 1.17237
9.436155e-008 1.22934
9.456155e-008 1.3053
9.476155e-008 1.26594
9.496155e-008 1.19378
9.516155e-008 1.16374
9.536155e-008 1.16754
9.556155e-008 1.22106
9.576155e-008 1.23728
9.596155e-008 1.16892
9.616155e-008 1.152
9.636155e-008 1.23728
9.656155e-008 1.30323
9.676155e-008 1.28355
9.696155e-008 1.25558
9.716155e-008 1.26594
9.736155e-008 1.27906
9.756155e-008 1.26801
9.776155e-008 1.21622
9.796155e-008 1.13716
9.816155e-008 1.05222
9.836155e-008 1.02805
9.856155e-008 1.12473
9.876155e-008 1.24039
9.896155e-008 1.27699
9.916155e-008 1.25075
9.936155e-008 1.24281
9.956155e-008 1.3274
9.976155e-008 1.40198
9.996155e-008 1.29874
1.001616e-007 1.09676
1.003616e-007 1.04497
1.005616e-007 1.1741
1.007616e-007 1.26352
1.009616e-007 1.20241
1.011616e-007 1.11989
1.013616e-007 1.11644
1.015616e-007 1.13267
1.017616e-007 1.13681
1.019616e-007 1.15407
1.021616e-007 1.1482
1.023616e-007 1.07432
1.025616e-007 0.986273
1.027616e-007 0.993523
1.029616e-007 1.08019
1.031616e-007 1.094
1.033616e-007 1.04531
1.035616e-007 1.05912
1.037616e-007 1.09296
1.039616e-007 1.10884
1.041616e-007 1.15718
1.043616e-007 1.22347
1.045616e-007 1.22934
1.047616e-007 1.14337
1.049616e-007 1.10263
1.051616e-007 1.18549
1.053616e-007 1.22624
1.055616e-007 1.16512
1.057616e-007 1.12093
1.059616e-007 1.10746
1.061616e-007 1.12783
1.063616e-007 1.21484
1.065616e-007 1.23694
1.067616e-007 1.12645
1.069616e-007 1.0284
1.071616e-007 1.01355
1.073616e-007 1.05187
1.075616e-007 1.12162
1.077616e-007 1.17514
1.079616e-007 1.19102
1.081616e-007 1.19033
1.083616e-007 1.16409
1.085616e-007 1.13405
1.087616e-007 1.13301
1.089616e-007 1.13198
1.091616e-007 1.09814
1.093616e-007 1.05429
1.095616e-007 1.07294
1.097616e-007 1.12749
1.099616e-007 1.13785
1.101616e-007 1.17686
1.103616e-007 1.27526
1.105616e-007 1.31739
1.107616e-007 1.27526
1.109616e-007 1.23763
1.111616e-007 1.27423
1.113616e-007 1.37539
1.115616e-007 1.42856
1.117616e-007 1.35675
1.119616e-007 1.26111
1.121616e-007 1.28873
1.123616e-007 1.3747
1.125616e-007 1.33672
1.127616e-007 1.23867
1.129616e-007 1.25386
1.131616e-007 1.32671
1.133616e-007 1.34294
1.135616e-007 1.34432
1.137616e-007 1.33016
1.139616e-007 1.22727
1.141616e-007 1.12058
1.143616e-007 1.10988
1.145616e-007 1.16374
1.147616e-007 1.22624
1.149616e-007 1.20621
1.151616e-007 1.15615
1.153616e-007 1.25731
1.155616e-007 1.40819
1.157616e-007 1.37815
1.159616e-007 1.22865
1.161616e-007 1.16029
1.163616e-007 1.16823
1.165616e-007 1.18031
1.167616e-007 1.22278
1.169616e-007 1.20069
1.171616e-007 1.04704
1.173616e-007 0.981784
1.175616e-007 1.12335
1.177616e-007 1.24592
1.179616e-007 1.15822
1.181616e-007 1.00043
1.183616e-007 0.992833
1.185616e-007 1.08847
1.187616e-007 1.13025
1.189616e-007 1.14199
1.191616e-007 1.17755
1.193616e-007 1.18687
1.195616e-007 1.1558
1.197616e-007 1.10988
1.199616e-007 1.07328
1.201616e-007 1.06534
1.203616e-007 1.07432
1.205616e-007 1.0795
1.207616e-007 1.07742
1.209616e-007 1.0643
1.211616e-007 1.02805
1.213616e-007 0.998357
1.215616e-007 1.02287
1.217616e-007 1.06258
1.219616e-007 1.06672
1.221616e-007 1.06499
1.223616e-007 1.08606
1.225616e-007 1.11609
1.227616e-007 1.11851
1.229616e-007 1.09814
1.231616e-007 1.08053
1.233616e-007 1.05982
1.235616e-007 1.10228
1.237616e-007 1.2328
1.239616e-007 1.30565
1.241616e-007 1.22969
1.243616e-007 1.10505
1.245616e-007 1.02632
1.247616e-007 0.998702
1.249616e-007 1.0246
1.251616e-007 1.06327
1.253616e-007 1.07673
1.255616e-007 1.10125
1.257616e-007 1.11678
1.259616e-007 1.12473
1.261616e-007 1.17686
1.263616e-007 1.2145
1.265616e-007 1.20863
1.267616e-007 1.20552
1.269616e-007 1.16409
1.271616e-007 1.09641
1.273616e-007 1.09883
1.275616e-007 1.1558
1.277616e-007 1.19413
1.279616e-007 1.24108
1.281616e-007 1.31083
1.283616e-007 1.30806
1.285616e-007 1.23936
1.287616e-007 1.20828
1.289616e-007 1.24419
1.291616e-007 1.3312
1.293616e-007 1.35813
1.295616e-007 1.28217
1.297616e-007 1.28148
1.299616e-007 1.34259
1.301616e-007 1.27423
1.303616e-007 1.19551
1.305616e-007 1.28251
1.307616e-007 1.38299
1.309616e-007 1.31773
1.311616e-007 1.17445
1.313616e-007 1.12991
1.315616e-007 1.21933
1.317616e-007 1.34915
1.319616e-007 1.40336
1.321616e-007 1.34501
1.323616e-007 1.25455
1.325616e-007 1.23556
1.327616e-007 1.27112
1.329616e-007 1.2656
1.331616e-007 1.22831
1.333616e-007 1.24039
1.335616e-007 1.29046
1.337616e-007 1.32429
1.339616e-007 1.32878
1.341616e-007 1.29771
1.343616e-007 1.26491
1.345616e-007 1.28666
1.347616e-007 1.37056
1.349616e-007 1.48864
1.351616e-007 1.54319
1.353616e-007 1.44548
1.355616e-007 1.29736
1.357616e-007 1.2618
1.359616e-007 1.31117
1.361616e-007 1.32567
1.363616e-007 1.33327
1.365616e-007 1.37574
1.367616e-007 1.39922
1.369616e-007 1.44652
1.371616e-007 1.49934
1.373616e-007 1.43581
1.375616e-007 1.33051
1.377616e-007 1.29736
1.379616e-007 1.31117
1.381616e-007 1.35744
1.383616e-007 1.44376
1.385616e-007 1.56598
1.387616e-007 1.66576
1.389616e-007 1.60362
1.391616e-007 1.42995
1.393616e-007 1.37367
1.395616e-007 1.45929
1.397616e-007 1.56943
1.399616e-007 1.63987
1.401616e-007 1.6157
1.403616e-007 1.53076
1.405616e-007 1.44721
1.407616e-007 1.35019
1.409616e-007 1.33361
1.411616e-007 1.4479
1.413616e-007 1.49002
1.415616e-007 1.39714
1.417616e-007 1.34225
1.419616e-007 1.39127
1.421616e-007 1.50176
1.423616e-007 1.60741
1.425616e-007 1.62709
1.427616e-007 1.56633
1.429616e-007 1.50867
1.431616e-007 1.50073
1.433616e-007 1.51695
1.435616e-007 1.53456
1.437616e-007 1.55631
1.439616e-007 1.60154
1.441616e-007 1.66438
1.443616e-007 1.63745
1.445616e-007 1.54147
1.447616e-007 1.54181
1.449616e-007 1.56529
1.451616e-007 1.50452
1.453616e-007 1.49693
1.455616e-007 1.58255
1.457616e-007 1.65644
1.459616e-007 1.68337
1.461616e-007 1.64677
1.463616e-007 1.5394
1.465616e-007 1.47276
1.467616e-007 1.57496
1.469616e-007 1.74034
1.471616e-007 1.8125
1.473616e-007 1.78039
1.475616e-007 1.69373
1.477616e-007 1.6889
1.479616e-007 1.77211
1.481616e-007 1.80007
1.483616e-007 1.74621
1.485616e-007 1.61121
1.487616e-007 1.48691
1.489616e-007 1.54596
1.491616e-007 1.67302
1.493616e-007 1.68027
1.495616e-007 1.63849
1.497616e-007 1.62537
1.499616e-007 1.64712
1.501616e-007 1.70202
1.503616e-007 1.69062
1.505616e-007 1.61294
1.507616e-007 1.60293
1.509616e-007 1.62744
1.511616e-007 1.62606
1.513616e-007 1.71445
1.515616e-007 1.87707
1.517616e-007 1.92299
1.519616e-007 1.83875
1.521616e-007 1.7545
1.523616e-007 1.74656
1.525616e-007 1.78281
1.527616e-007 1.75174
1.529616e-007 1.68406
1.531616e-007 1.73862
1.533616e-007 1.86844
1.535616e-007 1.88018
1.537616e-007 1.78419
1.539616e-007 1.68545
1.541616e-007 1.65403
1.543616e-007 1.75243
1.545616e-007 1.86015
1.547616e-007 1.80594
1.549616e-007 1.70754
1.551616e-007 1.78385
1.553616e-007 1.93162
1.555616e-007 1.9299
1.557616e-007 1.85601
1.559616e-007 1.87949
1.561616e-007 1.92541
1.563616e-007 1.85394
1.565616e-007 1.74794
1.567616e-007 1.72791
1.569616e-007 1.71376
1.571616e-007 1.67992
1.573616e-007 1.73827
1.575616e-007 1.80318
1.577616e-007 1.74863
1.579616e-007 1.66438
1.581616e-007 1.66818
1.583616e-007 1.80733
1.585616e-007 1.94958
1.587616e-007 1.88259
1.589616e-007 1.74656
1.591616e-007 1.80491
1.593616e-007 1.93818
1.595616e-007 1.93646
1.597616e-007 1.8895
1.599616e-007 1.88881
1.601616e-007 1.86222
1.603616e-007 1.84082
1.605616e-007 1.87569
1.607616e-007 1.90573
1.609616e-007 1.91367
1.611616e-007 1.91747
1.613616e-007 1.93853
1.615616e-007 1.98825
1.617616e-007 1.99791
1.619616e-007 1.95096
1.621616e-007 1.933
1.623616e-007 1.94405
1.625616e-007 1.95303
1.627616e-007 2.0169
1.629616e-007 2.1015
1.631616e-007 2.07526
1.633616e-007 1.98272
1.635616e-007 1.94129
1.637616e-007 1.93784
1.639616e-007 1.95993
1.641616e-007 1.95648
1.643616e-007 1.88156
1.645616e-007 1.86878
1.647616e-007 1.94578
1.649616e-007 1.96408
1.651616e-007 1.90883
1.653616e-007 1.86395
1.655616e-007 1.88018
1.657616e-007 1.94371
1.659616e-007 1.94785
1.661616e-007 1.87189
1.663616e-007 1.90055
1.665616e-007 2.06939
1.667616e-007 2.12566
1.669616e-007 1.98618
1.671616e-007 1.82493
1.673616e-007 1.78903
1.675616e-007 1.91816
1.677616e-007 2.09079
1.679616e-007 2.13499
1.681616e-007 2.08043
1.683616e-007 2.04004
1.685616e-007 2.00378
1.687616e-007 1.97167
1.689616e-007 1.98307
1.691616e-007 2.05247
1.693616e-007 2.13637
1.695616e-007 2.08596
1.697616e-007 1.92023
1.699616e-007 1.86222
1.701616e-007 1.94474
1.703616e-007 2.05454
1.705616e-007 2.12601
1.707616e-007 2.10219
1.709616e-007 2.04971
1.711616e-007 2.0863
1.713616e-007 2.10633
1.715616e-007 2.03279
1.717616e-007 2.03382
1.719616e-007 2.13809
1.721616e-007 2.18229
1.723616e-007 2.13775
1.725616e-007 2.06593
1.727616e-007 2.01518
1.729616e-007 2.04418
1.731616e-007 2.11393
1.733616e-007 2.11496
1.735616e-007 2.06904
1.737616e-007 2.07698
1.739616e-007 2.14017
1.741616e-007 2.20128
1.743616e-007 2.25411
1.745616e-007 2.31729
1.747616e-007 2.32212
1.749616e-007 2.21509
1.751616e-007 2.12359
1.753616e-007 2.14224
1.755616e-007 2.21129
1.757616e-007 2.30175
1.759616e-007 2.39567
1.761616e-007 2.40844
1.763616e-007 2.34871
1.765616e-007 2.32627
1.767616e-007 2.33006
1.769616e-007 2.29381
1.771616e-007 2.24651
1.773616e-007 2.2434
1.775616e-007 2.32385
1.777616e-007 2.38427
1.779616e-007 2.26653
1.781616e-007 2.1191
1.783616e-007 2.15674
1.785616e-007 2.28518
1.787616e-007 2.35458
1.789616e-007 2.37668
1.791616e-007 2.40671
1.793616e-007 2.444
1.795616e-007 2.43572
1.797616e-007 2.32212
1.799616e-007 2.15605
1.801616e-007 2.09632
1.803616e-007 2.16537
1.805616e-007 2.27102
1.807616e-007 2.3677
1.809616e-007 2.41914
1.811616e-007 2.38358
1.813616e-007 2.26826
1.815616e-007 2.17746
1.817616e-007 2.19817
1.819616e-007 2.25618
1.821616e-007 2.25514
1.823616e-007 2.26688
1.825616e-007 2.36045
1.827616e-007 2.39946
1.829616e-007 2.30279
1.831616e-007 2.2144
1.833616e-007 2.27517
1.835616e-007 2.44504
1.837616e-007 2.55518
1.839616e-007 2.52238
1.841616e-007 2.45436
1.843616e-007 2.43572
1.845616e-007 2.38738
1.847616e-007 2.31004
1.849616e-007 2.30003
1.851616e-007 2.3235
1.853616e-007 2.33248
1.855616e-007 2.35976
1.857616e-007 2.39912
1.859616e-007 2.41397
1.861616e-007 2.39498
1.863616e-007 2.35113
1.865616e-007 2.35458
1.867616e-007 2.48026
1.869616e-007 2.61906
1.871616e-007 2.65393
1.873616e-007 2.6522
1.875616e-007 2.59972
1.877616e-007 2.47439
1.879616e-007 2.43917
1.881616e-007 2.50374
1.883616e-007 2.53481
1.885616e-007 2.521
1.887616e-007 2.49579
1.889616e-007 2.47163
1.891616e-007 2.43917
1.893616e-007 2.41431
1.895616e-007 2.44918
1.897616e-007 2.54586
1.899616e-007 2.63114
1.901616e-007 2.63736
1.903616e-007 2.58971
1.905616e-007 2.55173
1.907616e-007 2.53446
1.909616e-007 2.57348
1.911616e-007 2.69018
1.913616e-007 2.75958
1.915616e-007 2.69847
1.917616e-007 2.57935
1.919616e-007 2.48647
1.921616e-007 2.50684
1.923616e-007 2.59834
1.925616e-007 2.6087
1.927616e-007 2.61215
1.929616e-007 2.65635
1.931616e-007 2.5942
1.933616e-007 2.50235
1.935616e-007 2.51651
1.937616e-007 2.55276
1.939616e-007 2.5462
1.941616e-007 2.55311
1.943616e-007 2.62423
1.945616e-007 2.70088
1.947616e-007 2.71262
1.949616e-007 2.66912
1.951616e-007 2.58695
1.953616e-007 2.55276
1.955616e-007 2.63494
1.957616e-007 2.71677
1.959616e-007 2.64875
1.961616e-007 2.52134
1.963616e-007 2.60317
1.965616e-007 2.80654
1.967616e-007 2.79929
1.969616e-007 2.627
1.971616e-007 2.50028
1.973616e-007 2.46472
1.975616e-007 2.52583
1.977616e-007 2.63218
1.979616e-007 2.7109
1.981616e-007 2.74508
1.983616e-007 2.72057
1.985616e-007 2.65842
1.987616e-007 2.60352
1.989616e-007 2.59523
1.991616e-007 2.66532
1.993616e-007 2.73403
1.995616e-007 2.72126
1.997616e-007 2.72678
1.999616e-007 2.80101
2.001616e-007 2.85695
2.003616e-007 2.88215
2.005616e-007 2.87283
2.007616e-007 2.81862
2.009616e-007 2.74957
2.011616e-007 2.66877
2.013616e-007 2.62078
2.015616e-007 2.64219
2.017616e-007 2.68638
2.019616e-007 2.75751
2.021616e-007 2.88664
2.023616e-007 2.97227
2.025616e-007 2.91357
2.027616e-007 2.80067
2.029616e-007 2.74232
2.031616e-007 2.70675
2.033616e-007 2.70123
2.035616e-007 2.75406
2.037616e-007 2.7948
2.039616e-007 2.78962
2.041616e-007 2.76372
2.043616e-007 2.77995
2.045616e-007 2.8383
2.047616e-007 2.84072
2.049616e-007 2.77719
2.051616e-007 2.67982
2.053616e-007 2.60421
2.055616e-007 2.66601
2.057616e-007 2.83174
2.059616e-007 2.92945
2.061616e-007 2.94844
2.063616e-007 3.01197
2.065616e-007 3.08448
2.067616e-007 3.04374
2.069616e-007 2.95052
2.071616e-007 2.94637
2.073616e-007 2.9885
2.075616e-007 2.97986
2.077616e-007 2.95052
2.079616e-007 2.92289
2.081616e-007 2.91288
2.083616e-007 2.88595
2.085616e-007 2.72678
2.087616e-007 2.5721
2.089616e-007 2.67395
2.091616e-007 2.91323
2.093616e-007 3.01922
2.095616e-007 3.00438
2.097616e-007 2.97952
2.099616e-007 2.92497
2.101616e-007 2.83865
2.103616e-007 2.8169
2.105616e-007 2.92635
2.107616e-007 3.06756
2.109616e-007 3.1083
2.111616e-007 3.09622
2.113616e-007 3.11452
2.115616e-007 3.12626
2.117616e-007 3.14525
2.119616e-007 3.19186
2.121616e-007 3.11383
2.123616e-007 2.87456
2.125616e-007 2.74508
2.127616e-007 2.86178
2.129616e-007 2.98504
2.131616e-007 2.9374
2.133616e-007 2.86869
2.135616e-007 2.93187
2.137616e-007 3.02095
2.139616e-007 3.02647
2.141616e-007 3.01957
2.143616e-007 3.07274
2.145616e-007 3.11555
2.147616e-007 3.04512
2.149616e-007 2.96364
2.151616e-007 3.01681
2.153616e-007 3.09553
2.155616e-007 3.06791
2.157616e-007 3.02026
2.159616e-007 2.99471
2.161616e-007 2.94775
2.163616e-007 2.97227
2.165616e-007 3.05133
2.167616e-007 3.05755
2.169616e-007 3.08586
2.171616e-007 3.19428
2.173616e-007 3.2326
2.175616e-007 3.1418
2.177616e-007 2.97986
2.179616e-007 2.88181
2.181616e-007 2.96951
2.183616e-007 3.10692
2.185616e-007 3.14076
2.187616e-007 3.138
2.189616e-007 3.15112
2.191616e-007 3.14663
2.193616e-007 3.08586
2.195616e-007 2.96881
2.197616e-007 2.91737
2.199616e-007 3.04961
2.201616e-007 3.23018
2.203616e-007 3.24261
2.205616e-007 3.12004
2.207616e-007 3.04616
2.209616e-007 3.07654
2.211616e-007 3.13213
2.213616e-007 3.1487
2.215616e-007 3.12419
2.217616e-007 3.13316
2.219616e-007 3.21119
2.221616e-007 3.23398
2.223616e-007 3.13765
2.225616e-007 3.07654
2.227616e-007 3.17874
2.229616e-007 3.3203
2.231616e-007 3.32997
2.233616e-007 3.27403
2.235616e-007 3.27749
2.237616e-007 3.28854
2.239616e-007 3.26747
2.241616e-007 3.23467
2.243616e-007 3.16562
2.245616e-007 3.12073
2.247616e-007 3.17252
2.249616e-007 3.24848
2.251616e-007 3.2654
2.253616e-007 3.26678
2.255616e-007 3.28543
2.257616e-007 3.24848
2.259616e-007 3.196
2.261616e-007 3.23571
2.263616e-007 3.28923
2.265616e-007 3.25884
2.267616e-007 3.19738
2.269616e-007 3.22155
2.271616e-007 3.3386
2.273616e-007 3.39004
2.275616e-007 3.34412
2.277616e-007 3.3676
2.279616e-007 3.45979
2.281616e-007 3.44874
2.283616e-007 3.36864
2.285616e-007 3.33687
2.287616e-007 3.28923
2.289616e-007 3.27093
2.291616e-007 3.39004
2.293616e-007 3.44736
2.295616e-007 3.32479
2.297616e-007 3.24365
2.299616e-007 3.273
2.301616e-007 3.2654
2.303616e-007 3.21637
2.305616e-007 3.22535
2.307616e-007 3.26782
2.309616e-007 3.24469
2.311616e-007 3.14559
2.313616e-007 3.09898
2.315616e-007 3.22742
2.317616e-007 3.42733
2.319616e-007 3.52435
2.321616e-007 3.48914
2.323616e-007 3.3935
2.325616e-007 3.35448
2.327616e-007 3.3859
2.329616e-007 3.39695
2.331616e-007 3.36622
2.333616e-007 3.34171
2.335616e-007 3.36657
2.337616e-007 3.41594
2.339616e-007 3.43389
2.341616e-007 3.40109
2.343616e-007 3.36311
2.345616e-007 3.41698
2.347616e-007 3.5575
2.349616e-007 3.62863
2.351616e-007 3.51676
2.353616e-007 3.34723
2.355616e-007 3.32099
2.357616e-007 3.40282
2.359616e-007 3.44632
2.361616e-007 3.43044
2.363616e-007 3.39004
2.365616e-007 3.36139
2.367616e-007 3.40938
2.369616e-007 3.48948
2.371616e-007 3.4881
2.373616e-007 3.43804
2.375616e-007 3.43458
2.377616e-007 3.4301
2.379616e-007 3.38417
2.381616e-007 3.41387
2.383616e-007 3.53851
2.385616e-007 3.60239
2.387616e-007 3.53609
2.389616e-007 3.47222
2.391616e-007 3.51987
2.393616e-007 3.5903
2.395616e-007 3.57338
2.397616e-007 3.51054
2.399616e-007 3.46462
2.401616e-007 3.43838
2.403616e-007 3.466
2.405616e-007 3.53817
2.407616e-007 3.56302
2.409616e-007 3.54611
2.411616e-007 3.55543
2.413616e-007 3.51089
2.415616e-007 3.40455
2.417616e-007 3.40593
2.419616e-007 3.46566
2.421616e-007 3.46048
2.423616e-007 3.4698
2.425616e-007 3.48776
2.427616e-007 3.47947
2.429616e-007 3.5468
2.431616e-007 3.68249
2.433616e-007 3.73739
2.435616e-007 3.67627
2.437616e-007 3.61758
2.439616e-007 3.59962
2.441616e-007 3.58029
2.443616e-007 3.56717
2.445616e-007 3.55854
2.447616e-007 3.54852
2.449616e-007 3.54783
2.451616e-007 3.57269
2.453616e-007 3.62483
2.455616e-007 3.63381
2.457616e-007 3.56406
2.459616e-007 3.48396
2.461616e-007 3.44943
2.463616e-007 3.48603
2.465616e-007 3.55267
2.467616e-007 3.5392
2.469616e-007 3.47878
2.471616e-007 3.47567
2.473616e-007 3.50744
2.475616e-007 3.51745
2.477616e-007 3.52021
2.479616e-007 3.52919
2.481616e-007 3.50985
2.483616e-007 3.46739
2.485616e-007 3.47084
2.487616e-007 3.55232
2.489616e-007 3.62172
2.491616e-007 3.61585
2.493616e-007 3.62414
2.495616e-007 3.62034
2.497616e-007 3.50675
2.499616e-007 3.41456
2.501616e-007 3.46773
2.503616e-007 3.59237
2.505616e-007 3.71115
2.507616e-007 3.78469
2.509616e-007 3.79263
2.511616e-007 3.76156
2.513616e-007 3.73946
2.515616e-007 3.76501
2.517616e-007 3.81369
2.519616e-007 3.8313
2.521616e-007 3.80955
