-2.481151e-007 9.97504
-2.479151e-007 9.91565
-2.477151e-007 9.93015
-2.475151e-007 9.96537
-2.473151e-007 9.97055
-2.471151e-007 9.9488
-2.469151e-007 9.92981
-2.467151e-007 9.93119
-2.465151e-007 9.94914
-2.463151e-007 10.0303
-2.461151e-007 10.1173
-2.459151e-007 10.0638
-2.457151e-007 9.98367
-2.455151e-007 10.0109
-2.453151e-007 10.0261
-2.451151e-007 9.98609
-2.449151e-007 9.9892
-2.447151e-007 10.06
-2.445151e-007 10.1149
-2.443151e-007 10.0645
-2.441151e-007 9.95294
-2.439151e-007 9.90184
-2.437151e-007 9.95605
-2.435151e-007 10.0441
-2.433151e-007 10.0641
-2.431151e-007 10.0078
-2.429151e-007 9.92946
-2.427151e-007 9.89079
-2.425151e-007 9.96986
-2.423151e-007 10.1176
-2.421151e-007 10.1933
-2.419151e-007 10.1787
-2.417151e-007 10.1511
-2.415151e-007 10.1819
-2.413151e-007 10.2457
-2.411151e-007 10.245
-2.409151e-007 10.1895
-2.407151e-007 10.129
-2.405151e-007 10.0196
-2.403151e-007 9.91462
-2.401151e-007 9.9381
-2.399151e-007 10.003
-2.397151e-007 10.0134
-2.395151e-007 10.0265
-2.393151e-007 10.0731
-2.391151e-007 10.1066
-2.389151e-007 10.0469
-2.387151e-007 9.93948
-2.385151e-007 9.92498
-2.383151e-007 10.0009
-2.381151e-007 10.0617
-2.379151e-007 10.0545
-2.377151e-007 9.99955
-2.375151e-007 9.94155
-2.373151e-007 9.94155
-2.371151e-007 10.0261
-2.369151e-007 10.0973
-2.367151e-007 10.1018
-2.365151e-007 10.1021
-2.363151e-007 10.0482
-2.361151e-007 9.89873
-2.359151e-007 9.81242
-2.357151e-007 9.85696
-2.355151e-007 9.89908
-2.353151e-007 9.90564
-2.351151e-007 9.91565
-2.349151e-007 9.89632
-2.347151e-007 9.88631
-2.345151e-007 9.93361
-2.343151e-007 10.0075
-2.341151e-007 10.07
-2.339151e-007 10.0444
-2.337151e-007 9.98229
-2.335151e-007 10.0596
-2.333151e-007 10.1843
-2.331151e-007 10.1428
-2.329151e-007 10.0092
-2.327151e-007 9.97124
-2.325151e-007 10.0382
-2.323151e-007 10.1038
-2.321151e-007 10.0897
-2.319151e-007 10.0085
-2.317151e-007 9.95501
-2.315151e-007 9.95467
-2.313151e-007 9.94983
-2.311151e-007 9.96813
-2.309151e-007 10.0203
-2.307151e-007 10.042
-2.305151e-007 10.0313
-2.303151e-007 9.99955
-2.301151e-007 9.96019
-2.299151e-007 9.96882
-2.297151e-007 10.0507
-2.295151e-007 10.1073
-2.293151e-007 10.0645
-2.291151e-007 10.0317
-2.289151e-007 10.0596
-2.287151e-007 10.0907
-2.285151e-007 10.1339
-2.283151e-007 10.1712
-2.281151e-007 10.1473
-2.279151e-007 10.0942
-2.277151e-007 10.0748
-2.275151e-007 10.0759
-2.273151e-007 10.0489
-2.271151e-007 10.0275
-2.269151e-007 10.041
-2.267151e-007 9.99817
-2.265151e-007 9.92325
-2.263151e-007 9.95709
-2.261151e-007 10.0382
-2.259151e-007 10.0406
-2.257151e-007 9.99127
-2.255151e-007 9.95398
-2.253151e-007 9.94845
-2.251151e-007 9.94742
-2.249151e-007 9.91531
-2.247151e-007 9.87146
-2.245151e-007 9.86801
-2.243151e-007 9.91462
-2.241151e-007 9.98505
-2.239151e-007 10.0469
-2.237151e-007 10.0441
-2.235151e-007 9.95743
-2.233151e-007 9.87595
-2.231151e-007 9.8901
-2.229151e-007 9.98747
-2.227151e-007 10.1004
-2.225151e-007 10.1045
-2.223151e-007 9.98056
-2.221151e-007 9.90702
-2.219151e-007 9.9381
-2.217151e-007 10.0044
-2.215151e-007 10.079
-2.213151e-007 10.1142
-2.211151e-007 10.1125
-2.209151e-007 10.1556
-2.207151e-007 10.2488
-2.205151e-007 10.2761
-2.203151e-007 10.1767
-2.201151e-007 10.0151
-2.199151e-007 9.89839
-2.197151e-007 9.87008
-2.195151e-007 9.86524
-2.193151e-007 9.88078
-2.191151e-007 9.9854
-2.189151e-007 10.0482
-2.187151e-007 9.92325
-2.185151e-007 9.78411
-2.183151e-007 9.80551
-2.181151e-007 9.87042
-2.179151e-007 9.87008
-2.177151e-007 9.85765
-2.175151e-007 9.88838
-2.173151e-007 9.95812
-2.171151e-007 10.0141
-2.169151e-007 10.031
-2.167151e-007 10.0292
-2.165151e-007 10.0137
-2.163151e-007 9.99817
-2.161151e-007 9.98781
-2.159151e-007 9.96744
-2.157151e-007 9.95294
-2.155151e-007 9.95501
-2.153151e-007 9.97124
-2.151151e-007 9.99748
-2.149151e-007 10.0223
-2.147151e-007 10.0655
-2.145151e-007 10.1159
-2.143151e-007 10.0855
-2.141151e-007 9.99265
-2.139151e-007 9.98436
-2.137151e-007 10.0904
-2.135151e-007 10.2254
-2.133151e-007 10.3096
-2.131151e-007 10.2816
-2.129151e-007 10.1805
-2.127151e-007 10.1145
-2.125151e-007 10.0841
-2.123151e-007 10.0075
-2.121151e-007 9.94604
-2.119151e-007 9.99576
-2.117151e-007 10.0327
-2.115151e-007 9.9709
-2.113151e-007 9.9595
-2.111151e-007 10.0227
-2.109151e-007 9.9923
-2.107151e-007 9.88216
-2.105151e-007 9.83521
-2.103151e-007 9.91289
-2.101151e-007 10.0948
-2.099151e-007 10.1936
-2.097151e-007 10.0873
-2.095151e-007 9.99852
-2.093151e-007 10.0862
-2.091151e-007 10.1891
-2.089151e-007 10.157
-2.087151e-007 10.0458
-2.085151e-007 9.96779
-2.083151e-007 9.96952
-2.081151e-007 10.0061
-2.079151e-007 9.98264
-2.077151e-007 9.92877
-2.075151e-007 9.89804
-2.073151e-007 9.87353
-2.071151e-007 9.89632
-2.069151e-007 9.90115
-2.067151e-007 9.8283
-2.065151e-007 9.85661
-2.063151e-007 9.99127
-2.061151e-007 10.0254
-2.059151e-007 9.9778
-2.057151e-007 9.98609
-2.055151e-007 10.051
-2.053151e-007 10.0907
-2.051151e-007 10.0593
-2.049151e-007 10.0141
-2.047151e-007 10.0223
-2.045151e-007 10.0078
-2.043151e-007 9.91116
-2.041151e-007 9.86145
-2.039151e-007 9.92256
-2.037151e-007 9.99161
-2.035151e-007 10.0134
-2.033151e-007 10.0085
-2.031151e-007 10.0013
-2.029151e-007 10.0227
-2.027151e-007 10.0765
-2.025151e-007 10.0652
-2.023151e-007 9.96606
-2.021151e-007 9.93741
-2.019151e-007 10.0289
-2.017151e-007 10.0897
-2.015151e-007 10.0434
-2.013151e-007 10.0303
-2.011151e-007 10.1097
-2.009151e-007 10.1297
-2.007151e-007 10.0745
-2.005151e-007 10.0724
-2.003151e-007 10.1145
-2.001151e-007 10.0734
-1.999151e-007 9.93464
-1.997151e-007 9.82692
-1.995151e-007 9.81691
-1.993151e-007 9.88113
-1.991151e-007 9.91427
-1.989151e-007 9.84763
-1.987151e-007 9.83624
-1.985151e-007 9.96675
-1.983151e-007 10.1011
-1.981151e-007 10.1432
-1.979151e-007 10.0911
-1.977151e-007 10.0296
-1.975151e-007 10.061
-1.973151e-007 10.1366
-1.971151e-007 10.1708
-1.969151e-007 10.1781
-1.967151e-007 10.1594
-1.965151e-007 10.0973
-1.963151e-007 10.0607
-1.961151e-007 10.1031
-1.959151e-007 10.118
-1.957151e-007 10.0303
-1.955151e-007 9.974
-1.953151e-007 10.0417
-1.951151e-007 10.0935
-1.949151e-007 10.0089
-1.947151e-007 9.88631
-1.945151e-007 9.86559
-1.943151e-007 9.92221
-1.941151e-007 10.0327
-1.939151e-007 10.1805
-1.937151e-007 10.2147
-1.935151e-007 10.1111
-1.933151e-007 10.0127
-1.931151e-007 9.974
-1.929151e-007 9.98229
-1.927151e-007 10.04
-1.925151e-007 10.0662
-1.923151e-007 10.0002
-1.921151e-007 9.94776
-1.919151e-007 9.98712
-1.917151e-007 10.0289
-1.915151e-007 9.97262
-1.913151e-007 9.86283
-1.911151e-007 9.82519
-1.909151e-007 9.91565
-1.907151e-007 10.0334
-1.905151e-007 10.062
-1.903151e-007 10.0206
-1.901151e-007 9.94535
-1.899151e-007 9.88078
-1.897151e-007 9.88458
-1.895151e-007 9.92877
-1.893151e-007 9.98436
-1.891151e-007 10.042
-1.889151e-007 10.0541
-1.887151e-007 10.0389
-1.885151e-007 10.0638
-1.883151e-007 10.0676
-1.881151e-007 10.0047
-1.879151e-007 9.99334
-1.877151e-007 10.0234
-1.875151e-007 9.9595
-1.873151e-007 9.87146
-1.871151e-007 9.90909
-1.869151e-007 10.0721
-1.867151e-007 10.1881
-1.865151e-007 10.0938
-1.863151e-007 9.96952
-1.861151e-007 10.0299
-1.859151e-007 10.0714
-1.857151e-007 9.96157
-1.855151e-007 9.89943
-1.853151e-007 9.9412
-1.851151e-007 9.99679
-1.849151e-007 10.0313
-1.847151e-007 10.0027
-1.845151e-007 9.95985
-1.843151e-007 10.033
-1.841151e-007 10.1384
-1.839151e-007 10.0924
-1.837151e-007 9.96399
-1.835151e-007 9.91807
-1.833151e-007 9.95847
-1.831151e-007 9.99576
-1.829151e-007 10.0037
-1.827151e-007 10.0375
-1.825151e-007 10.1021
-1.823151e-007 10.156
-1.821151e-007 10.1522
-1.819151e-007 10.0676
-1.817151e-007 9.99817
-1.815151e-007 10.0265
-1.813151e-007 10.0807
-1.811151e-007 10.0652
-1.809151e-007 10.0189
-1.807151e-007 10.0213
-1.805151e-007 10.0714
-1.803151e-007 10.1515
-1.801151e-007 10.1829
-1.799151e-007 10.0572
-1.797151e-007 9.88492
-1.795151e-007 9.87215
-1.793151e-007 9.9595
-1.791151e-007 9.9557
-1.789151e-007 9.90046
-1.787151e-007 9.94017
-1.785151e-007 10.0721
-1.783151e-007 10.1888
-1.781151e-007 10.1822
-1.779151e-007 10.0869
-1.777151e-007 10.0493
-1.775151e-007 10.0707
-1.773151e-007 10.089
-1.771151e-007 10.1297
-1.769151e-007 10.1708
-1.767151e-007 10.1487
-1.765151e-007 10.0948
-1.763151e-007 10.0527
-1.761151e-007 10.0137
-1.759151e-007 9.99196
-1.757151e-007 9.98643
-1.755151e-007 9.98022
-1.753151e-007 9.99023
-1.751151e-007 10.0396
-1.749151e-007 10.1397
-1.747151e-007 10.2005
-1.745151e-007 10.11
-1.743151e-007 9.97262
-1.741151e-007 9.96019
-1.739151e-007 10.0248
-1.737151e-007 10.0582
-1.735151e-007 10.0786
-1.733151e-007 10.0755
-1.731151e-007 10.0244
-1.729151e-007 9.97573
-1.727151e-007 9.96675
-1.725151e-007 9.99058
-1.723151e-007 10.0113
-1.721151e-007 10.0096
-1.719151e-007 9.99127
-1.717151e-007 9.96434
-1.715151e-007 9.92912
-1.713151e-007 9.89321
-1.711151e-007 9.88216
-1.709151e-007 9.8573
-1.707151e-007 9.83003
-1.705151e-007 9.87284
-1.703151e-007 9.92946
-1.701151e-007 9.97642
-1.699151e-007 10.0603
-1.697151e-007 10.0959
-1.695151e-007 10.0683
-1.693151e-007 10.0921
-1.691151e-007 10.1332
-1.689151e-007 10.127
-1.687151e-007 10.089
-1.685151e-007 10.0248
-1.683151e-007 10.0054
-1.681151e-007 10.0534
-1.679151e-007 10.0317
-1.677151e-007 9.89666
-1.675151e-007 9.79412
-1.673151e-007 9.80724
-1.671151e-007 9.88838
-1.669151e-007 9.974
-1.667151e-007 10.0396
-1.665151e-007 10.0665
-1.663151e-007 10.0002
-1.661151e-007 9.90391
-1.659151e-007 9.93948
-1.657151e-007 10.0393
-1.655151e-007 10.0358
-1.653151e-007 10.032
-1.651151e-007 10.1225
-1.649151e-007 10.166
-1.647151e-007 10.0935
-1.645151e-007 9.97884
-1.643151e-007 9.91289
-1.641151e-007 9.95122
-1.639151e-007 10.0393
-1.637151e-007 10.0866
-1.635151e-007 10.1156
-1.633151e-007 10.1656
-1.631151e-007 10.1629
-1.629151e-007 10.0793
-1.627151e-007 10.0203
-1.625151e-007 10.0085
-1.623151e-007 10.0013
-1.621151e-007 10.0558
-1.619151e-007 10.1642
-1.617151e-007 10.1922
-1.615151e-007 10.1207
-1.613151e-007 10.0348
-1.611151e-007 9.96641
-1.609151e-007 9.96123
-1.607151e-007 10.0251
-1.605151e-007 10.0904
-1.603151e-007 10.1332
-1.601151e-007 10.1152
-1.599151e-007 10.0303
-1.597151e-007 9.97608
-1.595151e-007 9.97677
-1.593151e-007 9.97228
-1.591151e-007 9.93602
-1.589151e-007 9.83797
-1.587151e-007 9.70815
-1.585151e-007 9.71954
-1.583151e-007 9.90944
-1.581151e-007 10.0541
-1.579151e-007 10.0569
-1.577151e-007 9.98954
-1.575151e-007 9.91531
-1.573151e-007 9.93602
-1.571151e-007 9.96813
-1.569151e-007 9.87111
-1.567151e-007 9.82657
-1.565151e-007 9.91289
-1.563151e-007 9.95605
-1.561151e-007 9.9816
-1.559151e-007 10.0427
-1.557151e-007 10.0672
-1.555151e-007 10.0755
-1.553151e-007 10.05
-1.551151e-007 9.95156
-1.549151e-007 9.89425
-1.547151e-007 9.95329
-1.545151e-007 10.0786
-1.543151e-007 10.175
-1.541151e-007 10.1646
-1.539151e-007 10.0534
-1.537151e-007 9.91289
-1.535151e-007 9.86076
-1.533151e-007 9.92325
-1.531151e-007 10.0248
-1.529151e-007 10.1225
-1.527151e-007 10.1325
-1.525151e-007 10.0268
-1.523151e-007 9.92463
-1.521151e-007 9.90633
-1.519151e-007 9.90115
-1.517151e-007 9.83728
-1.515151e-007 9.84936
-1.513151e-007 9.9854
-1.511151e-007 10.0589
-1.509151e-007 10.0458
-1.507151e-007 10.0845
-1.505151e-007 10.1922
-1.503151e-007 10.2803
-1.501151e-007 10.262
-1.499151e-007 10.1611
-1.497151e-007 10.1142
-1.495151e-007 10.1449
-1.493151e-007 10.1587
-1.491151e-007 10.1397
-1.489151e-007 10.1294
-1.487151e-007 10.1004
-1.485151e-007 10.0279
-1.483151e-007 10.0134
-1.481151e-007 10.0772
-1.479151e-007 10.1024
-1.477151e-007 10.0765
-1.475151e-007 10.0386
-1.473151e-007 10.003
-1.471151e-007 9.98194
-1.469151e-007 9.95363
-1.467151e-007 9.90668
-1.465151e-007 9.87836
-1.463151e-007 9.87388
-1.461151e-007 9.85937
-1.459151e-007 9.89873
-1.457151e-007 10.0593
-1.455151e-007 10.2633
-1.453151e-007 10.3421
-1.451151e-007 10.1908
-1.449151e-007 9.97469
-1.447151e-007 9.95778
-1.445151e-007 10.0914
-1.443151e-007 10.1149
-1.441151e-007 9.96468
-1.439151e-007 9.8321
-1.437151e-007 9.85281
-1.435151e-007 9.91427
-1.433151e-007 9.93464
-1.431151e-007 9.96365
-1.429151e-007 9.96813
-1.427151e-007 9.9381
-1.425151e-007 9.9488
-1.423151e-007 9.9854
-1.421151e-007 9.96054
-1.419151e-007 9.91703
-1.417151e-007 9.9778
-1.415151e-007 10.0572
-1.413151e-007 10.0286
-1.411151e-007 9.99161
-1.409151e-007 10.0027
-1.407151e-007 10.0082
-1.405151e-007 10.0268
-1.403151e-007 10.0096
-1.401151e-007 9.93188
-1.399151e-007 9.93326
-1.397151e-007 10.0165
-1.395151e-007 10.031
-1.393151e-007 9.98402
-1.391151e-007 9.94327
-1.389151e-007 9.87042
-1.387151e-007 9.83693
-1.385151e-007 9.92705
-1.383151e-007 10.0006
-1.381151e-007 10.003
-1.379151e-007 10.0127
-1.377151e-007 10.0282
-1.375151e-007 10.0631
-1.373151e-007 10.1242
-1.371151e-007 10.1442
-1.369151e-007 10.0645
-1.367151e-007 9.91151
-1.365151e-007 9.85558
-1.363151e-007 9.99852
-1.361151e-007 10.1618
-1.359151e-007 10.186
-1.357151e-007 10.1176
-1.355151e-007 10.0141
-1.353151e-007 9.92774
-1.351151e-007 9.91151
-1.349151e-007 9.92325
-1.347151e-007 9.96296
-1.345151e-007 10.0486
-1.343151e-007 10.031
-1.341151e-007 9.87526
-1.339151e-007 9.81967
-1.337151e-007 9.93292
-1.335151e-007 10.031
-1.333151e-007 10.0655
-1.331151e-007 10.0562
-1.329151e-007 10.0106
-1.327151e-007 10.0324
-1.325151e-007 10.1104
-1.323151e-007 10.1283
-1.321151e-007 10.0848
-1.319151e-007 10.0113
-1.317151e-007 9.93671
-1.315151e-007 9.94742
-1.313151e-007 10.0196
-1.311151e-007 10.0382
-1.309151e-007 9.99679
-1.307151e-007 9.9671
-1.305151e-007 10.0051
-1.303151e-007 10.0714
-1.301151e-007 10.0797
-1.299151e-007 10.0593
-1.297151e-007 10.0734
-1.295151e-007 10.0641
-1.293151e-007 9.97884
-1.291151e-007 9.92049
-1.289151e-007 9.95294
-1.287151e-007 9.98264
-1.285151e-007 9.96848
-1.283151e-007 9.94258
-1.281151e-007 9.93982
-1.279151e-007 9.99161
-1.277151e-007 10.0531
-1.275151e-007 10.0555
-1.273151e-007 9.99196
-1.271151e-007 9.89459
-1.269151e-007 9.81898
-1.267151e-007 9.84798
-1.265151e-007 9.98056
-1.263151e-007 10.0572
-1.261151e-007 10.0144
-1.259151e-007 9.97573
-1.257151e-007 9.93706
-1.255151e-007 9.83831
-1.253151e-007 9.79515
-1.251151e-007 9.83693
-1.249151e-007 9.87457
-1.247151e-007 9.92567
-1.245151e-007 10.0071
-1.243151e-007 10.0396
-1.241151e-007 9.95743
-1.239151e-007 9.84349
-1.237151e-007 9.85696
-1.235151e-007 9.96606
-1.233151e-007 10.0061
-1.231151e-007 9.95881
-1.229151e-007 9.88769
-1.227151e-007 9.85972
-1.225151e-007 9.93982
-1.223151e-007 10.0303
-1.221151e-007 10.0092
-1.219151e-007 9.93913
-1.217151e-007 9.90357
-1.215151e-007 9.92705
-1.213151e-007 9.96779
-1.211151e-007 9.92843
-1.209151e-007 9.86801
-1.207151e-007 9.91738
-1.205151e-007 9.97711
-1.203151e-007 9.93395
-1.201151e-007 9.88803
-1.199151e-007 9.90081
-1.197151e-007 9.94224
-1.195151e-007 9.99403
-1.193151e-007 10.041
-1.191151e-007 10.0942
-1.189151e-007 10.1187
-1.187151e-007 10.0769
-1.185151e-007 10.0548
-1.183151e-007 10.1073
-1.181151e-007 10.1428
-1.179151e-007 10.1135
-1.177151e-007 10.081
-1.175151e-007 10.0928
-1.173151e-007 10.1404
-1.171151e-007 10.1732
-1.169151e-007 10.1459
-1.167151e-007 10.0824
-1.165151e-007 10.0279
-1.163151e-007 10.0092
-1.161151e-007 10.021
-1.159151e-007 9.99714
-1.157151e-007 9.95122
-1.155151e-007 9.95536
-1.153151e-007 9.94017
-1.151151e-007 9.86628
-1.149151e-007 9.8466
-1.147151e-007 9.89908
-1.145151e-007 9.94362
-1.143151e-007 9.99403
-1.141151e-007 10.0731
-1.139151e-007 10.1163
-1.137151e-007 10.1366
-1.135151e-007 10.185
-1.133151e-007 10.1846
-1.131151e-007 10.1021
-1.129151e-007 10.0099
-1.127151e-007 9.96434
-1.125151e-007 10.0016
-1.123151e-007 10.1045
-1.121151e-007 10.1684
-1.119151e-007 10.1107
-1.117151e-007 9.99437
-1.115151e-007 9.8901
-1.113151e-007 9.82899
-1.111151e-007 9.87526
-1.109151e-007 9.92083
-1.107151e-007 9.87422
-1.105151e-007 9.88665
-1.103151e-007 9.95294
-1.101151e-007 9.94811
-1.099151e-007 9.96606
-1.097151e-007 10.0745
-1.095151e-007 10.1598
-1.093151e-007 10.1501
-1.091151e-007 10.0538
-1.089151e-007 9.93948
-1.087151e-007 9.95674
-1.085151e-007 10.0665
-1.083151e-007 10.062
-1.081151e-007 9.96641
-1.079151e-007 9.91669
-1.077151e-007 9.92325
-1.075151e-007 9.96261
-1.073151e-007 10.0158
-1.071151e-007 10.0417
-1.069151e-007 10.0217
-1.067151e-007 10.0179
-1.065151e-007 10.0576
-1.063151e-007 10.061
-1.061151e-007 10.004
-1.059151e-007 9.97331
-1.057151e-007 10.0272
-1.055151e-007 10.0772
-1.053151e-007 10.0299
-1.051151e-007 9.96468
-1.049151e-007 9.98264
-1.047151e-007 10.022
-1.045151e-007 9.99437
-1.043151e-007 9.91634
-1.041151e-007 9.8245
-1.039151e-007 9.78756
-1.037151e-007 9.81691
-1.035151e-007 9.84833
-1.033151e-007 9.94535
-1.031151e-007 10.0665
-1.029151e-007 10.0085
-1.027151e-007 9.87111
-1.025151e-007 9.90322
-1.023151e-007 10.0607
-1.021151e-007 10.1535
-1.019151e-007 10.1183
-1.017151e-007 10.0665
-1.015151e-007 10.0752
-1.013151e-007 10.0524
-1.011151e-007 9.97435
-1.009151e-007 9.93395
-1.007151e-007 9.98056
-1.005151e-007 10.0852
-1.003151e-007 10.1031
-1.001151e-007 9.97435
-9.991515e-008 9.90495
-9.971515e-008 9.98298
-9.951515e-008 10.0531
-9.931515e-008 10.0465
-9.911515e-008 9.98851
-9.891515e-008 9.92946
-9.871515e-008 9.91911
-9.851515e-008 9.92428
-9.831515e-008 9.91703
-9.811515e-008 9.92325
-9.791515e-008 9.99368
-9.771515e-008 10.1138
-9.751515e-008 10.1732
-9.731515e-008 10.1415
-9.711515e-008 10.0472
-9.691515e-008 9.94086
-9.671515e-008 9.9267
-9.651515e-008 9.96848
-9.631515e-008 9.96261
-9.611515e-008 9.95605
-9.591515e-008 9.96813
-9.571515e-008 9.94155
-9.551515e-008 9.91703
-9.531515e-008 9.92946
-9.511515e-008 9.94189
-9.491515e-008 9.94086
-9.471515e-008 9.90357
-9.451515e-008 9.83693
-9.431515e-008 9.82761
-9.411515e-008 9.90184
-9.391515e-008 9.97262
-9.371515e-008 9.98056
-9.351515e-008 9.9488
-9.331515e-008 9.92636
-9.311515e-008 9.94155
-9.291515e-008 9.94293
-9.271515e-008 9.91531
-9.251515e-008 9.96019
-9.231515e-008 10.0403
-9.211515e-008 10.0182
-9.191515e-008 9.97159
-9.171515e-008 9.99921
-9.151515e-008 10.0358
-9.131515e-008 10.0479
-9.111515e-008 10.0286
-9.091515e-008 9.98609
-9.071515e-008 10.0006
-9.051515e-008 10.0859
-9.031515e-008 10.1522
-9.011515e-008 10.1228
-8.991515e-008 10.0147
-8.971515e-008 9.95743
-8.951515e-008 10.0199
-8.931515e-008 10.0696
-8.911515e-008 9.99714
-8.891515e-008 9.93395
-8.871515e-008 9.97297
-8.851515e-008 9.97435
-8.831515e-008 9.90391
-8.811515e-008 9.89148
-8.791515e-008 9.94535
-8.771515e-008 9.96641
-8.751515e-008 9.94258
-8.731515e-008 9.92843
-8.711515e-008 9.91116
-8.691515e-008 9.92049
-8.671515e-008 10.0168
-8.651515e-008 10.079
-8.631515e-008 10.0109
-8.611515e-008 9.94604
-8.591515e-008 9.98333
-8.571515e-008 10.0175
-8.551515e-008 9.97021
-8.531515e-008 9.96434
-8.511515e-008 10.0351
-8.491515e-008 10.0603
-8.471515e-008 10.0538
-8.451515e-008 10.0665
-8.431515e-008 10.0524
-8.411515e-008 10.0317
-8.391515e-008 10.0627
-8.371515e-008 10.0807
-8.351515e-008 10.042
-8.331515e-008 10.023
-8.311515e-008 10.0203
-8.291515e-008 9.9923
-8.271515e-008 9.95053
-8.251515e-008 9.86973
-8.231515e-008 9.83451
-8.211515e-008 9.97021
-8.191515e-008 10.1691
-8.171515e-008 10.2526
-8.151515e-008 10.2026
-8.131515e-008 10.1173
-8.111515e-008 10.0655
-8.091515e-008 10.0441
-8.071515e-008 10.042
-8.051515e-008 10.0475
-8.031515e-008 10.0058
-8.011515e-008 9.89114
-7.991515e-008 9.84522
-7.971515e-008 9.96779
-7.951515e-008 10.089
-7.931515e-008 10.0406
-7.911515e-008 9.91842
-7.891515e-008 9.90875
-7.871515e-008 10.0137
-7.851515e-008 10.0607
-7.831515e-008 9.99437
-7.811515e-008 9.92532
-7.791515e-008 9.89425
-7.771515e-008 9.86283
-7.751515e-008 9.82864
-7.731515e-008 9.84902
-7.711515e-008 9.96572
-7.691515e-008 10.0845
-7.671515e-008 10.1056
-7.651515e-008 10.0841
-7.631515e-008 10.062
-7.611515e-008 10.0192
-7.591515e-008 10.0009
-7.571515e-008 10.0096
-7.551515e-008 9.974
-7.531515e-008 9.92567
-7.511515e-008 9.94362
-7.491515e-008 10.0103
-7.471515e-008 10.0576
-7.451515e-008 10.0614
-7.431515e-008 10.0475
-7.411515e-008 10.0645
-7.391515e-008 10.1411
-7.371515e-008 10.1936
-7.351515e-008 10.108
-7.331515e-008 9.9854
-7.311515e-008 9.97608
-7.291515e-008 10.0365
-7.271515e-008 10.0786
-7.251515e-008 9.99472
-7.231515e-008 9.7993
-7.211515e-008 9.74233
-7.191515e-008 9.87802
-7.171515e-008 9.99437
-7.151515e-008 10.0047
-7.131515e-008 10.0141
-7.111515e-008 10.0607
-7.091515e-008 10.0631
-7.071515e-008 10.0469
-7.051515e-008 10.1294
-7.031515e-008 10.2074
-7.011515e-008 10.1056
-6.991515e-008 9.99023
-6.971515e-008 10.0444
-6.951515e-008 10.1567
-6.931515e-008 10.2264
-6.911515e-008 10.1895
-6.891515e-008 10.0241
-6.871515e-008 9.90599
-6.851515e-008 9.95743
-6.831515e-008 10.0562
-6.811515e-008 10.09
-6.791515e-008 10.0669
-6.771515e-008 10.0065
-6.751515e-008 9.97297
-6.731515e-008 10.0158
-6.711515e-008 10.0406
-6.691515e-008 9.98885
-6.671515e-008 9.90875
-6.651515e-008 9.8573
-6.631515e-008 9.93223
-6.611515e-008 10.0835
-6.591515e-008 10.1176
-6.571515e-008 10.0876
-6.551515e-008 10.1242
-6.531515e-008 10.138
-6.511515e-008 10.0631
-6.491515e-008 9.97884
-6.471515e-008 9.91186
-6.451515e-008 9.85178
-6.431515e-008 9.87457
-6.411515e-008 9.95674
-6.391515e-008 9.97469
-6.371515e-008 9.95191
-6.351515e-008 9.91807
-6.331515e-008 9.85005
-6.311515e-008 9.80517
-6.291515e-008 9.80275
-6.271515e-008 9.83762
-6.251515e-008 9.95847
-6.231515e-008 10.0745
-6.211515e-008 10.0607
-6.191515e-008 9.99576
-6.171515e-008 9.98194
-6.151515e-008 10.0116
-6.131515e-008 10.0572
-6.111515e-008 10.0728
-6.091515e-008 10.0189
-6.071515e-008 9.9633
-6.051515e-008 9.98609
-6.031515e-008 10.0562
-6.011515e-008 10.0921
-5.991515e-008 10.0362
-5.971515e-008 9.91842
-5.951515e-008 9.86697
-5.931515e-008 9.92256
-5.911515e-008 9.98989
-5.891515e-008 10.0127
-5.871515e-008 9.99817
-5.851515e-008 10.0085
-5.831515e-008 10.1273
-5.811515e-008 10.2406
-5.791515e-008 10.204
-5.771515e-008 10.1318
-5.751515e-008 10.1242
-5.731515e-008 10.1028
-5.711515e-008 10.0306
-5.691515e-008 9.96952
-5.671515e-008 9.98505
-5.651515e-008 10.032
-5.631515e-008 10.0078
-5.611515e-008 9.92843
-5.591515e-008 9.92221
-5.571515e-008 9.99196
-5.551515e-008 9.99403
-5.531515e-008 9.93637
-5.511515e-008 9.88492
-5.491515e-008 9.84487
-5.471515e-008 9.92428
-5.451515e-008 10.1062
-5.431515e-008 10.2046
-5.411515e-008 10.1636
-5.391515e-008 10.0541
-5.371515e-008 10.0127
-5.351515e-008 10.1021
-5.331515e-008 10.1667
-5.311515e-008 10.0893
-5.291515e-008 9.97677
-5.271515e-008 9.93533
-5.251515e-008 9.9595
-5.231515e-008 10.0123
-5.211515e-008 10.0531
-5.191515e-008 10.0375
-5.171515e-008 9.97573
-5.151515e-008 9.96088
-5.131515e-008 9.9999
-5.111515e-008 9.97297
-5.091515e-008 9.88389
-5.071515e-008 9.84211
-5.051515e-008 9.87042
-5.031515e-008 9.90322
-5.011515e-008 9.93568
-4.991515e-008 10.023
-4.971515e-008 10.0862
-4.951515e-008 10.0662
-4.931515e-008 10.061
-4.911515e-008 10.0576
-4.891515e-008 10.0141
-4.871515e-008 10.0437
-4.851515e-008 10.1131
-4.831515e-008 10.0379
-4.811515e-008 9.88941
-4.791515e-008 9.84591
-4.771515e-008 9.88251
-4.751515e-008 9.93913
-4.731515e-008 9.99817
-4.711515e-008 10.0103
-4.691515e-008 9.96192
-4.671515e-008 9.92083
-4.651515e-008 9.95743
-4.631515e-008 10.0382
-4.611515e-008 10.0403
-4.591515e-008 9.95847
-4.571515e-008 9.94258
-4.551515e-008 9.97815
-4.531515e-008 9.93913
-4.511515e-008 9.90115
-4.491515e-008 9.92532
-4.471515e-008 9.95709
-4.451515e-008 9.99058
-4.431515e-008 9.99161
-4.411515e-008 9.95881
-4.391515e-008 10.0027
-4.371515e-008 10.1062
-4.351515e-008 10.1249
-4.331515e-008 10.0406
-4.311515e-008 9.92049
-4.291515e-008 9.80137
-4.271515e-008 9.74682
-4.251515e-008 9.84384
-4.231515e-008 10.0572
-4.211515e-008 10.1919
-4.191515e-008 10.1201
-4.171515e-008 9.96572
-4.151515e-008 9.93188
-4.131515e-008 10.0289
-4.111515e-008 10.0914
-4.091515e-008 10.0223
-4.071515e-008 9.92394
-4.051515e-008 9.95018
-4.031515e-008 10.0582
-4.011515e-008 10.061
-3.991515e-008 9.95812
-3.971515e-008 9.91393
-3.951515e-008 9.93637
-3.931515e-008 9.93499
-3.911515e-008 9.90322
-3.891515e-008 9.87146
-3.871515e-008 9.90495
-3.851515e-008 10.0469
-3.831515e-008 10.1373
-3.811515e-008 10.0306
-3.791515e-008 9.91082
-3.771515e-008 9.93292
-3.751515e-008 10.0137
-3.731515e-008 10.0841
-3.711515e-008 10.0907
-3.691515e-008 10.0479
-3.671515e-008 10.0441
-3.651515e-008 10.0365
-3.631515e-008 10.0123
-3.611515e-008 10.0393
-3.591515e-008 10.0355
-3.571515e-008 9.96882
-3.551515e-008 9.99196
-3.531515e-008 10.1221
-3.511515e-008 10.1674
-3.491515e-008 10.0382
-3.471515e-008 9.9267
-3.451515e-008 9.96952
-3.431515e-008 10.0206
-3.411515e-008 9.98643
-3.391515e-008 9.96813
-3.371515e-008 10.0524
-3.351515e-008 10.1636
-3.331515e-008 10.1705
-3.311515e-008 10.0807
-3.291515e-008 9.98505
-3.271515e-008 9.97435
-3.251515e-008 10.0462
-3.231515e-008 10.0717
-3.211515e-008 10.0431
-3.191515e-008 10.0479
-3.171515e-008 10.0282
-3.151515e-008 9.95329
-3.131515e-008 9.94569
-3.111515e-008 10.0023
-3.091515e-008 10.0006
-3.071515e-008 9.96813
-3.051515e-008 9.9923
-3.031515e-008 10.0341
-3.011515e-008 9.99507
-2.991515e-008 9.85799
-2.971515e-008 9.76097
-2.951515e-008 9.85212
-2.931515e-008 10.0241
-2.911515e-008 10.0797
-2.891515e-008 10.05
-2.871515e-008 10.0251
-2.851515e-008 9.9854
-2.831515e-008 9.92532
-2.811515e-008 9.95087
-2.791515e-008 10.1221
-2.771515e-008 10.2575
-2.751515e-008 10.177
-2.731515e-008 10.0071
-2.711515e-008 9.93844
-2.691515e-008 9.9305
-2.671515e-008 9.91462
-2.651515e-008 9.96434
-2.631515e-008 10.0852
-2.611515e-008 10.1739
-2.591515e-008 10.1511
-2.571515e-008 9.99472
-2.551515e-008 9.8649
-2.531515e-008 9.9305
-2.511515e-008 10.0286
-2.491515e-008 9.97953
-2.471515e-008 9.89632
-2.451515e-008 9.88872
-2.431515e-008 9.91462
-2.411515e-008 9.93464
-2.391515e-008 9.95363
-2.371515e-008 9.95398
-2.351515e-008 9.94776
-2.331515e-008 9.97884
-2.311515e-008 9.98091
-2.291515e-008 9.92636
-2.271515e-008 9.95156
-2.251515e-008 10.0783
-2.231515e-008 10.1656
-2.211515e-008 10.1287
-2.191515e-008 10.0334
-2.171515e-008 10.0386
-2.151515e-008 10.1394
-2.131515e-008 10.1801
-2.111515e-008 10.1577
-2.091515e-008 10.1273
-2.071515e-008 10.0828
-2.051515e-008 10.0779
-2.031515e-008 10.0914
-2.011515e-008 10.042
-1.991515e-008 9.97608
-1.971515e-008 9.92808
-1.951515e-008 9.89045
-1.931515e-008 9.88182
-1.911515e-008 9.85834
-1.891515e-008 9.81932
-1.871515e-008 9.83624
-1.851515e-008 9.90978
-1.831515e-008 10.0261
-1.811515e-008 10.1273
-1.791515e-008 10.1328
-1.771515e-008 10.08
-1.751515e-008 10.041
-1.731515e-008 10.0579
-1.711515e-008 10.1418
-1.691515e-008 10.2178
-1.671515e-008 10.1815
-1.651515e-008 10.0676
-1.631515e-008 10.0327
-1.611515e-008 10.1159
-1.591515e-008 10.1642
-1.571515e-008 10.0845
-1.551515e-008 9.99817
-1.531515e-008 9.98816
-1.511515e-008 9.94811
-1.491515e-008 9.84798
-1.471515e-008 9.82761
-1.451515e-008 9.93223
-1.431515e-008 10.0161
-1.411515e-008 9.97366
-1.391515e-008 9.86628
-1.371515e-008 9.82554
-1.351515e-008 9.90357
-1.331515e-008 10.0075
-1.311515e-008 10.0355
-1.291515e-008 10.0317
-1.271515e-008 10.0562
-1.251515e-008 10.0013
-1.231515e-008 9.86455
-1.211515e-008 9.88147
-1.191515e-008 10.0444
-1.171515e-008 10.1232
-1.151515e-008 10.0693
-1.131515e-008 9.96192
-1.111515e-008 9.90322
-1.091515e-008 9.92049
-1.071515e-008 9.94431
-1.051515e-008 9.95536
-1.031515e-008 9.95122
-1.011515e-008 9.93533
-9.915145e-009 9.92118
-9.715145e-009 9.92152
-9.515145e-009 10.0248
-9.315145e-009 10.1577
-9.115145e-009 10.1118
-8.915145e-009 9.9526
-8.715145e-009 9.88561
-8.515145e-009 9.9412
-8.315145e-009 10.0013
-8.115145e-009 9.9778
-7.915145e-009 9.92774
-7.715145e-009 9.94293
-7.515145e-009 9.99817
-7.315145e-009 10.0213
-7.115145e-009 9.98747
-6.915145e-009 9.94776
-6.715145e-009 9.99023
-6.515145e-009 10.0952
-6.315145e-009 10.158
-6.115145e-009 10.1428
-5.915145e-009 10.0855
-5.715145e-009 10.0513
-5.515145e-009 10.0924
-5.315145e-009 10.1611
-5.115145e-009 10.147
-4.915145e-009 10.0527
-4.715145e-009 9.99507
-4.515145e-009 10.0524
-4.315145e-009 10.156
-4.115145e-009 10.1359
-3.915145e-009 9.98436
-3.715145e-009 9.88769
-3.515145e-009 9.92014
-3.315145e-009 9.96157
-3.115145e-009 9.96088
-2.915145e-009 10.0013
-2.715145e-009 10.0603
-2.515145e-009 10.0334
-2.315145e-009 9.9709
-2.115145e-009 9.95053
-1.915145e-009 9.89977
-1.715145e-009 9.68052
-1.515145e-009 9.14259
-1.315145e-009 8.22832
-1.115145e-009 7.01089
-9.151452e-010 5.64121
-7.151452e-010 4.36129
-5.151452e-010 3.38694
-3.151452e-010 2.73161
-1.151452e-010 2.27413
8.485478e-011 1.95303
2.848548e-010 1.73689
4.848548e-010 1.5684
6.848548e-010 1.43685
8.848548e-010 1.34777
1.084855e-009 1.28321
1.284855e-009 1.24557
1.484855e-009 1.24212
1.684855e-009 1.22002
1.884855e-009 1.12507
2.084855e-009 1.06776
2.284855e-009 1.19067
2.484855e-009 1.37125
2.684855e-009 1.37574
2.884855e-009 1.26111
3.084855e-009 1.22555
3.284855e-009 1.24419
3.484855e-009 1.27112
3.684855e-009 1.35951
3.884855e-009 1.43547
4.084855e-009 1.38679
4.284855e-009 1.2687
4.484855e-009 1.23728
4.684855e-009 1.28942
4.884855e-009 1.29356
5.084855e-009 1.26387
5.284855e-009 1.27561
5.484855e-009 1.32326
5.684855e-009 1.3892
5.884855e-009 1.43858
6.084855e-009 1.4441
6.284855e-009 1.39714
6.484855e-009 1.27181
6.684855e-009 1.14751
6.884855e-009 1.18135
7.084855e-009 1.31083
7.284855e-009 1.33914
7.484855e-009 1.28113
7.684855e-009 1.24384
7.884855e-009 1.19861
8.084855e-009 1.12921
8.284855e-009 1.10953
8.484855e-009 1.1703
8.684855e-009 1.2725
8.884855e-009 1.36158
9.084855e-009 1.3678
9.284855e-009 1.29702
9.484855e-009 1.28424
9.684855e-009 1.3167
9.884855e-009 1.25386
1.008485e-008 1.16547
1.028485e-008 1.16961
1.048485e-008 1.26698
1.068485e-008 1.38333
1.088485e-008 1.35571
1.108485e-008 1.21933
1.128485e-008 1.18618
1.148485e-008 1.23452
1.168485e-008 1.24799
1.188485e-008 1.26663
1.208485e-008 1.28044
1.228485e-008 1.24626
1.248485e-008 1.28459
1.268485e-008 1.34328
1.288485e-008 1.28321
1.308485e-008 1.23141
1.328485e-008 1.19343
1.348485e-008 1.09952
1.368485e-008 1.07881
1.388485e-008 1.14855
1.408485e-008 1.19896
1.428485e-008 1.23383
1.448485e-008 1.28424
1.468485e-008 1.27975
1.488485e-008 1.17375
1.508485e-008 1.08571
1.528485e-008 1.1268
1.548485e-008 1.19136
1.568485e-008 1.16305
1.588485e-008 1.13129
1.608485e-008 1.14337
1.628485e-008 1.09296
1.648485e-008 0.98282
1.668485e-008 0.897884
1.688485e-008 0.87475
1.708485e-008 0.948293
1.728485e-008 1.06707
1.748485e-008 1.09123
1.768485e-008 1.01493
1.788485e-008 0.951055
1.808485e-008 0.968319
1.828485e-008 1.0826
1.848485e-008 1.17893
1.868485e-008 1.13854
1.888485e-008 1.09296
1.908485e-008 1.14959
1.928485e-008 1.19551
1.948485e-008 1.18929
1.968485e-008 1.17203
1.988485e-008 1.12645
2.008485e-008 1.06189
2.028485e-008 1.01217
2.048485e-008 1.0063
2.068485e-008 1.07466
2.088485e-008 1.15338
2.108485e-008 1.14475
2.128485e-008 1.09331
2.148485e-008 1.10297
2.168485e-008 1.15753
2.188485e-008 1.19309
2.208485e-008 1.21829
2.228485e-008 1.22693
2.248485e-008 1.17824
2.268485e-008 1.12645
2.288485e-008 1.1482
2.308485e-008 1.23867
2.328485e-008 1.29287
2.348485e-008 1.18135
2.368485e-008 1.00595
2.388485e-008 0.94415
2.408485e-008 0.961413
2.428485e-008 1.017
2.448485e-008 1.08226
2.468485e-008 1.06327
2.488485e-008 1.01286
2.508485e-008 1.02632
2.528485e-008 1.04877
2.548485e-008 1.05015
2.568485e-008 1.07535
2.588485e-008 1.12818
2.608485e-008 1.18066
2.628485e-008 1.20241
2.648485e-008 1.1703
2.668485e-008 1.16409
2.688485e-008 1.2397
2.708485e-008 1.24523
2.728485e-008 1.12127
2.748485e-008 1.0353
2.768485e-008 1.03979
2.788485e-008 1.07984
2.808485e-008 1.15476
2.828485e-008 1.18791
2.848485e-008 1.12991
2.868485e-008 1.09987
2.888485e-008 1.11195
2.908485e-008 1.04877
2.928485e-008 0.956234
2.948485e-008 0.947602
2.968485e-008 0.998012
2.988485e-008 1.03772
3.008485e-008 1.03254
3.028485e-008 0.996286
3.048485e-008 0.986618
3.068485e-008 1.00733
3.088485e-008 1.00595
3.108485e-008 0.997667
3.128485e-008 1.01769
3.148485e-008 1.04946
3.168485e-008 1.07466
3.188485e-008 1.07259
3.208485e-008 1.01976
3.228485e-008 0.948984
3.248485e-008 0.932411
3.268485e-008 0.972807
3.288485e-008 1.01217
3.308485e-008 1.03254
3.328485e-008 1.03737
3.348485e-008 1.03288
3.368485e-008 1.04117
3.388485e-008 1.06741
3.408485e-008 1.06258
3.428485e-008 1.00802
3.448485e-008 0.991797
3.468485e-008 1.03841
3.488485e-008 1.04808
3.508485e-008 1.03357
3.528485e-008 1.08122
3.548485e-008 1.11437
3.568485e-008 1.07501
3.588485e-008 1.05118
3.608485e-008 1.04704
3.628485e-008 1.04255
3.648485e-008 1.08502
3.668485e-008 1.09054
3.688485e-008 1.00043
3.708485e-008 0.957615
3.728485e-008 1.00872
3.748485e-008 1.09365
3.768485e-008 1.17928
3.788485e-008 1.15753
3.808485e-008 1.02356
3.828485e-008 0.94415
3.848485e-008 0.975915
3.868485e-008 1.02253
3.888485e-008 1.0025
3.908485e-008 0.957961
3.928485e-008 0.973152
3.948485e-008 1.01562
3.968485e-008 1.00181
3.988485e-008 0.960032
4.008485e-008 0.962794
4.028485e-008 0.978677
4.048485e-008 0.981784
4.068485e-008 1.0208
4.088485e-008 1.06638
4.108485e-008 1.0681
4.128485e-008 1.05326
4.148485e-008 1.07086
4.168485e-008 1.16961
4.188485e-008 1.27319
4.208485e-008 1.24074
4.228485e-008 1.12956
4.248485e-008 1.09538
4.268485e-008 1.13405
4.288485e-008 1.14544
4.308485e-008 1.1123
4.328485e-008 1.07604
4.348485e-008 1.0978
4.368485e-008 1.16098
4.388485e-008 1.13025
4.408485e-008 1.0101
4.428485e-008 0.948984
4.448485e-008 0.981784
4.468485e-008 1.04393
4.488485e-008 1.09538
4.508485e-008 1.10228
4.528485e-008 1.03357
4.548485e-008 0.965211
4.568485e-008 0.999738
4.588485e-008 1.09952
4.608485e-008 1.1848
4.628485e-008 1.22244
4.648485e-008 1.19689
4.668485e-008 1.12231
4.688485e-008 1.10712
4.708485e-008 1.19378
4.728485e-008 1.20517
4.748485e-008 1.06776
4.768485e-008 0.975224
4.788485e-008 1.01562
4.808485e-008 1.01528
4.828485e-008 0.932065
4.848485e-008 0.948293
4.868485e-008 1.02805
4.888485e-008 1.01424
4.908485e-008 0.991797
4.928485e-008 1.02425
4.948485e-008 1.04324
4.968485e-008 1.04808
4.988485e-008 1.01113
5.008485e-008 0.932065
5.028485e-008 0.918254
5.048485e-008 0.995595
5.068485e-008 1.1123
5.088485e-008 1.2328
5.108485e-008 1.27803
5.128485e-008 1.18791
5.148485e-008 1.05705
5.168485e-008 0.980748
5.188485e-008 0.933792
5.208485e-008 0.897538
5.228485e-008 0.954163
5.248485e-008 1.12714
5.268485e-008 1.20863
5.288485e-008 1.11022
5.308485e-008 1.05187
5.328485e-008 1.13577
5.348485e-008 1.17203
5.368485e-008 1.03219
5.388485e-008 0.9186
5.408485e-008 1.00802
5.428485e-008 1.16305
5.448485e-008 1.24592
5.468485e-008 1.23176
5.488485e-008 1.14717
5.508485e-008 1.09296
5.528485e-008 1.09365
5.548485e-008 1.10021
5.568485e-008 1.10021
5.588485e-008 1.04359
5.608485e-008 0.947602
5.628485e-008 0.967973
5.648485e-008 1.09538
5.668485e-008 1.16167
5.688485e-008 1.14959
5.708485e-008 1.14717
5.728485e-008 1.14199
5.748485e-008 1.10781
5.768485e-008 1.11989
5.788485e-008 1.19067
5.808485e-008 1.20966
5.828485e-008 1.15822
5.848485e-008 1.17928
5.868485e-008 1.29322
5.888485e-008 1.29046
5.908485e-008 1.10712
5.928485e-008 0.950019
5.948485e-008 0.962794
5.968485e-008 1.09469
5.988485e-008 1.229
6.008485e-008 1.27112
6.028485e-008 1.21933
6.048485e-008 1.18998
6.068485e-008 1.25489
6.088485e-008 1.27526
6.108485e-008 1.13785
6.128485e-008 0.964866
6.148485e-008 0.923434
6.168485e-008 1.00043
6.188485e-008 1.06914
6.208485e-008 1.09641
6.228485e-008 1.10505
6.248485e-008 1.10021
6.268485e-008 1.12887
6.288485e-008 1.19551
6.308485e-008 1.19689
6.328485e-008 1.1085
6.348485e-008 1.06879
6.368485e-008 1.14199
6.388485e-008 1.21139
6.408485e-008 1.17514
6.428485e-008 1.08467
6.448485e-008 1.04739
6.468485e-008 1.05533
6.488485e-008 1.04704
6.508485e-008 1.03979
6.528485e-008 1.07363
6.548485e-008 1.12024
6.568485e-008 1.12369
6.588485e-008 1.09814
6.608485e-008 1.10056
6.628485e-008 1.06707
6.648485e-008 0.923088
6.668485e-008 0.830901
6.688485e-008 0.948638
6.708485e-008 1.14924
6.728485e-008 1.23797
6.748485e-008 1.1886
6.768485e-008 1.14544
6.788485e-008 1.18411
6.808485e-008 1.15718
6.828485e-008 1.03427
6.848485e-008 1.00285
6.868485e-008 1.0795
6.888485e-008 1.11368
6.908485e-008 1.09641
6.928485e-008 1.13474
6.948485e-008 1.25386
6.968485e-008 1.32395
6.988485e-008 1.24039
7.008485e-008 1.10263
7.028485e-008 1.03323
7.048485e-008 1.02425
7.068485e-008 1.04186
7.088485e-008 1.07086
7.108485e-008 1.06327
7.128485e-008 1.00699
7.148485e-008 0.991107
7.168485e-008 1.03875
7.188485e-008 1.03737
7.208485e-008 0.975224
7.228485e-008 0.955889
7.248485e-008 0.971771
7.268485e-008 0.982475
7.288485e-008 1.02322
7.308485e-008 1.11057
7.328485e-008 1.22416
7.348485e-008 1.28735
7.368485e-008 1.20517
7.388485e-008 1.07017
7.408485e-008 1.08813
7.428485e-008 1.1848
7.448485e-008 1.1634
7.468485e-008 1.14337
7.488485e-008 1.22347
7.508485e-008 1.23625
7.528485e-008 1.16685
7.548485e-008 1.14095
7.568485e-008 1.12507
7.588485e-008 1.10505
7.608485e-008 1.12473
7.628485e-008 1.10574
7.648485e-008 1.02598
7.668485e-008 1.00595
7.688485e-008 1.04911
7.708485e-008 1.05809
7.728485e-008 1.03357
7.748485e-008 1.04531
7.768485e-008 1.12404
7.788485e-008 1.22244
7.808485e-008 1.26076
7.828485e-008 1.21898
7.848485e-008 1.17168
7.868485e-008 1.16098
7.888485e-008 1.10781
7.908485e-008 1.02632
7.928485e-008 1.02805
7.948485e-008 1.06776
7.968485e-008 1.06707
7.988485e-008 1.07432
8.008485e-008 1.11126
8.028485e-008 1.09952
8.048485e-008 1.02771
8.068485e-008 1.03012
8.088485e-008 1.10056
8.108485e-008 1.07777
8.128485e-008 1.02253
8.148485e-008 1.06845
8.168485e-008 1.12576
8.188485e-008 1.11609
8.208485e-008 1.09331
8.228485e-008 1.06914
8.248485e-008 1.0467
8.268485e-008 1.09089
8.288485e-008 1.21139
8.308485e-008 1.30185
8.328485e-008 1.27975
8.348485e-008 1.18826
8.368485e-008 1.12404
8.388485e-008 1.13474
8.408485e-008 1.14786
8.428485e-008 1.13543
8.448485e-008 1.1703
8.468485e-008 1.19827
8.488485e-008 1.14026
8.508485e-008 1.07846
8.528485e-008 1.1337
8.548485e-008 1.24971
8.568485e-008 1.25696
8.588485e-008 1.15338
8.608485e-008 1.04221
8.628485e-008 1.03116
8.648485e-008 1.18446
8.668485e-008 1.33603
8.688485e-008 1.28838
8.708485e-008 1.12369
8.728485e-008 1.02322
8.748485e-008 0.992833
8.768485e-008 0.970045
8.788485e-008 0.991797
8.808485e-008 1.0719
8.828485e-008 1.15649
8.848485e-008 1.18998
8.868485e-008 1.11851
8.888485e-008 0.997321
8.908485e-008 0.949674
8.928485e-008 0.996976
8.948485e-008 1.09227
8.968485e-008 1.17168
8.988485e-008 1.17686
9.008485e-008 1.12024
9.028485e-008 1.0795
9.048485e-008 1.12991
9.068485e-008 1.24764
9.088485e-008 1.30116
9.108485e-008 1.22382
9.128485e-008 1.11609
9.148485e-008 1.08675
9.168485e-008 1.09193
9.188485e-008 1.0681
9.208485e-008 1.10056
9.228485e-008 1.22969
9.248485e-008 1.3381
9.268485e-008 1.31842
9.288485e-008 1.15649
9.308485e-008 0.980058
9.328485e-008 0.912385
9.348485e-008 0.947948
9.368485e-008 1.07742
9.388485e-008 1.21622
9.408485e-008 1.26145
9.428485e-008 1.25282
9.448485e-008 1.23763
9.468485e-008 1.22589
9.488485e-008 1.22727
9.508485e-008 1.19861
9.528485e-008 1.12265
9.548485e-008 1.04117
9.568485e-008 1.01838
9.588485e-008 1.07017
9.608485e-008 1.08295
9.628485e-008 1.05705
9.648485e-008 1.11022
9.668485e-008 1.16063
9.688485e-008 1.11402
9.708485e-008 1.04842
9.728485e-008 1.02287
9.748485e-008 1.05809
9.768485e-008 1.13198
9.788485e-008 1.12196
9.808485e-008 1.01631
9.828485e-008 0.985927
9.848485e-008 1.07915
9.868485e-008 1.12991
9.888485e-008 1.06879
9.908485e-008 1.03219
9.928485e-008 1.10884
9.948485e-008 1.19033
9.968485e-008 1.18929
9.988485e-008 1.17272
1.000849e-007 1.1482
1.002849e-007 1.09123
1.004849e-007 1.04704
1.006849e-007 1.06292
1.008849e-007 1.10436
1.010849e-007 1.06776
1.012849e-007 1.02978
1.014849e-007 1.08571
1.016849e-007 1.12887
1.018849e-007 1.12196
1.020849e-007 1.10574
1.022849e-007 1.09296
1.024849e-007 1.10539
1.026849e-007 1.09193
1.028849e-007 1.03875
1.030849e-007 1.06914
1.032849e-007 1.16409
1.034849e-007 1.17306
1.036849e-007 1.10988
1.038849e-007 1.06603
1.040849e-007 1.08502
1.042849e-007 1.17099
1.044849e-007 1.258
1.046849e-007 1.26801
1.048849e-007 1.21001
1.050849e-007 1.15615
1.052849e-007 1.1703
1.054849e-007 1.2252
1.056849e-007 1.18308
1.058849e-007 1.01804
1.060849e-007 0.945531
1.062849e-007 1.07742
1.064849e-007 1.23141
1.066849e-007 1.25593
1.068849e-007 1.19067
1.070849e-007 1.10953
1.072849e-007 1.07328
1.074849e-007 1.09918
1.076849e-007 1.12991
1.078849e-007 1.15131
1.080849e-007 1.1924
1.082849e-007 1.2214
1.084849e-007 1.19516
1.086849e-007 1.11161
1.088849e-007 1.03875
1.090849e-007 1.03219
1.092849e-007 1.06465
1.094849e-007 1.1306
1.096849e-007 1.2176
1.098849e-007 1.26836
1.100849e-007 1.27803
1.102849e-007 1.3091
1.104849e-007 1.35088
1.106849e-007 1.33223
1.108849e-007 1.29011
1.110849e-007 1.26145
1.112849e-007 1.23383
1.114849e-007 1.23349
1.116849e-007 1.22071
1.118849e-007 1.16098
1.120849e-007 1.13405
1.122849e-007 1.13508
1.124849e-007 1.08882
1.126849e-007 1.0063
1.128849e-007 0.940006
1.130849e-007 0.945876
1.132849e-007 1.02391
1.134849e-007 1.0902
1.136849e-007 1.11748
1.138849e-007 1.1489
1.140849e-007 1.152
1.142849e-007 1.10988
1.144849e-007 1.10608
1.146849e-007 1.15269
1.148849e-007 1.16927
1.150849e-007 1.13577
1.152849e-007 1.11955
1.154849e-007 1.14855
1.156849e-007 1.17445
1.158849e-007 1.19413
1.160849e-007 1.24695
1.162849e-007 1.26974
1.164849e-007 1.19343
1.166849e-007 1.10608
1.168849e-007 1.0826
1.170849e-007 1.09296
1.172849e-007 1.14579
1.174849e-007 1.2252
1.176849e-007 1.23349
1.178849e-007 1.20932
1.180849e-007 1.24384
1.182849e-007 1.2542
1.184849e-007 1.20069
1.186849e-007 1.17962
1.188849e-007 1.21381
1.190849e-007 1.26456
1.192849e-007 1.25766
1.194849e-007 1.12921
1.196849e-007 0.990416
1.198849e-007 0.978331
1.200849e-007 1.00975
1.202849e-007 0.97695
1.204849e-007 0.953817
1.206849e-007 1.0132
1.208849e-007 1.09572
1.210849e-007 1.14544
1.212849e-007 1.16719
1.214849e-007 1.15925
1.216849e-007 1.11748
1.218849e-007 1.08467
1.220849e-007 1.08847
1.222849e-007 1.07846
1.224849e-007 1.07259
1.226849e-007 1.15062
1.228849e-007 1.21208
1.230849e-007 1.10677
1.232849e-007 0.984892
1.234849e-007 1.04877
1.236849e-007 1.16616
1.238849e-007 1.17962
1.240849e-007 1.16547
1.242849e-007 1.16996
1.244849e-007 1.14475
1.246849e-007 1.1337
1.248849e-007 1.16132
1.250849e-007 1.152
1.252849e-007 1.12749
1.254849e-007 1.12335
1.256849e-007 1.10884
1.258849e-007 1.1482
1.260849e-007 1.27595
1.262849e-007 1.34881
1.264849e-007 1.28528
1.266849e-007 1.21864
1.268849e-007 1.24315
1.270849e-007 1.23038
1.272849e-007 1.09469
1.274849e-007 1.00975
1.276849e-007 1.12749
1.278849e-007 1.27147
1.280849e-007 1.23176
1.282849e-007 1.12576
1.284849e-007 1.1192
1.286849e-007 1.17583
1.288849e-007 1.20552
1.290849e-007 1.17306
1.292849e-007 1.11989
1.294849e-007 1.10366
1.296849e-007 1.11644
1.298849e-007 1.11402
1.300849e-007 1.0971
1.302849e-007 1.10366
1.304849e-007 1.14441
1.306849e-007 1.21035
1.308849e-007 1.24005
1.310849e-007 1.21691
1.312849e-007 1.2435
1.314849e-007 1.30599
1.316849e-007 1.30599
1.318849e-007 1.30599
1.320849e-007 1.32982
1.322849e-007 1.2725
1.324849e-007 1.15684
1.326849e-007 1.10574
1.328849e-007 1.16132
1.330849e-007 1.28251
1.332849e-007 1.37919
1.334849e-007 1.38092
1.336849e-007 1.38299
1.338849e-007 1.44065
1.340849e-007 1.41613
1.342849e-007 1.33223
1.344849e-007 1.34673
1.346849e-007 1.40336
1.348849e-007 1.393
1.350849e-007 1.40198
1.352849e-007 1.46516
1.354849e-007 1.42891
1.356849e-007 1.28459
1.358849e-007 1.23901
1.360849e-007 1.30772
1.362849e-007 1.27768
1.364849e-007 1.17548
1.366849e-007 1.19689
1.368849e-007 1.31704
1.370849e-007 1.44548
1.372849e-007 1.55597
1.374849e-007 1.58394
1.376849e-007 1.5356
1.378849e-007 1.51212
1.380849e-007 1.53353
1.382849e-007 1.51523
1.384849e-007 1.44583
1.386849e-007 1.40716
1.388849e-007 1.44065
1.390849e-007 1.49658
1.392849e-007 1.49175
1.394849e-007 1.42684
1.396849e-007 1.36469
1.398849e-007 1.36642
1.400849e-007 1.47518
1.402849e-007 1.6081
1.404849e-007 1.62537
1.406849e-007 1.52075
1.408849e-007 1.38471
1.410849e-007 1.28873
1.412849e-007 1.28044
1.414849e-007 1.34052
1.416849e-007 1.40509
1.418849e-007 1.47069
1.420849e-007 1.58083
1.422849e-007 1.69511
1.424849e-007 1.71825
1.426849e-007 1.65541
1.428849e-007 1.58532
1.430849e-007 1.56287
1.432849e-007 1.54596
1.434849e-007 1.4479
1.436849e-007 1.38679
1.438849e-007 1.4883
1.440849e-007 1.58601
1.442849e-007 1.57012
1.444849e-007 1.51005
1.446849e-007 1.40025
1.448849e-007 1.31842
1.450849e-007 1.4151
1.452849e-007 1.55148
1.454849e-007 1.5608
1.456849e-007 1.528
1.458849e-007 1.50694
1.460849e-007 1.50107
1.462849e-007 1.53836
1.464849e-007 1.55252
1.466849e-007 1.52213
1.468849e-007 1.56184
1.470849e-007 1.65264
1.472849e-007 1.62502
1.474849e-007 1.48553
1.476849e-007 1.42822
1.478849e-007 1.54596
1.480849e-007 1.66853
1.482849e-007 1.61156
1.484849e-007 1.50729
1.486849e-007 1.5394
1.488849e-007 1.6088
1.490849e-007 1.57392
1.492849e-007 1.47207
1.494849e-007 1.43029
1.496849e-007 1.528
1.498849e-007 1.69373
1.500849e-007 1.76866
1.502849e-007 1.73724
1.504849e-007 1.70409
1.506849e-007 1.6958
1.508849e-007 1.70409
1.510849e-007 1.75243
1.512849e-007 1.79869
1.514849e-007 1.75346
1.516849e-007 1.67923
1.518849e-007 1.66024
1.520849e-007 1.63607
1.522849e-007 1.59913
1.524849e-007 1.60569
1.526849e-007 1.68614
1.528849e-007 1.77556
1.530849e-007 1.75588
1.532849e-007 1.74069
1.534849e-007 1.86533
1.536849e-007 1.92437
1.538849e-007 1.76796
1.540849e-007 1.61984
1.542849e-007 1.61674
1.544849e-007 1.65403
1.546849e-007 1.70651
1.548849e-007 1.75484
1.550849e-007 1.74276
1.552849e-007 1.72239
1.554849e-007 1.6996
1.556849e-007 1.65506
1.558849e-007 1.66922
1.560849e-007 1.72239
1.562849e-007 1.72308
1.564849e-007 1.70478
1.566849e-007 1.7324
1.568849e-007 1.78143
1.570849e-007 1.77694
1.572849e-007 1.6927
1.574849e-007 1.60154
1.576849e-007 1.57876
1.578849e-007 1.634
1.580849e-007 1.77867
1.582849e-007 1.97098
1.584849e-007 2.06317
1.586849e-007 2.01829
1.588849e-007 1.95372
1.590849e-007 1.88536
1.592849e-007 1.81837
1.594849e-007 1.83978
1.596849e-007 1.92403
1.598849e-007 1.98687
1.600849e-007 2.02208
1.602849e-007 1.99239
1.604849e-007 1.86222
1.606849e-007 1.76348
1.608849e-007 1.77625
1.610849e-007 1.81216
1.612849e-007 1.8277
1.614849e-007 1.86395
1.616849e-007 1.93749
1.618849e-007 1.96097
1.620849e-007 1.88915
1.622849e-007 1.83598
1.624849e-007 1.87776
1.626849e-007 1.88708
1.628849e-007 1.80802
1.630849e-007 1.78972
1.632849e-007 1.85601
1.634849e-007 1.91574
1.636849e-007 1.9772
1.638849e-007 2.02208
1.640849e-007 1.96304
1.642849e-007 1.88432
1.644849e-007 1.94543
1.646849e-007 2.04798
1.648849e-007 2.01518
1.650849e-007 1.87016
1.652849e-007 1.78074
1.654849e-007 1.84531
1.656849e-007 1.97202
1.658849e-007 2.03279
1.660849e-007 2.0207
1.662849e-007 2.00931
1.664849e-007 2.03348
1.666849e-007 2.03486
1.668849e-007 1.97133
1.670849e-007 1.91712
1.672849e-007 1.94336
1.674849e-007 2.03555
1.676849e-007 2.12152
1.678849e-007 2.07491
1.680849e-007 1.92126
1.682849e-007 1.86637
1.684849e-007 1.92368
1.686849e-007 1.94751
1.688849e-007 1.9658
1.690849e-007 2.07422
1.692849e-007 2.19334
1.694849e-007 2.24996
1.696849e-007 2.2731
1.698849e-007 2.24271
1.700849e-007 2.20335
1.702849e-007 2.20197
1.704849e-007 2.16019
1.706849e-007 2.09045
1.708849e-007 2.08147
1.710849e-007 2.14604
1.712849e-007 2.22407
1.714849e-007 2.25997
1.716849e-007 2.26757
1.718849e-007 2.28173
1.720849e-007 2.27379
1.722849e-007 2.15743
1.724849e-007 1.98928
1.726849e-007 1.95199
1.728849e-007 1.99619
1.730849e-007 1.97651
1.732849e-007 1.99584
1.734849e-007 2.14189
1.736849e-007 2.26101
1.738849e-007 2.26067
1.740849e-007 2.2106
1.742849e-007 2.19748
1.744849e-007 2.2548
1.746849e-007 2.29934
1.748849e-007 2.26101
1.750849e-007 2.20024
1.752849e-007 2.16226
1.754849e-007 2.15916
1.756849e-007 2.22441
1.758849e-007 2.30141
1.760849e-007 2.30417
1.762849e-007 2.26826
1.764849e-007 2.21371
1.766849e-007 2.12083
1.768849e-007 2.08561
1.770849e-007 2.12739
1.772849e-007 2.14086
1.774849e-007 2.15087
1.776849e-007 2.19437
1.778849e-007 2.19541
1.780849e-007 2.20197
1.782849e-007 2.32523
1.784849e-007 2.44159
1.786849e-007 2.40464
1.788849e-007 2.2876
1.790849e-007 2.20991
1.792849e-007 2.20301
1.794849e-007 2.24685
1.796849e-007 2.3273
1.798849e-007 2.40464
1.800849e-007 2.43572
1.802849e-007 2.42122
1.804849e-007 2.33076
1.806849e-007 2.18609
1.808849e-007 2.12463
1.810849e-007 2.17538
1.812849e-007 2.2213
1.814849e-007 2.27137
1.816849e-007 2.36079
1.818849e-007 2.3967
1.820849e-007 2.37806
1.822849e-007 2.38324
1.824849e-007 2.4257
1.826849e-007 2.49234
1.828849e-007 2.52203
1.830849e-007 2.47646
1.832849e-007 2.44124
1.834849e-007 2.43572
1.836849e-007 2.35803
1.838849e-007 2.23373
1.840849e-007 2.19748
1.842849e-007 2.26032
1.844849e-007 2.3349
1.846849e-007 2.36943
1.848849e-007 2.34491
1.850849e-007 2.29381
1.852849e-007 2.31867
1.854849e-007 2.43261
1.856849e-007 2.51582
1.858849e-007 2.52549
1.860849e-007 2.52411
1.862849e-007 2.53343
1.864849e-007 2.54862
1.866849e-007 2.55035
1.868849e-007 2.49096
1.870849e-007 2.42709
1.872849e-007 2.44815
1.874849e-007 2.48785
1.876849e-007 2.47024
1.878849e-007 2.43917
1.880849e-007 2.45816
1.882849e-007 2.50788
1.884849e-007 2.5065
1.886849e-007 2.4775
1.888849e-007 2.49131
1.890849e-007 2.49579
1.892849e-007 2.46955
1.894849e-007 2.4592
1.896849e-007 2.45471
1.898849e-007 2.4775
1.900849e-007 2.57417
1.902849e-007 2.65358
1.904849e-007 2.63563
1.906849e-007 2.60352
1.908849e-007 2.5797
1.910849e-007 2.4844
1.912849e-007 2.36114
1.914849e-007 2.34146
1.916849e-007 2.43123
1.918849e-007 2.51996
1.920849e-007 2.55
1.922849e-007 2.55276
1.924849e-007 2.56727
1.926849e-007 2.58315
1.928849e-007 2.57279
1.930849e-007 2.54172
1.932849e-007 2.51375
1.934849e-007 2.49303
1.936849e-007 2.4951
1.938849e-007 2.5027
1.940849e-007 2.50374
1.942849e-007 2.56692
1.944849e-007 2.63218
1.946849e-007 2.59903
1.948849e-007 2.53308
1.950849e-007 2.44815
1.952849e-007 2.38738
1.954849e-007 2.47128
1.956849e-007 2.59627
1.958849e-007 2.62872
1.960849e-007 2.60801
1.962849e-007 2.62562
1.964849e-007 2.72747
1.966849e-007 2.83209
1.968849e-007 2.84245
1.970849e-007 2.73472
1.972849e-007 2.58833
1.974849e-007 2.56623
1.976849e-007 2.70675
1.978849e-007 2.8131
1.980849e-007 2.7109
1.982849e-007 2.5538
1.984849e-007 2.54033
1.986849e-007 2.60041
1.988849e-007 2.66498
1.990849e-007 2.71918
1.992849e-007 2.69467
1.994849e-007 2.62493
1.996849e-007 2.61146
1.998849e-007 2.66394
2.000849e-007 2.70675
2.002849e-007 2.69087
2.004849e-007 2.67154
2.006849e-007 2.71573
2.008849e-007 2.77028
2.010849e-007 2.72885
2.012849e-007 2.66325
2.014849e-007 2.69018
2.016849e-007 2.72195
2.018849e-007 2.72126
2.020849e-007 2.75371
2.022849e-007 2.80999
2.024849e-007 2.89389
2.026849e-007 2.94706
2.028849e-007 2.8711
2.030849e-007 2.75164
2.032849e-007 2.75095
2.034849e-007 2.8352
2.036849e-007 2.81724
2.038849e-007 2.69294
2.040849e-007 2.6484
2.042849e-007 2.76511
2.044849e-007 2.92669
2.046849e-007 2.97123
2.048849e-007 2.88768
2.050849e-007 2.78237
2.052849e-007 2.74508
2.054849e-007 2.77892
2.056849e-007 2.83347
2.058849e-007 2.8825
2.060849e-007 2.92427
2.062849e-007 2.96605
2.064849e-007 2.97814
2.066849e-007 2.97883
2.068849e-007 3.04167
2.070849e-007 3.09622
2.072849e-007 3.01577
2.074849e-007 2.85039
2.076849e-007 2.75855
2.078849e-007 2.79583
2.080849e-007 2.90218
2.082849e-007 2.9443
2.084849e-007 2.84486
2.086849e-007 2.7658
2.088849e-007 2.79791
2.090849e-007 2.791
2.092849e-007 2.75268
2.094849e-007 2.80826
2.096849e-007 2.90667
2.098849e-007 2.9191
2.100849e-007 2.82415
2.102849e-007 2.78962
2.104849e-007 2.92186
2.106849e-007 3.0099
2.108849e-007 2.91461
2.110849e-007 2.83209
2.112849e-007 2.89562
2.114849e-007 2.95569
2.116849e-007 2.87421
2.118849e-007 2.80412
2.120849e-007 2.94257
2.122849e-007 3.11141
2.124849e-007 3.02993
2.126849e-007 2.82449
2.128849e-007 2.75613
2.130849e-007 2.79376
2.132849e-007 2.82518
2.134849e-007 2.8528
2.136849e-007 2.90667
2.138849e-007 2.98159
2.140849e-007 3.06515
2.142849e-007 3.12281
2.144849e-007 3.07101
2.146849e-007 2.96951
2.148849e-007 2.955
2.150849e-007 2.99644
2.152849e-007 3.03442
2.154849e-007 3.0648
2.156849e-007 3.07378
2.158849e-007 3.04512
2.160849e-007 2.97848
2.162849e-007 2.93325
2.164849e-007 2.96295
2.166849e-007 2.98746
2.168849e-007 2.91841
2.170849e-007 2.86454
2.172849e-007 2.92669
2.174849e-007 2.99816
2.176849e-007 3.02026
2.178849e-007 3.03649
2.180849e-007 3.04719
2.182849e-007 3.10036
2.184849e-007 3.21327
2.186849e-007 3.24434
2.188849e-007 3.12833
2.190849e-007 3.01508
2.192849e-007 3.04098
2.194849e-007 3.13144
2.196849e-007 3.08379
2.198849e-007 2.92635
2.200849e-007 2.95742
2.202849e-007 3.16596
2.204849e-007 3.2326
2.206849e-007 3.16976
2.208849e-007 3.18495
2.210849e-007 3.22604
2.212849e-007 3.16735
2.214849e-007 3.07792
2.216849e-007 3.09173
2.218849e-007 3.138
2.220849e-007 3.09173
2.222849e-007 3.09173
2.224849e-007 3.21948
2.226849e-007 3.29475
2.228849e-007 3.25228
2.230849e-007 3.14905
2.232849e-007 3.06549
2.234849e-007 3.11659
2.236849e-007 3.24883
2.238849e-007 3.3165
2.240849e-007 3.27196
2.242849e-007 3.1594
2.244849e-007 3.09553
2.246849e-007 3.11314
2.248849e-007 3.11694
2.250849e-007 3.07723
2.252849e-007 3.06238
2.254849e-007 3.0938
2.256849e-007 3.09795
2.258849e-007 3.06549
2.260849e-007 3.08655
2.262849e-007 3.14939
2.264849e-007 3.20602
2.266849e-007 3.26885
2.268849e-007 3.29371
2.270849e-007 3.25953
2.272849e-007 3.21879
2.274849e-007 3.17425
2.276849e-007 3.12902
2.278849e-007 3.17183
2.280849e-007 3.28923
2.282849e-007 3.32341
2.284849e-007 3.23951
2.286849e-007 3.12522
2.288849e-007 3.05202
2.290849e-007 3.07654
2.292849e-007 3.21741
2.294849e-007 3.35276
2.296849e-007 3.34896
2.298849e-007 3.27024
2.300849e-007 3.21568
2.302849e-007 3.21465
2.304849e-007 3.26437
2.306849e-007 3.31305
2.308849e-007 3.34412
2.310849e-007 3.38279
2.312849e-007 3.408
2.314849e-007 3.38176
2.316849e-007 3.33204
2.318849e-007 3.29233
2.320849e-007 3.24158
2.322849e-007 3.19324
2.324849e-007 3.18288
2.326849e-007 3.21706
2.328849e-007 3.25297
2.330849e-007 3.24158
2.332849e-007 3.28025
2.334849e-007 3.4408
2.336849e-007 3.59065
2.338849e-007 3.61792
2.340849e-007 3.56682
2.342849e-007 3.53333
2.344849e-007 3.55198
2.346849e-007 3.57994
2.348849e-007 3.53817
2.350849e-007 3.42699
2.352849e-007 3.36104
2.354849e-007 3.37761
2.356849e-007 3.39281
2.358849e-007 3.40075
2.360849e-007 3.39833
2.362849e-007 3.32997
2.364849e-007 3.30718
2.366849e-007 3.40075
2.368849e-007 3.47187
2.370849e-007 3.47256
2.372849e-007 3.42802
2.374849e-007 3.33825
2.376849e-007 3.29061
2.378849e-007 3.36001
2.380849e-007 3.48568
2.382849e-007 3.58961
2.384849e-007 3.65832
2.386849e-007 3.69181
2.388849e-007 3.649
2.390849e-007 3.51503
2.392849e-007 3.42008
2.394849e-007 3.45634
2.396849e-007 3.5102
2.398849e-007 3.49086
2.400849e-007 3.46566
2.402849e-007 3.47671
2.404849e-007 3.46739
2.406849e-007 3.4263
2.408849e-007 3.40524
2.410849e-007 3.43424
2.412849e-007 3.48327
2.414849e-007 3.46739
2.416849e-007 3.39039
2.418849e-007 3.33825
2.420849e-007 3.33722
2.422849e-007 3.3859
2.424849e-007 3.47774
2.426849e-007 3.55716
2.428849e-007 3.55267
2.430849e-007 3.48154
2.432849e-007 3.48292
2.434849e-007 3.60722
2.436849e-007 3.68042
2.438849e-007 3.61654
2.440849e-007 3.56095
2.442849e-007 3.56751
2.444849e-007 3.56613
2.446849e-007 3.53955
2.448849e-007 3.52021
2.450849e-007 3.55577
2.452849e-007 3.61792
2.454849e-007 3.63691
2.456849e-007 3.63277
2.458849e-007 3.60446
2.460849e-007 3.52056
2.462849e-007 3.45806
2.464849e-007 3.4988
2.466849e-007 3.59859
2.468849e-007 3.6269
2.470849e-007 3.55819
2.472849e-007 3.55992
2.474849e-007 3.67386
2.476849e-007 3.72116
2.478849e-007 3.6307
2.480849e-007 3.45496
2.482849e-007 3.30891
2.484849e-007 3.34136
2.486849e-007 3.47636
2.488849e-007 3.53955
2.490849e-007 3.55646
2.492849e-007 3.57649
2.494849e-007 3.57925
2.496849e-007 3.60618
2.498849e-007 3.65866
2.500849e-007 3.68905
2.502849e-007 3.72461
2.504849e-007 3.74947
2.506849e-007 3.72427
2.508849e-007 3.69664
2.510849e-007 3.67524
2.512849e-007 3.65556
2.514849e-007 3.65556
2.516849e-007 3.64002
2.518849e-007 3.6124
2.520849e-007 3.6193
