-2.480792e-007 9.87767
-2.478792e-007 9.9633
-2.476792e-007 10.0082
-2.474792e-007 10.0375
-2.472792e-007 10.0558
-2.470792e-007 10.0527
-2.468792e-007 10.0462
-2.466792e-007 10.0455
-2.464792e-007 10.0258
-2.462792e-007 9.97538
-2.460792e-007 9.96503
-2.458792e-007 10.012
-2.456792e-007 10.052
-2.454792e-007 10.1031
-2.452792e-007 10.1404
-2.450792e-007 10.1031
-2.448792e-007 10.0676
-2.446792e-007 10.0372
-2.444792e-007 9.94051
-2.442792e-007 9.88423
-2.440792e-007 9.95363
-2.438792e-007 10.0168
-2.436792e-007 10.0113
-2.434792e-007 9.99955
-2.432792e-007 9.945
-2.430792e-007 9.85385
-2.428792e-007 9.86386
-2.426792e-007 9.98609
-2.424792e-007 10.0652
-2.422792e-007 10.0265
-2.420792e-007 9.95536
-2.418792e-007 9.94776
-2.416792e-007 9.96952
-2.414792e-007 9.9343
-2.412792e-007 9.91358
-2.410792e-007 10.0075
-2.408792e-007 10.1007
-2.406792e-007 10.0873
-2.404792e-007 10.0406
-2.402792e-007 10.0541
-2.400792e-007 10.1083
-2.398792e-007 10.0986
-2.396792e-007 9.99955
-2.394792e-007 9.89425
-2.392792e-007 9.8611
-2.390792e-007 9.91738
-2.388792e-007 10.033
-2.386792e-007 10.1166
-2.384792e-007 10.0835
-2.382792e-007 10.0016
-2.380792e-007 9.95536
-2.378792e-007 9.95743
-2.376792e-007 10.0486
-2.374792e-007 10.1325
-2.372792e-007 10.041
-2.370792e-007 9.90529
-2.368792e-007 9.9381
-2.366792e-007 10.0179
-2.364792e-007 9.97435
-2.362792e-007 9.92049
-2.360792e-007 9.95294
-2.358792e-007 9.99334
-2.356792e-007 10.0158
-2.354792e-007 10.0096
-2.352792e-007 9.97884
-2.350792e-007 10.0147
-2.348792e-007 10.0493
-2.346792e-007 9.9923
-2.344792e-007 9.98333
-2.342792e-007 10.0565
-2.340792e-007 10.0831
-2.338792e-007 10.0437
-2.336792e-007 9.95709
-2.334792e-007 9.84453
-2.332792e-007 9.8138
-2.330792e-007 9.87457
-2.328792e-007 9.90288
-2.326792e-007 9.88976
-2.324792e-007 9.90944
-2.322792e-007 9.96537
-2.320792e-007 10.0099
-2.318792e-007 10.0165
-2.316792e-007 10.0151
-2.314792e-007 10.0465
-2.312792e-007 10.0907
-2.310792e-007 10.1056
-2.308792e-007 10.0845
-2.306792e-007 10.0296
-2.304792e-007 9.96434
-2.302792e-007 9.93913
-2.300792e-007 9.94189
-2.298792e-007 9.94983
-2.296792e-007 9.99437
-2.294792e-007 10.0396
-2.292792e-007 10.0503
-2.290792e-007 10.0714
-2.288792e-007 10.0765
-2.286792e-007 10.0489
-2.284792e-007 10.06
-2.282792e-007 10.0524
-2.280792e-007 9.97918
-2.278792e-007 9.97884
-2.276792e-007 10.0272
-2.274792e-007 9.99783
-2.272792e-007 10.0137
-2.270792e-007 10.1187
-2.268792e-007 10.1373
-2.266792e-007 10.0734
-2.264792e-007 10.0696
-2.262792e-007 10.1359
-2.260792e-007 10.1691
-2.258792e-007 10.0907
-2.256792e-007 9.97746
-2.254792e-007 9.96779
-2.252792e-007 10.0251
-2.250792e-007 10.0448
-2.248792e-007 10.0303
-2.246792e-007 9.97642
-2.244792e-007 9.89839
-2.242792e-007 9.89045
-2.240792e-007 9.93637
-2.238792e-007 9.9526
-2.236792e-007 9.95225
-2.234792e-007 9.93671
-2.232792e-007 9.91013
-2.230792e-007 9.95018
-2.228792e-007 10.0496
-2.226792e-007 10.1121
-2.224792e-007 10.0879
-2.222792e-007 9.99437
-2.220792e-007 9.88561
-2.218792e-007 9.81587
-2.216792e-007 9.83935
-2.214792e-007 9.97849
-2.212792e-007 10.1466
-2.210792e-007 10.2312
-2.208792e-007 10.2254
-2.206792e-007 10.1542
-2.204792e-007 10.0472
-2.202792e-007 9.9816
-2.200792e-007 9.98471
-2.198792e-007 10.0282
-2.196792e-007 10.0945
-2.194792e-007 10.1453
-2.192792e-007 10.1401
-2.190792e-007 10.089
-2.188792e-007 10.0531
-2.186792e-007 10.0593
-2.184792e-007 10.0728
-2.182792e-007 10.0959
-2.180792e-007 10.0772
-2.178792e-007 9.97573
-2.176792e-007 9.96986
-2.174792e-007 10.0589
-2.172792e-007 9.99023
-2.170792e-007 9.8794
-2.168792e-007 9.9671
-2.166792e-007 10.09
-2.164792e-007 10.0645
-2.162792e-007 10.0027
-2.160792e-007 10.0161
-2.158792e-007 10.0538
-2.156792e-007 10.0707
-2.154792e-007 10.1176
-2.152792e-007 10.1943
-2.150792e-007 10.1936
-2.148792e-007 10.1121
-2.146792e-007 10.0648
-2.144792e-007 10.1
-2.142792e-007 10.1922
-2.140792e-007 10.2644
-2.138792e-007 10.2133
-2.136792e-007 10.0413
-2.134792e-007 9.9046
-2.132792e-007 9.90771
-2.130792e-007 9.99645
-2.128792e-007 10.0983
-2.126792e-007 10.1335
-2.124792e-007 10.0683
-2.122792e-007 9.98125
-2.120792e-007 9.92187
-2.118792e-007 9.87629
-2.116792e-007 9.89045
-2.114792e-007 9.96434
-2.112792e-007 9.99437
-2.110792e-007 9.9999
-2.108792e-007 10.0368
-2.106792e-007 10.0379
-2.104792e-007 10.0355
-2.102792e-007 10.0793
-2.100792e-007 10.0845
-2.098792e-007 10.0482
-2.096792e-007 10.0137
-2.094792e-007 9.98229
-2.092792e-007 10.0047
-2.090792e-007 10.0772
-2.088792e-007 10.1259
-2.086792e-007 10.1387
-2.084792e-007 10.1276
-2.082792e-007 10.099
-2.080792e-007 10.0389
-2.078792e-007 9.91945
-2.076792e-007 9.83348
-2.074792e-007 9.88907
-2.072792e-007 10.0123
-2.070792e-007 10.0645
-2.068792e-007 10.0393
-2.066792e-007 10.0265
-2.064792e-007 10.0437
-2.062792e-007 10.0538
-2.060792e-007 10.0396
-2.058792e-007 10.0206
-2.056792e-007 10.0306
-2.054792e-007 10.0403
-2.052792e-007 10.0396
-2.050792e-007 10.0686
-2.048792e-007 10.0793
-2.046792e-007 10.0179
-2.044792e-007 9.96088
-2.042792e-007 9.98574
-2.040792e-007 10.0241
-2.038792e-007 9.96088
-2.036792e-007 9.83866
-2.034792e-007 9.83175
-2.032792e-007 9.98091
-2.030792e-007 10.1183
-2.028792e-007 10.1332
-2.026792e-007 10.1035
-2.024792e-007 10.1252
-2.022792e-007 10.1656
-2.020792e-007 10.1384
-2.018792e-007 10.06
-2.016792e-007 10.0227
-2.014792e-007 10.0154
-2.012792e-007 9.98056
-2.010792e-007 9.96986
-2.008792e-007 10.0113
-2.006792e-007 10.0068
-2.004792e-007 9.95674
-2.002792e-007 9.97538
-2.000792e-007 10.0327
-1.998792e-007 10.0658
-1.996792e-007 10.1225
-1.994792e-007 10.1646
-1.992792e-007 10.1159
-1.990792e-007 10.031
-1.988792e-007 9.98781
-1.986792e-007 10.0134
-1.984792e-007 10.0897
-1.982792e-007 10.138
-1.980792e-007 10.1169
-1.978792e-007 10.0835
-1.976792e-007 10.0703
-1.974792e-007 10.0444
-1.972792e-007 10.0286
-1.970792e-007 10.0866
-1.968792e-007 10.166
-1.966792e-007 10.1501
-1.964792e-007 10.0627
-1.962792e-007 10.0192
-1.960792e-007 10.0137
-1.958792e-007 9.97021
-1.956792e-007 9.9343
-1.954792e-007 10.0027
-1.952792e-007 10.1256
-1.950792e-007 10.1636
-1.948792e-007 10.1342
-1.946792e-007 10.1577
-1.944792e-007 10.2105
-1.942792e-007 10.1974
-1.940792e-007 10.109
-1.938792e-007 10.0085
-1.936792e-007 9.96192
-1.934792e-007 9.93602
-1.932792e-007 9.91911
-1.930792e-007 9.96468
-1.928792e-007 9.98574
-1.926792e-007 9.93223
-1.924792e-007 9.90771
-1.922792e-007 9.89735
-1.920792e-007 9.8687
-1.918792e-007 9.916
-1.916792e-007 10.0189
-1.914792e-007 10.0582
-1.912792e-007 10.0683
-1.910792e-007 10.0717
-1.908792e-007 10.0161
-1.906792e-007 9.98471
-1.904792e-007 10.0382
-1.902792e-007 10.099
-1.900792e-007 10.0886
-1.898792e-007 10.0317
-1.896792e-007 10.0289
-1.894792e-007 10.07
-1.892792e-007 10.0617
-1.890792e-007 10.0327
-1.888792e-007 10.06
-1.886792e-007 10.0686
-1.884792e-007 10.0172
-1.882792e-007 10.0296
-1.880792e-007 10.0969
-1.878792e-007 10.081
-1.876792e-007 9.99679
-1.874792e-007 9.96503
-1.872792e-007 10.0386
-1.870792e-007 10.1056
-1.868792e-007 10.0572
-1.866792e-007 10.0075
-1.864792e-007 10.0431
-1.862792e-007 10.0607
-1.860792e-007 10.0306
-1.858792e-007 10.0368
-1.856792e-007 10.0614
-1.854792e-007 10.0013
-1.852792e-007 9.88423
-1.850792e-007 9.84487
-1.848792e-007 9.9046
-1.846792e-007 9.96882
-1.844792e-007 9.94604
-1.842792e-007 9.85109
-1.840792e-007 9.82899
-1.838792e-007 9.95294
-1.836792e-007 10.1211
-1.834792e-007 10.2095
-1.832792e-007 10.1825
-1.830792e-007 10.0921
-1.828792e-007 10.0296
-1.826792e-007 10.0296
-1.824792e-007 10.0821
-1.822792e-007 10.1746
-1.820792e-007 10.2202
-1.818792e-007 10.1601
-1.816792e-007 10.0821
-1.814792e-007 10.0565
-1.812792e-007 10.0634
-1.810792e-007 10.1163
-1.808792e-007 10.2074
-1.806792e-007 10.2202
-1.804792e-007 10.1273
-1.802792e-007 10.061
-1.800792e-007 10.0724
-1.798792e-007 10.0973
-1.796792e-007 10.089
-1.794792e-007 10.0662
-1.792792e-007 10.0624
-1.790792e-007 10.0144
-1.788792e-007 9.88941
-1.786792e-007 9.85281
-1.784792e-007 9.98229
-1.782792e-007 10.0582
-1.780792e-007 9.97055
-1.778792e-007 9.90599
-1.776792e-007 9.97262
-1.774792e-007 10.0489
-1.772792e-007 10.0054
-1.770792e-007 9.89908
-1.768792e-007 9.89183
-1.766792e-007 9.99196
-1.764792e-007 10.0803
-1.762792e-007 10.1069
-1.760792e-007 10.0762
-1.758792e-007 9.99334
-1.756792e-007 9.93292
-1.754792e-007 9.9305
-1.752792e-007 9.90529
-1.750792e-007 9.89563
-1.748792e-007 9.98851
-1.746792e-007 10.1107
-1.744792e-007 10.1622
-1.742792e-007 10.1494
-1.740792e-007 10.1083
-1.738792e-007 10.0458
-1.736792e-007 9.99541
-1.734792e-007 9.98851
-1.732792e-007 10.0023
-1.730792e-007 10.0082
-1.728792e-007 10.0158
-1.726792e-007 10.0496
-1.724792e-007 10.0475
-1.722792e-007 9.92601
-1.720792e-007 9.78756
-1.718792e-007 9.79481
-1.716792e-007 9.90944
-1.714792e-007 9.99645
-1.712792e-007 10.0286
-1.710792e-007 10.0551
-1.708792e-007 10.0772
-1.706792e-007 10.0434
-1.704792e-007 9.99196
-1.702792e-007 10.0089
-1.700792e-007 10.0545
-1.698792e-007 10.0731
-1.696792e-007 10.0634
-1.694792e-007 9.97849
-1.692792e-007 9.87698
-1.690792e-007 9.916
-1.688792e-007 10.0075
-1.686792e-007 9.97815
-1.684792e-007 9.90288
-1.682792e-007 9.89079
-1.680792e-007 9.94569
-1.678792e-007 10.0648
-1.676792e-007 10.1946
-1.674792e-007 10.2523
-1.672792e-007 10.2178
-1.670792e-007 10.1346
-1.668792e-007 10.0765
-1.666792e-007 10.0641
-1.664792e-007 10.0455
-1.662792e-007 10.0527
-1.660792e-007 10.1159
-1.658792e-007 10.0803
-1.656792e-007 9.94673
-1.654792e-007 9.93741
-1.652792e-007 10.0147
-1.650792e-007 10.0185
-1.648792e-007 10.0023
-1.646792e-007 10.0306
-1.644792e-007 10.0683
-1.642792e-007 10.0593
-1.640792e-007 9.9892
-1.638792e-007 9.94742
-1.636792e-007 9.92567
-1.634792e-007 9.78928
-1.632792e-007 9.63978
-1.630792e-007 9.71332
-1.628792e-007 9.9633
-1.626792e-007 10.1708
-1.624792e-007 10.2302
-1.622792e-007 10.1611
-1.620792e-007 10.1114
-1.618792e-007 10.1432
-1.616792e-007 10.0828
-1.614792e-007 9.91772
-1.612792e-007 9.87284
-1.610792e-007 9.9267
-1.608792e-007 9.87974
-1.606792e-007 9.81
-1.604792e-007 9.85903
-1.602792e-007 9.96572
-1.600792e-007 10.0586
-1.598792e-007 10.0752
-1.596792e-007 10.0068
-1.594792e-007 9.96917
-1.592792e-007 9.95985
-1.590792e-007 9.91358
-1.588792e-007 9.88907
-1.586792e-007 9.88596
-1.584792e-007 9.91427
-1.582792e-007 10.0662
-1.580792e-007 10.1957
-1.578792e-007 10.1093
-1.576792e-007 9.95018
-1.574792e-007 9.9198
-1.572792e-007 9.96468
-1.570792e-007 9.94258
-1.568792e-007 9.88458
-1.566792e-007 9.87422
-1.564792e-007 9.89114
-1.562792e-007 9.92049
-1.560792e-007 9.95709
-1.558792e-007 9.9595
-1.556792e-007 9.90426
-1.554792e-007 9.85281
-1.552792e-007 9.90978
-1.550792e-007 10.012
-1.548792e-007 10.0137
-1.546792e-007 10.0009
-1.544792e-007 10.0969
-1.542792e-007 10.1898
-1.540792e-007 10.1642
-1.538792e-007 10.0596
-1.536792e-007 9.94811
-1.534792e-007 9.89252
-1.532792e-007 9.88872
-1.530792e-007 9.86076
-1.528792e-007 9.80689
-1.526792e-007 9.83106
-1.524792e-007 9.93464
-1.522792e-007 10.0034
-1.520792e-007 10.0337
-1.518792e-007 10.099
-1.516792e-007 10.167
-1.514792e-007 10.1242
-1.512792e-007 9.98851
-1.510792e-007 9.93741
-1.508792e-007 10.0009
-1.506792e-007 10.0368
-1.504792e-007 10.0137
-1.502792e-007 10.0054
-1.500792e-007 10.0341
-1.498792e-007 10.0355
-1.496792e-007 9.9923
-1.494792e-007 10.0106
-1.492792e-007 10.0655
-1.490792e-007 10.0109
-1.488792e-007 9.97262
-1.486792e-007 10.09
-1.484792e-007 10.1539
-1.482792e-007 10.0444
-1.480792e-007 9.94362
-1.478792e-007 9.96157
-1.476792e-007 10.023
-1.474792e-007 10.0669
-1.472792e-007 10.0607
-1.470792e-007 9.98954
-1.468792e-007 9.93602
-1.466792e-007 9.96503
-1.464792e-007 10.0686
-1.462792e-007 10.1577
-1.460792e-007 10.119
-1.458792e-007 10.0217
-1.456792e-007 9.99437
-1.454792e-007 9.97538
-1.452792e-007 9.91047
-1.450792e-007 9.9046
-1.448792e-007 9.96952
-1.446792e-007 9.99196
-1.444792e-007 9.97573
-1.442792e-007 9.96434
-1.440792e-007 9.93395
-1.438792e-007 9.91634
-1.436792e-007 9.92083
-1.434792e-007 9.90633
-1.432792e-007 9.90978
-1.430792e-007 9.92739
-1.428792e-007 9.91013
-1.426792e-007 9.8977
-1.424792e-007 9.91116
-1.422792e-007 9.93084
-1.420792e-007 9.93223
-1.418792e-007 9.89321
-1.416792e-007 9.89079
-1.414792e-007 9.95881
-1.412792e-007 9.9709
-1.410792e-007 9.91772
-1.408792e-007 9.91876
-1.406792e-007 9.96054
-1.404792e-007 9.97297
-1.402792e-007 9.96226
-1.400792e-007 9.94431
-1.398792e-007 9.93154
-1.396792e-007 9.95501
-1.394792e-007 9.97815
-1.392792e-007 9.97711
-1.390792e-007 10.0237
-1.388792e-007 10.0627
-1.386792e-007 10.0158
-1.384792e-007 9.98643
-1.382792e-007 10.0279
-1.380792e-007 10.0728
-1.378792e-007 10.0835
-1.376792e-007 10.0282
-1.374792e-007 9.91945
-1.372792e-007 9.86973
-1.370792e-007 9.92325
-1.368792e-007 9.9671
-1.366792e-007 9.93948
-1.364792e-007 9.8939
-1.362792e-007 9.86766
-1.360792e-007 9.89632
-1.358792e-007 10.0013
-1.356792e-007 10.0921
-1.354792e-007 10.0859
-1.352792e-007 10.032
-1.350792e-007 10.0296
-1.348792e-007 10.0917
-1.346792e-007 10.069
-1.344792e-007 9.97262
-1.342792e-007 10.0044
-1.340792e-007 10.0935
-1.338792e-007 10.1093
-1.336792e-007 10.1052
-1.334792e-007 10.1011
-1.332792e-007 10.1014
-1.330792e-007 10.1249
-1.328792e-007 10.1328
-1.326792e-007 10.127
-1.324792e-007 10.1335
-1.322792e-007 10.0838
-1.320792e-007 10.0096
-1.318792e-007 10.0237
-1.316792e-007 10.0545
-1.314792e-007 10.0355
-1.312792e-007 10.0292
-1.310792e-007 10.0569
-1.308792e-007 10.0679
-1.306792e-007 10.0289
-1.304792e-007 10.0341
-1.302792e-007 10.1701
-1.300792e-007 10.2906
-1.298792e-007 10.2064
-1.296792e-007 10.0179
-1.294792e-007 9.96537
-1.292792e-007 10.0351
-1.290792e-007 10.0286
-1.288792e-007 9.96675
-1.286792e-007 9.99334
-1.284792e-007 10.0686
-1.282792e-007 10.1266
-1.280792e-007 10.109
-1.278792e-007 9.95329
-1.276792e-007 9.83141
-1.274792e-007 9.88907
-1.272792e-007 9.9923
-1.270792e-007 10.0137
-1.268792e-007 9.93084
-1.266792e-007 9.82139
-1.264792e-007 9.84729
-1.262792e-007 9.98056
-1.260792e-007 10.0576
-1.258792e-007 10.0579
-1.256792e-007 10.0344
-1.254792e-007 9.974
-1.252792e-007 9.90737
-1.250792e-007 9.95985
-1.248792e-007 10.0879
-1.246792e-007 10.089
-1.244792e-007 9.98989
-1.242792e-007 9.94845
-1.240792e-007 9.9267
-1.238792e-007 9.85454
-1.236792e-007 9.85834
-1.234792e-007 10.0051
-1.232792e-007 10.0955
-1.230792e-007 10.0082
-1.228792e-007 9.91669
-1.226792e-007 9.9854
-1.224792e-007 10.138
-1.222792e-007 10.2171
-1.220792e-007 10.1801
-1.218792e-007 10.0779
-1.216792e-007 9.97159
-1.214792e-007 9.88354
-1.212792e-007 9.85592
-1.210792e-007 9.91876
-1.208792e-007 9.94776
-1.206792e-007 9.90115
-1.204792e-007 9.93119
-1.202792e-007 10.0248
-1.200792e-007 10.0448
-1.198792e-007 10.0075
-1.196792e-007 10.0123
-1.194792e-007 10.1152
-1.192792e-007 10.2354
-1.190792e-007 10.1957
-1.188792e-007 10.0434
-1.186792e-007 10.0089
-1.184792e-007 10.1169
-1.182792e-007 10.1836
-1.180792e-007 10.1118
-1.178792e-007 9.98954
-1.176792e-007 9.94293
-1.174792e-007 9.95847
-1.172792e-007 9.93292
-1.170792e-007 9.93913
-1.168792e-007 10.1035
-1.166792e-007 10.2882
-1.164792e-007 10.3141
-1.162792e-007 10.2171
-1.160792e-007 10.1259
-1.158792e-007 10.0866
-1.156792e-007 10.0161
-1.154792e-007 9.90495
-1.152792e-007 9.92359
-1.150792e-007 10.0993
-1.148792e-007 10.215
-1.146792e-007 10.1808
-1.144792e-007 10.0997
-1.142792e-007 10.0113
-1.140792e-007 9.93326
-1.138792e-007 9.96848
-1.136792e-007 10.0824
-1.134792e-007 10.0848
-1.132792e-007 9.99058
-1.130792e-007 9.94983
-1.128792e-007 9.9595
-1.126792e-007 9.94189
-1.124792e-007 9.88734
-1.122792e-007 9.90806
-1.120792e-007 10.0324
-1.118792e-007 10.0444
-1.116792e-007 9.86214
-1.114792e-007 9.7223
-1.112792e-007 9.7955
-1.110792e-007 9.97504
-1.108792e-007 10.0386
-1.106792e-007 9.92118
-1.104792e-007 9.84107
-1.102792e-007 9.92394
-1.100792e-007 10.0106
-1.098792e-007 10.0406
-1.096792e-007 10.0873
-1.094792e-007 10.1173
-1.092792e-007 10.1004
-1.090792e-007 10.129
-1.088792e-007 10.1567
-1.086792e-007 10.0683
-1.084792e-007 9.99576
-1.082792e-007 10.0365
-1.080792e-007 10.0634
-1.078792e-007 10.0116
-1.076792e-007 9.96365
-1.074792e-007 9.99955
-1.072792e-007 10.0714
-1.070792e-007 10.0596
-1.068792e-007 9.98712
-1.066792e-007 10.0013
-1.064792e-007 10.0976
-1.062792e-007 10.1235
-1.060792e-007 10.0541
-1.058792e-007 9.96917
-1.056792e-007 9.87871
-1.054792e-007 9.75614
-1.052792e-007 9.68985
-1.050792e-007 9.7955
-1.048792e-007 9.95087
-1.046792e-007 9.9526
-1.044792e-007 9.86732
-1.042792e-007 9.89666
-1.040792e-007 9.99265
-1.038792e-007 9.99058
-1.036792e-007 9.9557
-1.034792e-007 10.002
-1.032792e-007 10.118
-1.030792e-007 10.2274
-1.028792e-007 10.235
-1.026792e-007 10.1473
-1.024792e-007 10.1066
-1.022792e-007 10.1577
-1.020792e-007 10.1653
-1.018792e-007 10.0938
-1.016792e-007 10.0241
-1.014792e-007 10.0154
-1.012792e-007 10.0576
-1.010792e-007 10.051
-1.008792e-007 10.0113
-1.006792e-007 10.0558
-1.004792e-007 10.1183
-1.002792e-007 10.0786
-1.000792e-007 9.97815
-9.987916e-008 9.90529
-9.967916e-008 9.9046
-9.947916e-008 9.97159
-9.927916e-008 10.0686
-9.907916e-008 10.1542
-9.887916e-008 10.1832
-9.867916e-008 10.1542
-9.847916e-008 10.1691
-9.827916e-008 10.2623
-9.807916e-008 10.2772
-9.787916e-008 10.1725
-9.767916e-008 10.0683
-9.747916e-008 9.97297
-9.727916e-008 9.88734
-9.707916e-008 9.91082
-9.687916e-008 10.0127
-9.667916e-008 10.0258
-9.647916e-008 9.93913
-9.627916e-008 9.87526
-9.607916e-008 9.87422
-9.587916e-008 9.90529
-9.567916e-008 9.91427
-9.547916e-008 9.89528
-9.527916e-008 9.90806
-9.507916e-008 9.9526
-9.487916e-008 9.96261
-9.467916e-008 9.92843
-9.447916e-008 9.91427
-9.427916e-008 9.94397
-9.407916e-008 9.98022
-9.387916e-008 9.9923
-9.367916e-008 9.96261
-9.347916e-008 9.9381
-9.327916e-008 9.97366
-9.307916e-008 10.0265
-9.287916e-008 10.042
-9.267916e-008 10.0182
-9.247916e-008 9.99507
-9.227916e-008 9.9854
-9.207916e-008 9.94604
-9.187916e-008 9.88078
-9.167916e-008 9.8832
-9.147916e-008 9.97193
-9.127916e-008 10.0541
-9.107916e-008 10.0831
-9.087916e-008 10.033
-9.067916e-008 9.94258
-9.047916e-008 9.95225
-9.027916e-008 10.0852
-9.007916e-008 10.1791
-8.987916e-008 10.1201
-8.967916e-008 10.0147
-8.947916e-008 10.003
-8.927916e-008 10.0465
-8.907916e-008 10.0406
-8.887916e-008 9.95674
-8.867916e-008 9.87698
-8.847916e-008 9.85799
-8.827916e-008 9.86697
-8.807916e-008 9.93982
-8.787916e-008 10.0265
-8.767916e-008 9.97573
-8.747916e-008 9.91772
-8.727916e-008 10.0065
-8.707916e-008 10.0783
-8.687916e-008 10.0362
-8.667916e-008 9.96572
-8.647916e-008 9.95881
-8.627916e-008 10.0683
-8.607916e-008 10.1715
-8.587916e-008 10.1346
-8.567916e-008 10.0441
-8.547916e-008 10.0296
-8.527916e-008 10.0672
-8.507916e-008 10.0828
-8.487916e-008 10.052
-8.467916e-008 9.96054
-8.447916e-008 9.91876
-8.427916e-008 10.0458
-8.407916e-008 10.1891
-8.387916e-008 10.1366
-8.367916e-008 9.90668
-8.347916e-008 9.74198
-8.327916e-008 9.82174
-8.307916e-008 9.9892
-8.287916e-008 10.0237
-8.267916e-008 9.98781
-8.247916e-008 10.012
-8.227916e-008 10.0672
-8.207916e-008 10.0873
-8.187916e-008 10.0638
-8.167916e-008 10.0503
-8.147916e-008 10.022
-8.127916e-008 9.90737
-8.107916e-008 9.82312
-8.087916e-008 9.86766
-8.067916e-008 9.96468
-8.047916e-008 10.0555
-8.027916e-008 10.0855
-8.007916e-008 10.0116
-7.987916e-008 9.9015
-7.967916e-008 9.86973
-7.947916e-008 9.90737
-7.927916e-008 9.91738
-7.907916e-008 9.92808
-7.887916e-008 9.98367
-7.867916e-008 10.032
-7.847916e-008 10.0289
-7.827916e-008 9.97918
-7.807916e-008 9.95398
-7.787916e-008 9.99576
-7.767916e-008 10.0724
-7.747916e-008 10.1373
-7.727916e-008 10.1225
-7.707916e-008 10.0306
-7.687916e-008 9.99541
-7.667916e-008 10.0272
-7.647916e-008 9.96088
-7.627916e-008 9.84867
-7.607916e-008 9.90081
-7.587916e-008 10.023
-7.567916e-008 10.0427
-7.547916e-008 10.061
-7.527916e-008 10.1404
-7.507916e-008 10.1401
-7.487916e-008 10.0351
-7.467916e-008 9.96882
-7.447916e-008 9.98436
-7.427916e-008 9.99955
-7.407916e-008 9.99679
-7.387916e-008 10.0672
-7.367916e-008 10.1912
-7.347916e-008 10.1646
-7.327916e-008 9.95985
-7.307916e-008 9.83728
-7.287916e-008 9.9015
-7.267916e-008 9.97297
-7.247916e-008 9.94811
-7.227916e-008 9.93775
-7.207916e-008 10.0106
-7.187916e-008 10.0607
-7.167916e-008 10.0075
-7.147916e-008 9.92946
-7.127916e-008 9.94535
-7.107916e-008 10.0213
-7.087916e-008 10.05
-7.067916e-008 10.0765
-7.047916e-008 10.1211
-7.027916e-008 10.0734
-7.007916e-008 9.99783
-6.987916e-008 10.0016
-6.967916e-008 9.97435
-6.947916e-008 9.89563
-6.927916e-008 9.90046
-6.907916e-008 9.99507
-6.887916e-008 10.0455
-6.867916e-008 9.98505
-6.847916e-008 9.916
-6.827916e-008 9.9267
-6.807916e-008 9.94258
-6.787916e-008 9.89839
-6.767916e-008 9.88872
-6.747916e-008 9.95639
-6.727916e-008 9.99299
-6.707916e-008 10.0023
-6.687916e-008 10.06
-6.667916e-008 10.11
-6.647916e-008 10.1287
-6.627916e-008 10.1294
-6.607916e-008 10.0265
-6.587916e-008 9.86041
-6.567916e-008 9.82968
-6.547916e-008 9.9526
-6.527916e-008 10.0665
-6.507916e-008 10.0928
-6.487916e-008 10.0748
-6.467916e-008 10.0192
-6.447916e-008 9.89839
-6.427916e-008 9.75648
-6.407916e-008 9.69503
-6.387916e-008 9.75441
-6.367916e-008 9.85834
-6.347916e-008 9.94673
-6.327916e-008 9.98505
-6.307916e-008 9.92567
-6.287916e-008 9.86145
-6.267916e-008 9.88389
-6.247916e-008 9.89148
-6.227916e-008 9.88389
-6.207916e-008 9.95536
-6.187916e-008 10.0379
-6.167916e-008 10.0507
-6.147916e-008 9.98367
-6.127916e-008 9.91496
-6.107916e-008 9.9816
-6.087916e-008 10.1038
-6.067916e-008 10.0759
-6.047916e-008 9.92567
-6.027916e-008 9.82243
-6.007916e-008 9.81863
-5.987916e-008 9.87215
-5.967916e-008 9.94327
-5.947916e-008 10.0355
-5.927916e-008 10.0866
-5.907916e-008 9.98574
-5.887916e-008 9.86973
-5.867916e-008 9.94431
-5.847916e-008 10.0855
-5.827916e-008 10.1252
-5.807916e-008 10.1007
-5.787916e-008 10.0607
-5.767916e-008 10.0569
-5.747916e-008 10.0914
-5.727916e-008 10.0814
-5.707916e-008 10.0545
-5.687916e-008 10.0607
-5.667916e-008 10.0396
-5.647916e-008 9.95294
-5.627916e-008 9.86559
-5.607916e-008 9.87698
-5.587916e-008 9.99748
-5.567916e-008 10.0976
-5.547916e-008 10.1104
-5.527916e-008 10.1477
-5.507916e-008 10.2136
-5.487916e-008 10.1577
-5.467916e-008 10.0393
-5.447916e-008 10.0424
-5.427916e-008 10.1287
-5.407916e-008 10.1646
-5.387916e-008 10.1346
-5.367916e-008 10.0921
-5.347916e-008 10.0897
-5.327916e-008 10.1142
-5.307916e-008 10.1004
-5.287916e-008 10.0755
-5.267916e-008 10.1056
-5.247916e-008 10.1245
-5.227916e-008 10.0648
-5.207916e-008 9.98367
-5.187916e-008 9.94535
-5.167916e-008 9.9488
-5.147916e-008 9.93948
-5.127916e-008 9.93395
-5.107916e-008 10.0334
-5.087916e-008 10.1463
-5.067916e-008 10.0942
-5.047916e-008 9.97262
-5.027916e-008 9.99714
-5.007916e-008 10.1459
-4.987916e-008 10.2067
-4.967916e-008 10.1194
-4.947916e-008 10.0175
-4.927916e-008 9.97228
-4.907916e-008 9.94776
-4.887916e-008 9.91945
-4.867916e-008 9.91738
-4.847916e-008 9.93706
-4.827916e-008 9.93292
-4.807916e-008 9.94569
-4.787916e-008 10.0071
-4.767916e-008 10.0234
-4.747916e-008 9.9854
-4.727916e-008 9.95709
-4.707916e-008 9.92912
-4.687916e-008 9.91772
-4.667916e-008 9.94466
-4.647916e-008 9.97918
-4.627916e-008 10.0355
-4.607916e-008 10.1087
-4.587916e-008 10.1145
-4.567916e-008 10.0479
-4.547916e-008 9.95985
-4.527916e-008 9.89908
-4.507916e-008 9.9412
-4.487916e-008 10.0403
-4.467916e-008 10.0683
-4.447916e-008 10.032
-4.427916e-008 10.0234
-4.407916e-008 10.0348
-4.387916e-008 9.99679
-4.367916e-008 9.91393
-4.347916e-008 9.89943
-4.327916e-008 10.0106
-4.307916e-008 10.0955
-4.287916e-008 10.0728
-4.267916e-008 10.0593
-4.247916e-008 10.0658
-4.227916e-008 10.0286
-4.207916e-008 9.99092
-4.187916e-008 9.97021
-4.167916e-008 9.92083
-4.147916e-008 9.86662
-4.127916e-008 9.86524
-4.107916e-008 9.93741
-4.087916e-008 10.0265
-4.067916e-008 10.0199
-4.047916e-008 9.92221
-4.027916e-008 9.85005
-4.007916e-008 9.86041
-3.987916e-008 9.93084
-3.967916e-008 10.0037
-3.947916e-008 10.0472
-3.927916e-008 10.0814
-3.907916e-008 10.069
-3.887916e-008 9.99886
-3.867916e-008 9.98056
-3.847916e-008 10.0427
-3.827916e-008 10.0797
-3.807916e-008 10.0365
-3.787916e-008 10.021
-3.767916e-008 10.1197
-3.747916e-008 10.2347
-3.727916e-008 10.2485
-3.707916e-008 10.1601
-3.687916e-008 10.0299
-3.667916e-008 9.9633
-3.647916e-008 10.0175
-3.627916e-008 10.0672
-3.607916e-008 10.0082
-3.587916e-008 9.94949
-3.567916e-008 9.9633
-3.547916e-008 9.98747
-3.527916e-008 10.0109
-3.507916e-008 10.0431
-3.487916e-008 10.0683
-3.467916e-008 10.1207
-3.447916e-008 10.2067
-3.427916e-008 10.2402
-3.407916e-008 10.1784
-3.387916e-008 10.0821
-3.367916e-008 10.0289
-3.347916e-008 9.9999
-3.327916e-008 9.91911
-3.307916e-008 9.83451
-3.287916e-008 9.85558
-3.267916e-008 9.92394
-3.247916e-008 9.90426
-3.227916e-008 9.86248
-3.207916e-008 9.8901
-3.187916e-008 9.91427
-3.167916e-008 9.95467
-3.147916e-008 10.0482
-3.127916e-008 10.099
-3.107916e-008 10.0948
-3.087916e-008 10.0562
-3.067916e-008 9.99127
-3.047916e-008 9.99368
-3.027916e-008 10.0496
-3.007916e-008 10.0444
-2.987916e-008 10.022
-2.967916e-008 10.04
-2.947916e-008 10.0431
-2.927916e-008 10.0479
-2.907916e-008 10.0707
-2.887916e-008 10.0772
-2.867916e-008 10.0603
-2.847916e-008 10.0199
-2.827916e-008 9.97987
-2.807916e-008 9.94742
-2.787916e-008 9.94949
-2.767916e-008 10.0479
-2.747916e-008 10.1674
-2.727916e-008 10.1401
-2.707916e-008 9.98125
-2.687916e-008 9.88561
-2.667916e-008 9.94224
-2.647916e-008 10.0572
-2.627916e-008 10.1059
-2.607916e-008 10.0935
-2.587916e-008 10.108
-2.567916e-008 10.0973
-2.547916e-008 9.98954
-2.527916e-008 9.91324
-2.507916e-008 9.95847
-2.487916e-008 10.0092
-2.467916e-008 9.97538
-2.447916e-008 9.90288
-2.427916e-008 9.87008
-2.407916e-008 9.92774
-2.387916e-008 10.0334
-2.367916e-008 10.0589
-2.347916e-008 10.0092
-2.327916e-008 9.99679
-2.307916e-008 10.0009
-2.287916e-008 9.99403
-2.267916e-008 10.0337
-2.247916e-008 10.0717
-2.227916e-008 10.0482
-2.207916e-008 10.0386
-2.187916e-008 10.0669
-2.167916e-008 10.0904
-2.147916e-008 10.0986
-2.127916e-008 10.0286
-2.107916e-008 9.91462
-2.087916e-008 9.9122
-2.067916e-008 9.97228
-2.047916e-008 9.96848
-2.027916e-008 9.94535
-2.007916e-008 9.95122
-1.987916e-008 9.98367
-1.967916e-008 10.0465
-1.947916e-008 10.1
-1.927916e-008 10.0969
-1.907916e-008 10.0344
-1.887916e-008 9.99403
-1.867916e-008 10.0683
-1.847916e-008 10.139
-1.827916e-008 10.0482
-1.807916e-008 9.89494
-1.787916e-008 9.83382
-1.767916e-008 9.87664
-1.747916e-008 9.9633
-1.727916e-008 10.0085
-1.707916e-008 9.97193
-1.687916e-008 9.92394
-1.667916e-008 9.91116
-1.647916e-008 9.8794
-1.627916e-008 9.8718
-1.607916e-008 9.94569
-1.587916e-008 9.98367
-1.567916e-008 9.96986
-1.547916e-008 10.0078
-1.527916e-008 10.0493
-1.507916e-008 10.0275
-1.487916e-008 9.99507
-1.467916e-008 9.99334
-1.447916e-008 10.0037
-1.427916e-008 9.97435
-1.407916e-008 9.86214
-1.387916e-008 9.77962
-1.367916e-008 9.87871
-1.347916e-008 10.0372
-1.327916e-008 10.0645
-1.307916e-008 9.99714
-1.287916e-008 9.95812
-1.267916e-008 9.98091
-1.247916e-008 9.99023
-1.227916e-008 9.95087
-1.207916e-008 9.94569
-1.187916e-008 9.98022
-1.167916e-008 10.0037
-1.147916e-008 10.0427
-1.127916e-008 10.0707
-1.107916e-008 10.023
-1.087916e-008 9.96503
-1.067916e-008 9.9961
-1.047916e-008 10.0917
-1.027916e-008 10.1553
-1.007916e-008 10.1432
-9.879157e-009 10.1083
-9.679157e-009 10.0914
-9.479157e-009 10.0327
-9.279157e-009 9.93015
-9.079157e-009 9.8939
-8.879157e-009 9.92774
-8.679157e-009 9.91669
-8.479157e-009 9.87767
-8.279157e-009 9.92359
-8.079157e-009 9.97538
-7.879157e-009 9.90978
-7.679157e-009 9.83693
-7.479157e-009 9.92463
-7.279157e-009 10.1321
-7.079157e-009 10.2347
-6.879157e-009 10.1211
-6.679157e-009 9.9854
-6.479157e-009 10.0272
-6.279157e-009 10.109
-6.079157e-009 10.0634
-5.879157e-009 10.0189
-5.679157e-009 10.0993
-5.479157e-009 10.1636
-5.279157e-009 10.1007
-5.079157e-009 10.0362
-4.879157e-009 10.0496
-4.679157e-009 10.0759
-4.479157e-009 10.089
-4.279157e-009 10.0734
-4.079157e-009 10.0096
-3.879157e-009 9.96088
-3.679157e-009 9.98851
-3.479157e-009 10.0358
-3.279157e-009 10.0403
-3.079157e-009 10.0475
-2.879157e-009 10.0717
-2.679157e-009 10.0776
-2.479157e-009 10.071
-2.279157e-009 10.0237
-2.079157e-009 9.93361
-1.879157e-009 9.81035
-1.679157e-009 9.49373
-1.479157e-009 8.82667
-1.279157e-009 7.8354
-1.079157e-009 6.61349
-8.79157e-010 5.27729
-6.79157e-010 4.01878
-4.79157e-010 3.05064
-2.79157e-010 2.45574
-7.915702e-011 2.12705
1.20843e-010 1.90469
3.20843e-010 1.75415
5.20843e-010 1.68545
7.20843e-010 1.57841
9.20843e-010 1.38713
1.120843e-009 1.31428
1.320843e-009 1.37712
1.520843e-009 1.36503
1.720843e-009 1.32464
1.920843e-009 1.34984
2.120843e-009 1.30737
2.320843e-009 1.18411
2.520843e-009 1.12507
2.720843e-009 1.15925
2.920843e-009 1.21035
3.120843e-009 1.21381
3.320843e-009 1.17548
3.520843e-009 1.18446
3.720843e-009 1.27803
3.920843e-009 1.32775
4.120843e-009 1.24557
4.320843e-009 1.14751
4.520843e-009 1.1451
4.720843e-009 1.23211
4.920843e-009 1.31428
5.120843e-009 1.31083
5.320843e-009 1.33707
5.520843e-009 1.4807
5.720843e-009 1.58635
5.920843e-009 1.53836
6.120843e-009 1.42269
6.320843e-009 1.32705
6.520843e-009 1.26939
6.720843e-009 1.26974
6.920843e-009 1.27665
7.120843e-009 1.23383
7.320843e-009 1.17272
7.520843e-009 1.12369
7.720843e-009 1.12783
7.920843e-009 1.1886
8.120843e-009 1.22865
8.320843e-009 1.25282
8.520843e-009 1.33603
8.720843e-009 1.4006
8.920843e-009 1.34984
9.120843e-009 1.27872
9.320843e-009 1.27457
9.520843e-009 1.33051
9.720843e-009 1.38161
9.920843e-009 1.32429
1.012084e-008 1.23314
1.032084e-008 1.24592
1.052084e-008 1.28182
1.072084e-008 1.26456
1.092084e-008 1.27872
1.112084e-008 1.29115
1.132084e-008 1.21346
1.152084e-008 1.18239
1.172084e-008 1.27699
1.192084e-008 1.31842
1.212084e-008 1.24246
1.232084e-008 1.16063
1.252084e-008 1.11782
1.272084e-008 1.13025
1.292084e-008 1.15856
1.312084e-008 1.10781
1.332084e-008 1.05878
1.352084e-008 1.1154
1.372084e-008 1.21691
1.392084e-008 1.29529
1.412084e-008 1.26525
1.432084e-008 1.13129
1.452084e-008 1.08778
1.472084e-008 1.19689
1.492084e-008 1.30081
1.512084e-008 1.24074
1.532084e-008 1.08778
1.552084e-008 1.08157
1.572084e-008 1.18826
1.592084e-008 1.15684
1.612084e-008 0.997667
1.632084e-008 0.892359
1.652084e-008 0.902027
1.672084e-008 0.982129
1.692084e-008 1.06845
1.712084e-008 1.13474
1.732084e-008 1.18342
1.752084e-008 1.21139
1.772084e-008 1.18377
1.792084e-008 1.12196
1.812084e-008 1.12231
1.832084e-008 1.14441
1.852084e-008 1.11678
1.872084e-008 1.12127
1.892084e-008 1.16616
1.912084e-008 1.15753
1.932084e-008 1.10539
1.952084e-008 1.03772
1.972084e-008 0.98938
1.992084e-008 1.0391
2.012084e-008 1.1047
2.032084e-008 1.06396
2.052084e-008 0.972807
2.072084e-008 0.936554
2.092084e-008 0.999738
2.112084e-008 1.0971
2.132084e-008 1.09572
2.152084e-008 1.01804
2.172084e-008 0.984201
2.192084e-008 0.989725
2.212084e-008 1.02322
2.232084e-008 1.07535
2.252084e-008 1.04877
2.272084e-008 0.966938
2.292084e-008 0.950019
2.312084e-008 0.99525
2.332084e-008 1.03599
2.352084e-008 1.04393
2.372084e-008 1.04428
2.392084e-008 1.0864
2.412084e-008 1.17755
2.432084e-008 1.24799
2.452084e-008 1.24074
2.472084e-008 1.18239
2.492084e-008 1.10194
2.512084e-008 1.06223
2.532084e-008 1.11989
2.552084e-008 1.18411
2.572084e-008 1.17341
2.592084e-008 1.10436
2.612084e-008 1.05395
2.632084e-008 1.094
2.652084e-008 1.16754
2.672084e-008 1.18757
2.692084e-008 1.17997
2.712084e-008 1.20517
2.732084e-008 1.23901
2.752084e-008 1.21968
2.772084e-008 1.15753
2.792084e-008 1.08985
2.812084e-008 1.01217
2.832084e-008 0.93172
2.852084e-008 0.940697
2.872084e-008 1.11264
2.892084e-008 1.28597
2.912084e-008 1.2618
2.932084e-008 1.13025
2.952084e-008 1.07742
2.972084e-008 1.11713
2.992084e-008 1.16788
3.012084e-008 1.15822
3.032084e-008 1.08329
3.052084e-008 1.04048
3.072084e-008 1.08571
3.092084e-008 1.08157
3.112084e-008 0.975224
3.132084e-008 0.96314
3.152084e-008 1.06292
3.172084e-008 1.09849
3.192084e-008 1.07397
3.212084e-008 1.03392
3.232084e-008 0.964866
3.252084e-008 0.932756
3.272084e-008 0.967628
3.292084e-008 0.989035
3.312084e-008 0.950019
3.332084e-008 0.897193
3.352084e-008 0.904789
3.372084e-008 1.00181
3.392084e-008 1.13992
3.412084e-008 1.1962
3.432084e-008 1.11368
3.452084e-008 1.04739
3.472084e-008 1.08882
3.492084e-008 1.10297
3.512084e-008 1.04704
3.532084e-008 1.01286
3.552084e-008 1.02218
3.572084e-008 1.03599
3.592084e-008 1.05809
3.612084e-008 1.09365
3.632084e-008 1.08744
3.652084e-008 1.02943
3.672084e-008 0.980058
3.692084e-008 0.994904
3.712084e-008 1.04877
3.732084e-008 1.06051
3.752084e-008 1.05602
3.772084e-008 1.10677
3.792084e-008 1.15891
3.812084e-008 1.12542
3.832084e-008 1.02045
3.852084e-008 0.943114
3.872084e-008 0.975569
3.892084e-008 1.00077
3.912084e-008 0.875096
3.932084e-008 0.780146
3.952084e-008 0.880965
3.972084e-008 1.06638
3.992084e-008 1.2
4.012084e-008 1.1924
4.032084e-008 1.11437
4.052084e-008 1.11644
4.072084e-008 1.1451
4.092084e-008 1.10815
4.112084e-008 1.07432
4.132084e-008 1.09849
4.152084e-008 1.12921
4.172084e-008 1.11886
4.192084e-008 1.10505
4.212084e-008 1.11575
4.232084e-008 1.06983
4.252084e-008 0.994904
4.272084e-008 1.04083
4.292084e-008 1.16961
4.312084e-008 1.24937
4.332084e-008 1.25351
4.352084e-008 1.21898
4.372084e-008 1.18618
4.392084e-008 1.13301
4.412084e-008 1.03841
4.432084e-008 0.980403
4.452084e-008 1.00388
4.472084e-008 1.04117
4.492084e-008 1.04359
4.512084e-008 1.04255
4.532084e-008 1.05326
4.552084e-008 1.0467
4.572084e-008 1.04048
4.592084e-008 1.05187
4.612084e-008 1.04704
4.632084e-008 1.03012
4.652084e-008 1.02632
4.672084e-008 1.04186
4.692084e-008 1.07017
4.712084e-008 1.08467
4.732084e-008 1.10194
4.752084e-008 1.15787
4.772084e-008 1.21519
4.792084e-008 1.21519
4.812084e-008 1.15235
4.832084e-008 1.04531
4.852084e-008 0.965556
4.872084e-008 0.986273
4.892084e-008 1.02978
4.912084e-008 1.03461
4.932084e-008 1.0429
4.952084e-008 1.05636
4.972084e-008 1.10159
4.992084e-008 1.15649
5.012084e-008 1.094
5.032084e-008 1.0101
5.052084e-008 1.08191
5.072084e-008 1.16823
5.092084e-008 1.14717
5.112084e-008 1.11092
5.132084e-008 1.07604
5.152084e-008 1.03288
5.172084e-008 0.996976
5.192084e-008 0.966247
5.212084e-008 0.967283
5.232084e-008 0.999738
5.252084e-008 1.04221
5.272084e-008 1.08882
5.292084e-008 1.14475
5.312084e-008 1.18135
5.332084e-008 1.14233
5.352084e-008 1.08467
5.372084e-008 1.10194
5.392084e-008 1.14959
5.412084e-008 1.12507
5.432084e-008 1.01251
5.452084e-008 0.907551
5.472084e-008 0.922743
5.492084e-008 1.017
5.512084e-008 1.06258
5.532084e-008 1.03357
5.552084e-008 0.999048
5.572084e-008 1.0101
5.592084e-008 1.03634
5.612084e-008 1.02943
5.632084e-008 0.99594
5.652084e-008 1.0315
5.672084e-008 1.17548
5.692084e-008 1.27699
5.712084e-008 1.24937
5.732084e-008 1.19689
5.752084e-008 1.19171
5.772084e-008 1.20828
5.792084e-008 1.1924
5.812084e-008 1.12611
5.832084e-008 1.08778
5.852084e-008 1.10919
5.872084e-008 1.11748
5.892084e-008 1.11126
5.912084e-008 1.09607
5.932084e-008 1.07155
5.952084e-008 1.07915
5.972084e-008 1.05774
5.992084e-008 0.992142
6.012084e-008 1.0101
6.032084e-008 1.09434
6.052084e-008 1.12542
6.072084e-008 1.11713
6.092084e-008 1.12714
6.112084e-008 1.17859
6.132084e-008 1.22485
6.152084e-008 1.20069
6.172084e-008 1.16616
6.192084e-008 1.16478
6.212084e-008 1.14303
6.232084e-008 1.11333
6.252084e-008 1.11092
6.272084e-008 1.12024
6.292084e-008 1.13439
6.312084e-008 1.16858
6.332084e-008 1.18618
6.352084e-008 1.14786
6.372084e-008 1.10712
6.392084e-008 1.08606
6.412084e-008 1.04877
6.432084e-008 1.04221
6.452084e-008 1.10746
6.472084e-008 1.18549
6.492084e-008 1.1886
6.512084e-008 1.07604
6.532084e-008 0.973152
6.552084e-008 1.05498
6.572084e-008 1.21553
6.592084e-008 1.17237
6.612084e-008 1.00319
6.632084e-008 1.03116
6.652084e-008 1.1665
6.672084e-008 1.16512
6.692084e-008 1.094
6.712084e-008 1.06361
6.732084e-008 1.07881
6.752084e-008 1.10401
6.772084e-008 1.09503
6.792084e-008 1.08329
6.812084e-008 1.09434
6.832084e-008 1.10194
6.852084e-008 1.10056
6.872084e-008 1.0864
6.892084e-008 1.10436
6.912084e-008 1.1482
6.932084e-008 1.12369
6.952084e-008 1.14337
6.972084e-008 1.29149
6.992084e-008 1.30185
7.012084e-008 1.09952
7.032084e-008 0.975915
7.052084e-008 1.01838
7.072084e-008 1.0498
7.092084e-008 1.01942
7.112084e-008 1.00975
7.132084e-008 1.01838
7.152084e-008 1.02391
7.172084e-008 1.05498
7.192084e-008 1.0643
7.212084e-008 1.02322
7.232084e-008 1.02874
7.252084e-008 1.10021
7.272084e-008 1.13267
7.292084e-008 1.10712
7.312084e-008 1.12127
7.332084e-008 1.19136
7.352084e-008 1.22037
7.372084e-008 1.16167
7.392084e-008 1.08951
7.412084e-008 1.08675
7.432084e-008 1.11022
7.452084e-008 1.08433
7.472084e-008 1.01217
7.492084e-008 0.964866
7.512084e-008 0.995595
7.532084e-008 1.06499
7.552084e-008 1.1306
7.572084e-008 1.15097
7.592084e-008 1.11437
7.612084e-008 1.06361
7.632084e-008 1.00561
7.652084e-008 1.0246
7.672084e-008 1.15994
7.692084e-008 1.23038
7.712084e-008 1.16271
7.732084e-008 1.10677
7.752084e-008 1.12542
7.772084e-008 1.10643
7.792084e-008 1.01493
7.812084e-008 0.990761
7.832084e-008 1.06983
7.852084e-008 1.11402
7.872084e-008 1.11057
7.892084e-008 1.13923
7.912084e-008 1.1848
7.932084e-008 1.20069
7.952084e-008 1.14682
7.972084e-008 1.05843
7.992084e-008 1.02632
8.012084e-008 1.00216
8.032084e-008 0.926196
8.052084e-008 0.886144
8.072084e-008 0.93172
8.092084e-008 1.01424
8.112084e-008 1.0902
8.132084e-008 1.14233
8.152084e-008 1.16823
8.172084e-008 1.17134
8.192084e-008 1.15373
8.212084e-008 1.11471
8.232084e-008 1.07501
8.252084e-008 1.04221
8.272084e-008 1.02253
8.292084e-008 1.06983
8.312084e-008 1.14682
8.332084e-008 1.15546
8.352084e-008 1.12127
8.372084e-008 1.08675
8.392084e-008 1.03323
8.412084e-008 0.993178
8.432084e-008 1.01976
8.452084e-008 1.08537
8.472084e-008 1.17341
8.492084e-008 1.26801
8.512084e-008 1.27078
8.532084e-008 1.18549
8.552084e-008 1.10366
8.572084e-008 1.07363
8.592084e-008 1.1451
8.612084e-008 1.23245
8.632084e-008 1.21381
8.652084e-008 1.1451
8.672084e-008 1.10919
8.692084e-008 1.11022
8.712084e-008 1.11092
8.732084e-008 1.07673
8.752084e-008 1.0536
8.772084e-008 1.09123
8.792084e-008 1.08951
8.812084e-008 1.01976
8.832084e-008 1.06327
8.852084e-008 1.23418
8.872084e-008 1.36262
8.892084e-008 1.3678
8.912084e-008 1.23003
8.932084e-008 1.06465
8.952084e-008 1.06879
8.972084e-008 1.1482
8.992084e-008 1.10332
9.012084e-008 1.05878
9.032084e-008 1.12783
9.052084e-008 1.1665
9.072084e-008 1.17514
9.092084e-008 1.22071
9.112084e-008 1.20172
9.132084e-008 1.16823
9.152084e-008 1.21933
9.172084e-008 1.23763
9.192084e-008 1.18066
9.212084e-008 1.12335
9.232084e-008 1.07017
9.252084e-008 1.02736
9.272084e-008 1.04117
9.292084e-008 1.14682
9.312084e-008 1.26456
9.332084e-008 1.24488
9.352084e-008 1.18791
9.372084e-008 1.26629
9.392084e-008 1.33534
9.412084e-008 1.25248
9.432084e-008 1.14682
9.452084e-008 1.12058
9.472084e-008 1.11506
9.492084e-008 1.0864
9.512084e-008 1.05602
9.532084e-008 1.04462
9.552084e-008 1.06189
9.572084e-008 1.06016
9.592084e-008 1.03116
9.612084e-008 1.05498
9.632084e-008 1.09572
9.652084e-008 1.07811
9.672084e-008 1.09089
9.692084e-008 1.17928
9.712084e-008 1.21553
9.732084e-008 1.18515
9.752084e-008 1.20794
9.772084e-008 1.20621
9.792084e-008 1.08744
9.812084e-008 0.993178
9.832084e-008 1.03668
9.852084e-008 1.18031
9.872084e-008 1.2984
9.892084e-008 1.27699
9.912084e-008 1.15511
9.932084e-008 1.08088
9.952084e-008 1.13163
9.972084e-008 1.17237
9.992084e-008 1.05636
1.001208e-007 0.926886
1.003208e-007 0.991107
1.005208e-007 1.17686
1.007208e-007 1.34432
1.009208e-007 1.44548
1.011208e-007 1.39266
1.013208e-007 1.25558
1.015208e-007 1.22002
1.017208e-007 1.24488
1.019208e-007 1.24039
1.021208e-007 1.22865
1.023208e-007 1.21588
1.025208e-007 1.20483
1.027208e-007 1.20517
1.029208e-007 1.19827
1.031208e-007 1.14061
1.033208e-007 1.01424
1.035208e-007 0.871643
1.037208e-007 0.822615
1.039208e-007 0.952091
1.041208e-007 1.16271
1.043208e-007 1.24108
1.045208e-007 1.152
1.047208e-007 1.05567
1.049208e-007 1.06845
1.051208e-007 1.14855
1.053208e-007 1.20138
1.055208e-007 1.25627
1.057208e-007 1.33465
1.059208e-007 1.31083
1.061208e-007 1.21035
1.063208e-007 1.20863
1.065208e-007 1.26594
1.067208e-007 1.26111
1.069208e-007 1.23867
1.071208e-007 1.22347
1.073208e-007 1.18273
1.075208e-007 1.15166
1.077208e-007 1.13336
1.079208e-007 1.0826
1.081208e-007 1.02701
1.083208e-007 1.01493
1.085208e-007 1.06223
1.087208e-007 1.14648
1.089208e-007 1.16892
1.091208e-007 1.12576
1.093208e-007 1.13785
1.095208e-007 1.18031
1.097208e-007 1.15649
1.099208e-007 1.10056
1.101208e-007 1.08019
1.103208e-007 1.12576
1.105208e-007 1.19067
1.107208e-007 1.20656
1.109208e-007 1.21173
1.111208e-007 1.23176
1.113208e-007 1.18273
1.115208e-007 1.06051
1.117208e-007 1.04773
1.119208e-007 1.16271
1.121208e-007 1.14855
1.123208e-007 0.981439
1.125208e-007 0.89961
1.127208e-007 0.975569
1.129208e-007 1.08088
1.131208e-007 1.11955
1.133208e-007 1.14061
1.135208e-007 1.20276
1.137208e-007 1.22865
1.139208e-007 1.13923
1.141208e-007 1.04635
1.143208e-007 1.08019
1.145208e-007 1.1558
1.147208e-007 1.1665
1.149208e-007 1.16547
1.151208e-007 1.18549
1.153208e-007 1.19309
1.155208e-007 1.1993
1.157208e-007 1.1993
1.159208e-007 1.17548
1.161208e-007 1.15649
1.163208e-007 1.15891
1.165208e-007 1.18757
1.167208e-007 1.2504
1.169208e-007 1.2946
1.171208e-007 1.27699
1.173208e-007 1.23487
1.175208e-007 1.20656
1.177208e-007 1.18964
1.179208e-007 1.15994
1.181208e-007 1.14406
1.183208e-007 1.1489
1.185208e-007 1.08985
1.187208e-007 1.03461
1.189208e-007 1.12438
1.191208e-007 1.26111
1.193208e-007 1.27354
1.195208e-007 1.17652
1.197208e-007 1.11022
1.199208e-007 1.11195
1.201208e-007 1.0902
1.203208e-007 1.05809
1.205208e-007 1.10953
1.207208e-007 1.20379
1.209208e-007 1.21657
1.211208e-007 1.14441
1.213208e-007 1.09607
1.215208e-007 1.10608
1.217208e-007 1.14682
1.219208e-007 1.18826
1.221208e-007 1.1665
1.223208e-007 1.10125
1.225208e-007 1.07708
1.227208e-007 1.09193
1.229208e-007 1.14751
1.231208e-007 1.21484
1.233208e-007 1.19654
1.235208e-007 1.11299
1.237208e-007 1.06016
1.239208e-007 1.05015
1.241208e-007 1.03047
1.243208e-007 1.03668
1.245208e-007 1.13267
1.247208e-007 1.20656
1.249208e-007 1.15373
1.251208e-007 1.07881
1.253208e-007 1.10746
1.255208e-007 1.21933
1.257208e-007 1.31048
1.259208e-007 1.3129
1.261208e-007 1.22969
1.263208e-007 1.094
1.265208e-007 1.01182
1.267208e-007 1.08502
1.269208e-007 1.19033
1.271208e-007 1.17548
1.273208e-007 1.10194
1.275208e-007 1.05222
1.277208e-007 1.06154
1.279208e-007 1.12404
1.281208e-007 1.14095
1.283208e-007 1.11299
1.285208e-007 1.09952
1.287208e-007 1.06189
1.289208e-007 1.07466
1.291208e-007 1.20138
1.293208e-007 1.28286
1.295208e-007 1.2435
1.297208e-007 1.20414
1.299208e-007 1.19689
1.301208e-007 1.14199
1.303208e-007 1.13508
1.305208e-007 1.28355
1.307208e-007 1.41199
1.309208e-007 1.37988
1.311208e-007 1.28355
1.313208e-007 1.22209
1.315208e-007 1.20241
1.317208e-007 1.19309
1.319208e-007 1.16236
1.321208e-007 1.15442
1.323208e-007 1.22796
1.325208e-007 1.30979
1.327208e-007 1.33292
1.329208e-007 1.32429
1.331208e-007 1.30461
1.333208e-007 1.2908
1.335208e-007 1.29287
1.337208e-007 1.3419
1.339208e-007 1.44445
1.341208e-007 1.47345
1.343208e-007 1.4037
1.345208e-007 1.38333
1.347208e-007 1.40267
1.349208e-007 1.39266
1.351208e-007 1.38161
1.353208e-007 1.33845
1.355208e-007 1.28355
1.357208e-007 1.2908
1.359208e-007 1.29011
1.361208e-007 1.24212
1.363208e-007 1.25835
1.365208e-007 1.37988
1.367208e-007 1.49071
1.369208e-007 1.48519
1.371208e-007 1.38126
1.373208e-007 1.30737
1.375208e-007 1.36296
1.377208e-007 1.46067
1.379208e-007 1.47138
1.381208e-007 1.40888
1.383208e-007 1.36434
1.385208e-007 1.40509
1.387208e-007 1.45515
1.389208e-007 1.44514
1.391208e-007 1.47932
1.393208e-007 1.56184
1.395208e-007 1.53387
1.397208e-007 1.42995
1.399208e-007 1.41752
1.401208e-007 1.46136
1.403208e-007 1.45584
1.405208e-007 1.42684
1.407208e-007 1.43098
1.409208e-007 1.45377
1.411208e-007 1.43754
1.413208e-007 1.40163
1.415208e-007 1.46136
1.417208e-007 1.61466
1.419208e-007 1.6447
1.421208e-007 1.52455
1.423208e-007 1.48795
1.425208e-007 1.50936
1.427208e-007 1.46067
1.429208e-007 1.44583
1.431208e-007 1.48105
1.433208e-007 1.47518
1.435208e-007 1.43789
1.437208e-007 1.38471
1.439208e-007 1.37988
1.441208e-007 1.48346
1.443208e-007 1.59567
1.445208e-007 1.64021
1.447208e-007 1.60707
1.449208e-007 1.47414
1.451208e-007 1.35433
1.453208e-007 1.3823
1.455208e-007 1.48588
1.457208e-007 1.57289
1.459208e-007 1.62088
1.461208e-007 1.59775
1.463208e-007 1.58635
1.465208e-007 1.66853
1.467208e-007 1.72204
1.469208e-007 1.64505
1.471208e-007 1.5577
1.473208e-007 1.5356
1.475208e-007 1.51385
1.477208e-007 1.51143
1.479208e-007 1.53974
1.481208e-007 1.54941
1.483208e-007 1.56426
1.485208e-007 1.61052
1.487208e-007 1.68683
1.489208e-007 1.7621
1.491208e-007 1.72929
1.493208e-007 1.57289
1.495208e-007 1.46758
1.497208e-007 1.53111
1.499208e-007 1.67336
1.501208e-007 1.77245
1.503208e-007 1.75692
1.505208e-007 1.65437
1.507208e-007 1.61708
1.509208e-007 1.65195
1.511208e-007 1.6416
1.513208e-007 1.59153
1.515208e-007 1.56805
1.517208e-007 1.63227
1.519208e-007 1.73793
1.521208e-007 1.71756
1.523208e-007 1.6523
1.525208e-007 1.76037
1.527208e-007 1.91919
1.529208e-007 1.94336
1.531208e-007 1.87534
1.533208e-007 1.77176
1.535208e-007 1.69615
1.537208e-007 1.71652
1.539208e-007 1.75864
1.541208e-007 1.75277
1.543208e-007 1.79041
1.545208e-007 1.86153
1.547208e-007 1.85014
1.549208e-007 1.82148
1.551208e-007 1.82908
1.553208e-007 1.8308
1.555208e-007 1.8605
1.557208e-007 1.87016
1.559208e-007 1.78661
1.561208e-007 1.68959
1.563208e-007 1.62157
1.565208e-007 1.61984
1.567208e-007 1.75001
1.569208e-007 1.89157
1.571208e-007 1.92575
1.573208e-007 1.9116
1.575208e-007 1.92092
1.577208e-007 1.96304
1.579208e-007 1.9955
1.581208e-007 1.9589
1.583208e-007 1.87051
1.585208e-007 1.79973
1.587208e-007 1.75174
1.589208e-007 1.74725
1.591208e-007 1.83736
1.593208e-007 1.90124
1.595208e-007 1.84669
1.597208e-007 1.80733
1.599208e-007 1.85946
1.601208e-007 1.95545
1.603208e-007 2.01207
1.605208e-007 1.91091
1.607208e-007 1.76037
1.609208e-007 1.79041
1.611208e-007 1.88536
1.613208e-007 1.85877
1.615208e-007 1.80491
1.617208e-007 1.79904
1.619208e-007 1.83771
1.621208e-007 1.96028
1.623208e-007 2.04315
1.625208e-007 1.9299
1.627208e-007 1.82114
1.629208e-007 1.92541
1.631208e-007 2.04142
1.633208e-007 1.98514
1.635208e-007 1.92713
1.637208e-007 2.00724
1.639208e-007 2.07629
1.641208e-007 1.98169
1.643208e-007 1.83944
1.645208e-007 1.82666
1.647208e-007 1.91505
1.649208e-007 1.98928
1.651208e-007 2.00378
1.653208e-007 2.0176
1.655208e-007 2.12843
1.657208e-007 2.23857
1.659208e-007 2.18194
1.661208e-007 2.06041
1.663208e-007 2.01
1.665208e-007 1.94751
1.667208e-007 1.87534
1.669208e-007 1.904
1.671208e-007 1.93853
1.673208e-007 1.87189
1.675208e-007 1.81561
1.677208e-007 1.84323
1.679208e-007 1.904
1.681208e-007 1.97858
1.683208e-007 2.03762
1.685208e-007 2.06559
1.687208e-007 2.12118
1.689208e-007 2.14327
1.691208e-007 2.06593
1.693208e-007 2.04384
1.695208e-007 2.1526
1.697208e-007 2.23926
1.699208e-007 2.20715
1.701208e-007 2.11323
1.703208e-007 2.05178
1.705208e-007 2.09632
1.707208e-007 2.18574
1.709208e-007 2.18747
1.711208e-007 2.13499
1.713208e-007 2.08665
1.715208e-007 2.02346
1.717208e-007 1.98514
1.719208e-007 1.98238
1.721208e-007 1.98238
1.723208e-007 2.01483
1.725208e-007 2.11323
1.727208e-007 2.21164
1.729208e-007 2.17815
1.731208e-007 2.0466
1.733208e-007 2.00551
1.735208e-007 2.07111
1.737208e-007 2.1046
1.739208e-007 2.07974
1.741208e-007 2.07215
1.743208e-007 2.0687
1.745208e-007 2.08043
1.747208e-007 2.19437
1.749208e-007 2.28414
1.751208e-007 2.18643
1.753208e-007 2.05834
1.755208e-007 2.09632
1.757208e-007 2.2182
1.759208e-007 2.26446
1.761208e-007 2.21509
1.763208e-007 2.13084
1.765208e-007 2.07733
1.767208e-007 2.06628
1.769208e-007 2.0794
1.771208e-007 2.12981
1.773208e-007 2.18574
1.775208e-007 2.18712
1.777208e-007 2.15777
1.779208e-007 2.1816
1.781208e-007 2.27689
1.783208e-007 2.38772
1.785208e-007 2.39187
1.787208e-007 2.2579
1.789208e-007 2.20266
1.791208e-007 2.25445
1.793208e-007 2.26619
1.795208e-007 2.29347
1.797208e-007 2.25652
1.799208e-007 2.11427
1.801208e-007 2.10115
1.803208e-007 2.22372
1.805208e-007 2.31004
1.807208e-007 2.31625
1.809208e-007 2.2693
1.811208e-007 2.22061
1.813208e-007 2.24306
1.815208e-007 2.34353
1.817208e-007 2.41189
1.819208e-007 2.35631
1.821208e-007 2.23891
1.823208e-007 2.20991
1.825208e-007 2.26274
1.827208e-007 2.2876
1.829208e-007 2.309
1.831208e-007 2.30866
1.833208e-007 2.2144
1.835208e-007 2.12808
1.837208e-007 2.19817
1.839208e-007 2.39256
1.841208e-007 2.50788
1.843208e-007 2.45712
1.845208e-007 2.37115
1.847208e-007 2.35251
1.849208e-007 2.41983
1.851208e-007 2.52307
1.853208e-007 2.57762
1.855208e-007 2.56071
1.857208e-007 2.46196
1.859208e-007 2.33766
1.861208e-007 2.29726
1.863208e-007 2.31487
1.865208e-007 2.37495
1.867208e-007 2.51927
1.869208e-007 2.61284
1.871208e-007 2.54033
1.873208e-007 2.44193
1.875208e-007 2.4592
1.877208e-007 2.50961
1.879208e-007 2.47404
1.881208e-007 2.40015
1.883208e-007 2.38945
1.885208e-007 2.444
1.887208e-007 2.47542
1.889208e-007 2.45505
1.891208e-007 2.48198
1.893208e-007 2.58695
1.895208e-007 2.68915
1.897208e-007 2.69778
1.899208e-007 2.59074
1.901208e-007 2.4775
1.903208e-007 2.46679
1.905208e-007 2.51202
1.907208e-007 2.52756
1.909208e-007 2.53826
1.911208e-007 2.52652
1.913208e-007 2.44297
1.915208e-007 2.386
1.917208e-007 2.40706
1.919208e-007 2.45436
1.921208e-007 2.54862
1.923208e-007 2.64081
1.925208e-007 2.60697
1.927208e-007 2.49959
1.929208e-007 2.46645
1.931208e-007 2.53688
1.933208e-007 2.61353
1.935208e-007 2.58039
1.937208e-007 2.48889
1.939208e-007 2.49338
1.941208e-007 2.56036
1.943208e-007 2.56761
1.945208e-007 2.52445
1.947208e-007 2.48682
1.949208e-007 2.45747
1.951208e-007 2.42674
1.953208e-007 2.45851
1.955208e-007 2.56692
1.957208e-007 2.66808
1.959208e-007 2.70814
1.961208e-007 2.67775
1.963208e-007 2.61215
1.965208e-007 2.56934
1.967208e-007 2.59903
1.969208e-007 2.69916
1.971208e-007 2.7544
1.973208e-007 2.70503
1.975208e-007 2.67119
1.977208e-007 2.72298
1.979208e-007 2.77339
1.981208e-007 2.78168
1.983208e-007 2.76787
1.985208e-007 2.7071
1.987208e-007 2.63701
1.989208e-007 2.63425
1.991208e-007 2.67879
1.993208e-007 2.68224
1.995208e-007 2.5904
1.997208e-007 2.51547
1.999208e-007 2.56657
2.001208e-007 2.6415
2.003208e-007 2.67913
2.005208e-007 2.75371
2.007208e-007 2.80067
2.009208e-007 2.73679
2.011208e-007 2.72126
2.013208e-007 2.81759
2.015208e-007 2.87594
2.017208e-007 2.86075
2.019208e-007 2.79342
2.021208e-007 2.73403
2.023208e-007 2.77028
2.025208e-007 2.8787
2.027208e-007 2.95535
2.029208e-007 2.93291
2.031208e-007 2.83485
2.033208e-007 2.6812
2.035208e-007 2.5645
2.037208e-007 2.61008
2.039208e-007 2.73956
2.041208e-007 2.79687
2.043208e-007 2.70537
2.045208e-007 2.55898
2.047208e-007 2.57624
2.049208e-007 2.79618
2.051208e-007 3.02475
2.053208e-007 3.11141
2.055208e-007 3.06515
2.057208e-007 2.94844
2.059208e-007 2.82967
2.061208e-007 2.78617
2.063208e-007 2.81068
2.065208e-007 2.83105
2.067208e-007 2.87145
2.069208e-007 2.9443
2.071208e-007 2.95535
2.073208e-007 2.89009
2.075208e-007 2.80067
2.077208e-007 2.75026
2.079208e-007 2.78513
2.081208e-007 2.82346
2.083208e-007 2.85522
2.085208e-007 2.897
2.087208e-007 2.84659
2.089208e-007 2.76027
2.091208e-007 2.77201
2.093208e-007 2.83865
2.095208e-007 2.85453
2.097208e-007 2.79273
2.099208e-007 2.71297
2.101208e-007 2.73023
2.103208e-007 2.86178
2.105208e-007 2.97434
2.107208e-007 3.00956
2.109208e-007 2.96329
2.111208e-007 2.81793
2.113208e-007 2.72022
2.115208e-007 2.75993
2.117208e-007 2.79376
2.119208e-007 2.7986
2.121208e-007 2.86558
2.123208e-007 2.93153
2.125208e-007 2.93014
2.127208e-007 2.92945
2.129208e-007 2.96467
2.131208e-007 2.9878
2.133208e-007 2.98332
2.135208e-007 2.98504
2.137208e-007 2.9992
2.139208e-007 2.94844
2.141208e-007 2.8169
2.143208e-007 2.74681
2.145208e-007 2.7689
2.147208e-007 2.79791
2.149208e-007 2.89596
2.151208e-007 3.00714
2.153208e-007 2.96709
2.155208e-007 2.87214
2.157208e-007 2.86834
2.159208e-007 2.955
2.161208e-007 3.05962
2.163208e-007 3.10761
2.165208e-007 3.13247
2.167208e-007 3.138
2.169208e-007 3.04477
2.171208e-007 2.95708
2.173208e-007 3.01543
2.175208e-007 3.11901
2.177208e-007 3.1525
2.179208e-007 3.13903
2.181208e-007 3.11486
2.183208e-007 3.1121
2.185208e-007 3.10899
2.187208e-007 3.05341
2.189208e-007 3.0137
2.191208e-007 3.04167
2.193208e-007 3.06411
2.195208e-007 3.06031
2.197208e-007 3.10623
2.199208e-007 3.16804
2.201208e-007 3.13972
2.203208e-007 3.06515
2.205208e-007 3.05202
2.207208e-007 3.09518
2.209208e-007 3.11279
2.211208e-007 3.10243
2.213208e-007 3.13765
2.215208e-007 3.18668
2.217208e-007 3.20153
2.219208e-007 3.22259
2.221208e-007 3.22604
2.223208e-007 3.15457
2.225208e-007 3.06376
2.227208e-007 3.04788
2.229208e-007 3.10589
2.231208e-007 3.18323
2.233208e-007 3.24296
2.235208e-007 3.24814
2.237208e-007 3.19773
2.239208e-007 3.13696
2.241208e-007 3.0907
2.243208e-007 3.07343
2.245208e-007 3.10416
2.247208e-007 3.14145
2.249208e-007 3.13178
2.251208e-007 3.1266
2.253208e-007 3.18426
2.255208e-007 3.23847
2.257208e-007 3.22501
2.259208e-007 3.20256
2.261208e-007 3.22293
2.263208e-007 3.24883
2.265208e-007 3.26057
2.267208e-007 3.25573
2.269208e-007 3.2181
2.271208e-007 3.196
2.273208e-007 3.21327
2.275208e-007 3.2257
2.277208e-007 3.20153
2.279208e-007 3.11245
2.281208e-007 3.06929
2.283208e-007 3.19497
2.285208e-007 3.34965
2.287208e-007 3.36657
2.289208e-007 3.2875
2.291208e-007 3.24814
2.293208e-007 3.30752
2.295208e-007 3.38348
2.297208e-007 3.36484
2.299208e-007 3.26747
2.301208e-007 3.25366
2.303208e-007 3.3493
2.305208e-007 3.37347
2.307208e-007 3.32444
2.309208e-007 3.3127
2.311208e-007 3.26195
2.313208e-007 3.138
2.315208e-007 3.08068
2.317208e-007 3.14801
2.319208e-007 3.27541
2.321208e-007 3.40213
2.323208e-007 3.46704
2.325208e-007 3.45841
2.327208e-007 3.46842
2.329208e-007 3.4446
2.331208e-007 3.22501
2.333208e-007 2.99471
2.335208e-007 3.07067
2.337208e-007 3.38107
2.339208e-007 3.58409
2.341208e-007 3.52159
2.343208e-007 3.38141
2.345208e-007 3.37313
2.347208e-007 3.48499
2.349208e-007 3.58754
2.351208e-007 3.53817
2.353208e-007 3.4004
2.355208e-007 3.38452
2.357208e-007 3.42802
2.359208e-007 3.3897
2.361208e-007 3.32755
2.363208e-007 3.29958
2.365208e-007 3.36588
2.367208e-007 3.49501
2.369208e-007 3.50398
2.371208e-007 3.38556
2.373208e-007 3.28025
2.375208e-007 3.27611
2.377208e-007 3.40765
2.379208e-007 3.52746
2.381208e-007 3.4553
2.383208e-007 3.30373
2.385208e-007 3.28163
2.387208e-007 3.35966
2.389208e-007 3.41145
2.391208e-007 3.41111
2.393208e-007 3.38383
2.395208e-007 3.36519
2.397208e-007 3.34689
2.399208e-007 3.30304
2.401208e-007 3.28301
2.403208e-007 3.3241
2.405208e-007 3.37692
2.407208e-007 3.33584
2.409208e-007 3.20567
2.411208e-007 3.22086
2.413208e-007 3.44701
2.415208e-007 3.61343
2.417208e-007 3.62172
2.419208e-007 3.62552
2.421208e-007 3.62932
2.423208e-007 3.53126
2.425208e-007 3.43079
2.427208e-007 3.47533
2.429208e-007 3.58996
2.431208e-007 3.62069
2.433208e-007 3.54749
2.435208e-007 3.43838
2.437208e-007 3.38452
2.439208e-007 3.42526
2.441208e-007 3.45565
2.443208e-007 3.41663
2.445208e-007 3.41525
2.447208e-007 3.49535
2.449208e-007 3.58788
2.451208e-007 3.64485
2.453208e-007 3.61171
2.455208e-007 3.5171
2.457208e-007 3.50916
2.459208e-007 3.56164
2.461208e-007 3.55785
2.463208e-007 3.51538
2.465208e-007 3.46013
2.467208e-007 3.41283
2.469208e-007 3.4263
2.471208e-007 3.50088
2.473208e-007 3.55301
2.475208e-007 3.54404
2.477208e-007 3.5354
2.479208e-007 3.55888
2.481208e-007 3.54818
2.483208e-007 3.47015
2.485208e-007 3.5026
2.487208e-007 3.68352
2.489208e-007 3.73186
2.491208e-007 3.62897
2.493208e-007 3.64693
2.495208e-007 3.79056
2.497208e-007 3.84097
2.499208e-007 3.74153
2.501208e-007 3.62759
2.503208e-007 3.63726
2.505208e-007 3.75534
2.507208e-007 3.83234
2.509208e-007 3.7947
2.511208e-007 3.70251
2.513208e-007 3.61067
2.515208e-007 3.56786
2.517208e-007 3.6162
2.519208e-007 3.6673
2.521208e-007 3.63346
