-2.2934e-008 5.61271
-2.2734e-008 5.61271
-2.2534e-008 5.61271
-2.2334e-008 5.61254
-2.2134e-008 5.61271
-2.1934e-008 5.61271
-2.1734e-008 5.61271
-2.1534e-008 5.61271
-2.1334e-008 5.61271
-2.1134e-008 5.61271
-2.0934e-008 5.61271
-2.0734e-008 5.61271
-2.0534e-008 5.61271
-2.0334e-008 5.61271
-2.0134e-008 5.61271
-1.9934e-008 5.61271
-1.9734e-008 5.61271
-1.9534e-008 5.61271
-1.9334e-008 5.61271
-1.9134e-008 5.61271
-1.8934e-008 5.61271
-1.8734e-008 5.61271
-1.8534e-008 5.61271
-1.8334e-008 5.61271
-1.8134e-008 5.61271
-1.7934e-008 5.61271
-1.7734e-008 5.61271
-1.7534e-008 5.61271
-1.7334e-008 5.61271
-1.7134e-008 5.61271
-1.6934e-008 5.61271
-1.6734e-008 5.61271
-1.6534e-008 5.61271
-1.6334e-008 5.61271
-1.6134e-008 5.61271
-1.5934e-008 5.61271
-1.5734e-008 5.61271
-1.5534e-008 5.61271
-1.5334e-008 5.61271
-1.5134e-008 5.61271
-1.4934e-008 5.61271
-1.4734e-008 5.61271
-1.4534e-008 5.61271
-1.4334e-008 5.61271
-1.4134e-008 5.61271
-1.3934e-008 5.61271
-1.3734e-008 5.61271
-1.3534e-008 5.61271
-1.3334e-008 5.61271
-1.3134e-008 5.61271
-1.2934e-008 5.61271
-1.2734e-008 5.61271
-1.2534e-008 5.61271
-1.2334e-008 5.61271
-1.2134e-008 5.61271
-1.1934e-008 5.61271
-1.1734e-008 5.61271
-1.1534e-008 5.61271
-1.1334e-008 5.61271
-1.1134e-008 5.61271
-1.0934e-008 5.61271
-1.0734e-008 5.61271
-1.0534e-008 5.61271
-1.0334e-008 5.61271
-1.0134e-008 5.61271
-9.93402e-009 5.61271
-9.73402e-009 5.61271
-9.53402e-009 5.61271
-9.33402e-009 5.61271
-9.13402e-009 5.61271
-8.93402e-009 5.61271
-8.73402e-009 5.61271
-8.53402e-009 5.61271
-8.33402e-009 5.61271
-8.13402e-009 5.61271
-7.93402e-009 5.61271
-7.73402e-009 5.61271
-7.53402e-009 5.61271
-7.33402e-009 5.61271
-7.13402e-009 5.61271
-6.93402e-009 5.61271
-6.73402e-009 5.61271
-6.53402e-009 5.61271
-6.33402e-009 5.61271
-6.13402e-009 5.61271
-5.93402e-009 5.61271
-5.73402e-009 5.61271
-5.53402e-009 5.61271
-5.33402e-009 5.61271
-5.13402e-009 5.61271
-4.93402e-009 5.61271
-4.73402e-009 5.61271
-4.53402e-009 5.61271
-4.33402e-009 5.61271
-4.13402e-009 5.61271
-3.93402e-009 5.61271
-3.73402e-009 5.61271
-3.53402e-009 5.61271
-3.33402e-009 5.61271
-3.13402e-009 5.61271
-2.93402e-009 5.61271
-2.73402e-009 5.61271
-2.53402e-009 5.61271
-2.33402e-009 5.61271
-2.13402e-009 5.61271
-1.93402e-009 5.61271
-1.73402e-009 5.61271
-1.53402e-009 5.61271
-1.33402e-009 5.61271
-1.13402e-009 5.61271
-9.34024e-010 5.52553
-7.34024e-010 5.11915
-5.34024e-010 4.2962
-3.34024e-010 3.32841
-1.34024e-010 2.57762
6.59757e-011 2.13774
2.65976e-010 1.87948
4.65976e-010 1.67025
6.65976e-010 1.4762
8.65976e-010 1.38453
1.06598e-009 1.42769
1.26598e-009 1.47534
1.46598e-009 1.45134
1.66598e-009 1.39973
1.86598e-009 1.36485
2.06598e-009 1.38194
2.26598e-009 1.43149
2.46598e-009 1.42493
2.66598e-009 1.37797
2.86598e-009 1.39834
3.06598e-009 1.48777
3.26598e-009 1.55872
3.46598e-009 1.5677
3.66598e-009 1.5532
3.86598e-009 1.5582
4.06598e-009 1.56546
4.26598e-009 1.57115
4.46598e-009 1.61414
4.66598e-009 1.66541
4.86598e-009 1.66213
5.06598e-009 1.65454
5.26598e-009 1.70391
5.46598e-009 1.74551
5.66598e-009 1.73602
5.86598e-009 1.73015
6.06598e-009 1.73291
6.26598e-009 1.73032
6.46598e-009 1.75535
6.66598e-009 1.77607
6.86598e-009 1.7412
7.06598e-009 1.68975
7.26598e-009 1.66351
7.46598e-009 1.66662
7.66598e-009 1.68112
7.86598e-009 1.6623
8.06598e-009 1.62881
8.26598e-009 1.63555
8.46598e-009 1.65488
8.66598e-009 1.66351
8.86598e-009 1.68682
9.06598e-009 1.70874
9.26598e-009 1.71358
9.46598e-009 1.697
9.66598e-009 1.65212
9.86598e-009 1.63192
1.0066e-008 1.65712
1.0266e-008 1.67732
1.0466e-008 1.68526
1.0666e-008 1.68699
1.0866e-008 1.66886
1.1066e-008 1.65143
1.1266e-008 1.65747
1.1466e-008 1.67629
1.1666e-008 1.67991
1.1866e-008 1.68009
1.2066e-008 1.69027
1.2266e-008 1.67197
1.2466e-008 1.64021
1.2666e-008 1.63071
1.2866e-008 1.62208
1.3066e-008 1.61069
1.3266e-008 1.62053
1.3466e-008 1.67128
1.3666e-008 1.71772
1.3866e-008 1.68285
1.4066e-008 1.63365
1.4266e-008 1.64728
1.4466e-008 1.65229
1.4666e-008 1.63123
1.4866e-008 1.63347
1.5066e-008 1.63106
1.5266e-008 1.59618
1.5466e-008 1.55769
1.5666e-008 1.53524
1.5866e-008 1.52955
1.6066e-008 1.53991
1.6266e-008 1.55044
1.6466e-008 1.56097
1.6666e-008 1.57202
1.6866e-008 1.55596
1.7066e-008 1.53041
1.7266e-008 1.52765
1.7466e-008 1.53007
1.7666e-008 1.53663
1.7866e-008 1.57063
1.8066e-008 1.60723
1.8266e-008 1.59688
1.8466e-008 1.54819
1.8666e-008 1.50918
1.8866e-008 1.5021
1.9066e-008 1.49606
1.9266e-008 1.46256
1.9466e-008 1.46395
1.9666e-008 1.5254
1.9866e-008 1.57789
2.0066e-008 1.58997
2.0266e-008 1.5715
2.0466e-008 1.54612
2.0666e-008 1.54439
2.0866e-008 1.55251
2.1066e-008 1.54422
2.1266e-008 1.55458
2.1466e-008 1.57789
2.1666e-008 1.54923
2.1866e-008 1.5147
2.2066e-008 1.54129
2.2266e-008 1.56218
2.2466e-008 1.52575
2.2666e-008 1.49554
2.2866e-008 1.48811
2.3066e-008 1.45739
2.3266e-008 1.44841
2.3466e-008 1.5109
2.3666e-008 1.57823
2.3866e-008 1.57858
2.4066e-008 1.51246
2.4266e-008 1.43166
2.4466e-008 1.41146
2.4666e-008 1.46464
2.4866e-008 1.50952
2.5066e-008 1.50503
2.5266e-008 1.49968
2.5466e-008 1.52817
2.5666e-008 1.57253
2.5866e-008 1.58824
2.6066e-008 1.56753
2.6266e-008 1.55061
2.6466e-008 1.54198
2.6666e-008 1.53352
2.6866e-008 1.5387
2.7066e-008 1.53783
2.7266e-008 1.51349
