-6.96647e-009 2.20064
-6.76647e-009 2.20064
-6.56647e-009 2.20064
-6.36647e-009 2.20063
-6.16647e-009 2.20064
-5.96647e-009 2.20064
-5.76647e-009 2.20064
-5.56647e-009 2.20064
-5.36647e-009 2.20064
-5.16647e-009 2.20064
-4.96647e-009 2.20064
-4.76647e-009 2.20064
-4.56647e-009 2.20064
-4.36647e-009 2.20064
-4.16647e-009 2.20064
-3.96647e-009 2.20064
-3.76647e-009 2.20064
-3.56647e-009 2.20064
-3.36647e-009 2.20064
-3.16647e-009 2.20064
-2.96647e-009 2.20064
-2.76647e-009 2.20064
-2.56647e-009 2.20064
-2.36647e-009 2.20064
-2.16647e-009 2.20064
-1.96647e-009 2.20064
-1.76647e-009 2.20064
-1.56647e-009 2.20064
-1.36647e-009 2.20064
-1.16647e-009 2.20064
-9.66473e-010 2.20064
-7.66473e-010 2.20064
-5.66473e-010 2.20064
-3.66473e-010 2.196
-1.66473e-010 2.16059
3.35273e-011 2.06309
2.33527e-010 1.93037
4.33527e-010 1.83741
6.33527e-010 1.81922
8.33527e-010 1.84692
1.03353e-009 1.87624
1.23353e-009 1.88413
1.43353e-009 1.87187
1.63353e-009 1.85398
1.83353e-009 1.84297
2.03353e-009 1.83985
2.23353e-009 1.83894
2.43353e-009 1.8405
2.63353e-009 1.85108
2.83353e-009 1.86941
3.03353e-009 1.88693
3.23353e-009 1.90245
3.43353e-009 1.92055
3.63353e-009 1.94053
3.83353e-009 1.96095
4.03353e-009 1.9823
4.23353e-009 2.00004
4.43353e-009 2.0105
4.63353e-009 2.01542
4.83353e-009 2.01877
5.03353e-009 2.02584
5.23353e-009 2.0354
5.43353e-009 2.03977
5.63353e-009 2.03994
5.83353e-009 2.04279
6.03353e-009 2.04767
6.23353e-009 2.05024
6.43353e-009 2.04861
6.63353e-009 2.044
6.83353e-009 2.04063
7.03353e-009 2.04027
7.23353e-009 2.04042
7.43353e-009 2.03913
7.63353e-009 2.03698
7.83353e-009 2.03453
8.03353e-009 2.03116
8.23353e-009 2.02646
8.43353e-009 2.01889
8.63353e-009 2.0078
8.83353e-009 1.99621
9.03353e-009 1.98674
9.23353e-009 1.98134
9.43353e-009 1.98119
9.63353e-009 1.98035
9.83353e-009 1.97422
1.00335e-008 1.96994
1.02335e-008 1.97122
1.04335e-008 1.9733
1.06335e-008 1.9745
1.08335e-008 1.97475
1.10335e-008 1.97692
1.12335e-008 1.98388
1.14335e-008 1.98797
1.16335e-008 1.98227
1.18335e-008 1.97221
1.20335e-008 1.96495
1.22335e-008 1.96047
1.24335e-008 1.95444
1.26335e-008 1.9464
1.28335e-008 1.94104
1.30335e-008 1.93974
1.32335e-008 1.94099
1.34335e-008 1.94445
1.36335e-008 1.94624
1.38335e-008 1.94263
1.40335e-008 1.93703
1.42335e-008 1.93101
1.44335e-008 1.92323
1.46335e-008 1.91628
1.48335e-008 1.91189
1.50335e-008 1.90857
1.52335e-008 1.90362
1.54335e-008 1.89617
1.56335e-008 1.89038
1.58335e-008 1.88931
1.60335e-008 1.88917
1.62335e-008 1.88578
1.64335e-008 1.88136
1.66335e-008 1.88024
1.68335e-008 1.88027
1.70335e-008 1.87673
1.72335e-008 1.87137
1.74335e-008 1.86645
1.76335e-008 1.86086
1.78335e-008 1.85619
1.80335e-008 1.85537
1.82335e-008 1.85742
1.84335e-008 1.85774
1.86335e-008 1.85271
1.88335e-008 1.8452
1.90335e-008 1.84172
1.92335e-008 1.84064
1.94335e-008 1.83776
1.96335e-008 1.83758
1.98335e-008 1.84154
2.00335e-008 1.84397
2.02335e-008 1.84172
2.04335e-008 1.83556
2.06335e-008 1.83023
2.08335e-008 1.83029
2.10335e-008 1.83397
2.12335e-008 1.83613
2.14335e-008 1.83418
2.16335e-008 1.83174
2.18335e-008 1.83359
2.20335e-008 1.83479
2.22335e-008 1.8279
2.24335e-008 1.81969
2.26335e-008 1.82049
2.28335e-008 1.82491
2.30335e-008 1.82452
2.32335e-008 1.82225
2.34335e-008 1.82066
2.36335e-008 1.81765
2.38335e-008 1.81521
2.40335e-008 1.81514
2.42335e-008 1.81455
2.44335e-008 1.81429
2.46335e-008 1.81687
2.48335e-008 1.81947
2.50335e-008 1.81942
2.52335e-008 1.81527
2.54335e-008 1.80821
2.56335e-008 1.80647
2.58335e-008 1.81158
2.60335e-008 1.81321
2.62335e-008 1.81049
2.64335e-008 1.81129
2.66335e-008 1.81371
2.68335e-008 1.81417
2.70335e-008 1.81483
2.72335e-008 1.81415
2.74335e-008 1.81096
2.76335e-008 1.80958
2.78335e-008 1.81025
2.80335e-008 1.81033
2.82335e-008 1.81144
2.84335e-008 1.81181
2.86335e-008 1.80745
2.88335e-008 1.80257
2.90335e-008 1.80276
2.92335e-008 1.80528
2.94335e-008 1.80457
2.96335e-008 1.80286
2.98335e-008 1.80724
3.00335e-008 1.81427
3.02335e-008 1.81341
3.04335e-008 1.80714
3.06335e-008 1.80552
3.08335e-008 1.80776
3.10335e-008 1.80893
3.12335e-008 1.80818
3.14335e-008 1.80485
3.16335e-008 1.801
3.18335e-008 1.80087
3.20335e-008 1.80458
3.22335e-008 1.80742
3.24335e-008 1.80432
3.26335e-008 1.79878
3.28335e-008 1.79891
3.30335e-008 1.8025
3.32335e-008 1.80217
3.34335e-008 1.79828
3.36335e-008 1.79581
3.38335e-008 1.79773
3.40335e-008 1.8019
3.42335e-008 1.80201
3.44335e-008 1.79678
3.46335e-008 1.79452
3.48335e-008 1.80029
3.50335e-008 1.80457
3.52335e-008 1.80169
3.54335e-008 1.80014
3.56335e-008 1.80351
3.58335e-008 1.80734
3.60335e-008 1.80711
3.62335e-008 1.80219
3.64335e-008 1.79798
3.66335e-008 1.79749
3.68335e-008 1.79924
3.70335e-008 1.80125
3.72335e-008 1.80021
3.74335e-008 1.79617
3.76335e-008 1.79494
3.78335e-008 1.79815
3.80335e-008 1.80202
3.82335e-008 1.80542
3.84335e-008 1.8061
3.86335e-008 1.80086
3.88335e-008 1.79428
3.90335e-008 1.79285
3.92335e-008 1.79322
3.94335e-008 1.78984
3.96335e-008 1.78686
3.98335e-008 1.7887
4.00335e-008 1.79169
4.02335e-008 1.79304
4.04335e-008 1.79303
4.06335e-008 1.79071
4.08335e-008 1.78778
4.10335e-008 1.78706
4.12335e-008 1.78699
4.14335e-008 1.78578
4.16335e-008 1.78453
4.18335e-008 1.78455
4.20335e-008 1.78742
4.22335e-008 1.79109
4.24335e-008 1.78887
4.26335e-008 1.78385
4.28335e-008 1.78659
4.30335e-008 1.79393
4.32335e-008 1.79613
