-2.481682e-007 9.96088
-2.479682e-007 10.0137
-2.477682e-007 10.051
-2.475682e-007 10.1018
-2.473682e-007 10.0859
-2.471682e-007 10.041
-2.469682e-007 10.0113
-2.467682e-007 9.97331
-2.465682e-007 9.95847
-2.463682e-007 9.98816
-2.461682e-007 10.0134
-2.459682e-007 9.9999
-2.457682e-007 9.94362
-2.455682e-007 9.87526
-2.453682e-007 9.8718
-2.451682e-007 9.95916
-2.449682e-007 10.0648
-2.447682e-007 10.1128
-2.445682e-007 10.0938
-2.443682e-007 10.051
-2.441682e-007 10.023
-2.439682e-007 9.99576
-2.437682e-007 9.97331
-2.435682e-007 9.9854
-2.433682e-007 10.0189
-2.431682e-007 10.0579
-2.429682e-007 10.0596
-2.427682e-007 9.9488
-2.425682e-007 9.80206
-2.423682e-007 9.781
-2.421682e-007 9.85627
-2.419682e-007 9.91807
-2.417682e-007 9.97677
-2.415682e-007 10.0424
-2.413682e-007 10.0783
-2.411682e-007 10.1125
-2.409682e-007 10.1677
-2.407682e-007 10.1974
-2.405682e-007 10.1449
-2.403682e-007 9.98678
-2.401682e-007 9.8649
-2.399682e-007 9.91151
-2.397682e-007 9.9778
-2.395682e-007 9.97987
-2.393682e-007 9.99058
-2.391682e-007 9.974
-2.389682e-007 9.94258
-2.387682e-007 9.9709
-2.385682e-007 10.0023
-2.383682e-007 10.013
-2.381682e-007 10.0603
-2.379682e-007 10.0741
-2.377682e-007 10.0071
-2.375682e-007 9.99161
-2.373682e-007 10.0655
-2.371682e-007 10.1273
-2.369682e-007 10.1321
-2.367682e-007 10.0917
-2.365682e-007 10.0455
-2.363682e-007 10.0116
-2.361682e-007 9.96088
-2.359682e-007 9.94327
-2.357682e-007 10.031
-2.355682e-007 10.1207
-2.353682e-007 10.0973
-2.351682e-007 10.0158
-2.349682e-007 9.94431
-2.347682e-007 9.9488
-2.345682e-007 10.0393
-2.343682e-007 10.0665
-2.341682e-007 10.0103
-2.339682e-007 10.0058
-2.337682e-007 10.0365
-2.335682e-007 10.0358
-2.333682e-007 10.0462
-2.331682e-007 10.062
-2.329682e-007 10.0417
-2.327682e-007 10.0185
-2.325682e-007 9.97469
-2.323682e-007 9.91289
-2.321682e-007 9.93948
-2.319682e-007 10.0351
-2.317682e-007 10.0458
-2.315682e-007 9.97159
-2.313682e-007 9.9671
-2.311682e-007 10.0254
-2.309682e-007 10.0451
-2.307682e-007 10.0196
-2.305682e-007 9.96157
-2.303682e-007 9.89735
-2.301682e-007 9.87318
-2.299682e-007 9.8977
-2.297682e-007 9.90184
-2.295682e-007 9.85005
-2.293682e-007 9.85316
-2.291682e-007 10.0151
-2.289682e-007 10.1991
-2.287682e-007 10.1601
-2.285682e-007 9.94293
-2.283682e-007 9.85523
-2.281682e-007 10.0009
-2.279682e-007 10.1636
-2.277682e-007 10.1529
-2.275682e-007 9.99645
-2.273682e-007 9.86421
-2.271682e-007 9.87526
-2.269682e-007 9.93326
-2.267682e-007 9.9122
-2.265682e-007 9.86248
-2.263682e-007 9.86559
-2.261682e-007 9.93879
-2.259682e-007 10.0268
-2.257682e-007 10.0524
-2.255682e-007 10.0317
-2.253682e-007 9.9633
-2.251682e-007 9.88251
-2.249682e-007 9.91186
-2.247682e-007 9.9709
-2.245682e-007 9.95639
-2.243682e-007 9.974
-2.241682e-007 9.98747
-2.239682e-007 9.9198
-2.237682e-007 9.94638
-2.235682e-007 10.0137
-2.233682e-007 9.8832
-2.231682e-007 9.75994
-2.229682e-007 9.85419
-2.227682e-007 9.97124
-2.225682e-007 10.0172
-2.223682e-007 10.0696
-2.221682e-007 10.1183
-2.219682e-007 10.1504
-2.217682e-007 10.156
-2.215682e-007 10.1045
-2.213682e-007 10.0527
-2.211682e-007 10.0648
-2.209682e-007 10.119
-2.207682e-007 10.1532
-2.205682e-007 10.0914
-2.203682e-007 9.98264
-2.201682e-007 9.96882
-2.199682e-007 10.002
-2.197682e-007 9.94914
-2.195682e-007 9.88596
-2.193682e-007 9.91703
-2.191682e-007 9.98194
-2.189682e-007 10.0344
-2.187682e-007 10.0627
-2.185682e-007 9.98989
-2.183682e-007 9.87974
-2.181682e-007 9.91289
-2.179682e-007 10.0168
-2.177682e-007 10.0261
-2.175682e-007 10.0472
-2.173682e-007 10.196
-2.171682e-007 10.3055
-2.169682e-007 10.2243
-2.167682e-007 10.1066
-2.165682e-007 10.1207
-2.163682e-007 10.177
-2.161682e-007 10.1546
-2.159682e-007 10.0617
-2.157682e-007 9.97366
-2.155682e-007 9.96572
-2.153682e-007 9.98125
-2.151682e-007 9.93223
-2.149682e-007 9.85489
-2.147682e-007 9.8138
-2.145682e-007 9.81518
-2.143682e-007 9.85005
-2.141682e-007 9.94742
-2.139682e-007 10.0448
-2.137682e-007 10.0006
-2.135682e-007 9.89804
-2.133682e-007 9.90391
-2.131682e-007 9.9854
-2.129682e-007 10.0738
-2.127682e-007 10.1508
-2.125682e-007 10.1698
-2.123682e-007 10.1076
-2.121682e-007 10.0161
-2.119682e-007 9.96434
-2.117682e-007 9.99955
-2.115682e-007 10.0386
-2.113682e-007 9.97193
-2.111682e-007 9.95778
-2.109682e-007 10.1201
-2.107682e-007 10.2336
-2.105682e-007 10.137
-2.103682e-007 9.96917
-2.101682e-007 9.91738
-2.099682e-007 10.0123
-2.097682e-007 10.0586
-2.095682e-007 9.95087
-2.093682e-007 9.88907
-2.091682e-007 9.9412
-2.089682e-007 9.9999
-2.087682e-007 10.0759
-2.085682e-007 10.0931
-2.083682e-007 9.99679
-2.081682e-007 9.95985
-2.079682e-007 10.0044
-2.077682e-007 9.97573
-2.075682e-007 9.88285
-2.073682e-007 9.87353
-2.071682e-007 9.97987
-2.069682e-007 10.0496
-2.067682e-007 9.99092
-2.065682e-007 9.93775
-2.063682e-007 10.0085
-2.061682e-007 10.1049
-2.059682e-007 10.1325
-2.057682e-007 10.1201
-2.055682e-007 10.0869
-2.053682e-007 10.0703
-2.051682e-007 10.1087
-2.049682e-007 10.1491
-2.047682e-007 10.1484
-2.045682e-007 10.1128
-2.043682e-007 10.0258
-2.041682e-007 9.93223
-2.039682e-007 9.94155
-2.037682e-007 10.0303
-2.035682e-007 10.0765
-2.033682e-007 10.0496
-2.031682e-007 9.99334
-2.029682e-007 9.9526
-2.027682e-007 9.93637
-2.025682e-007 9.90012
-2.023682e-007 9.85972
-2.021682e-007 9.89114
-2.019682e-007 9.95916
-2.017682e-007 9.99161
-2.015682e-007 10.012
-2.013682e-007 10.0527
-2.011682e-007 10.0824
-2.009682e-007 10.0676
-2.007682e-007 10.0638
-2.005682e-007 10.0797
-2.003682e-007 10.0206
-2.001682e-007 9.92877
-1.999682e-007 9.93015
-1.997682e-007 10.0275
-1.995682e-007 10.0907
-1.993682e-007 10.0006
-1.991682e-007 9.89494
-1.989682e-007 9.93706
-1.987682e-007 9.99817
-1.985682e-007 9.93499
-1.983682e-007 9.84867
-1.981682e-007 9.88734
-1.979682e-007 10.0065
-1.977682e-007 10.0417
-1.975682e-007 9.95709
-1.973682e-007 9.92981
-1.971682e-007 10.0286
-1.969682e-007 10.0703
-1.967682e-007 9.98229
-1.965682e-007 9.89597
-1.963682e-007 9.89977
-1.961682e-007 9.95156
-1.959682e-007 9.97608
-1.957682e-007 9.97677
-1.955682e-007 10.0023
-1.953682e-007 10.0444
-1.951682e-007 10.05
-1.949682e-007 9.99334
-1.947682e-007 9.88631
-1.945682e-007 9.80448
-1.943682e-007 9.83521
-1.941682e-007 9.916
-1.939682e-007 9.98436
-1.937682e-007 10.0451
-1.935682e-007 10.0109
-1.933682e-007 9.90288
-1.931682e-007 9.86904
-1.929682e-007 9.91738
-1.927682e-007 9.96503
-1.925682e-007 9.96261
-1.923682e-007 9.95674
-1.921682e-007 10.0337
-1.919682e-007 10.1276
-1.917682e-007 10.11
-1.915682e-007 10.0179
-1.913682e-007 9.95156
-1.911682e-007 9.86386
-1.909682e-007 9.74543
-1.907682e-007 9.75614
-1.905682e-007 9.93119
-1.903682e-007 10.1256
-1.901682e-007 10.2274
-1.899682e-007 10.2302
-1.897682e-007 10.1674
-1.895682e-007 10.1045
-1.893682e-007 10.0948
-1.891682e-007 10.1125
-1.889682e-007 10.1308
-1.887682e-007 10.098
-1.885682e-007 9.99299
-1.883682e-007 9.94742
-1.881682e-007 9.99092
-1.879682e-007 10.0082
-1.877682e-007 10.0296
-1.875682e-007 10.0976
-1.873682e-007 10.1138
-1.871682e-007 10.0624
-1.869682e-007 10.041
-1.867682e-007 10.0855
-1.865682e-007 10.1073
-1.863682e-007 10.0106
-1.861682e-007 9.86145
-1.859682e-007 9.8024
-1.857682e-007 9.84418
-1.855682e-007 9.91876
-1.853682e-007 10.0368
-1.851682e-007 10.1276
-1.849682e-007 10.0534
-1.847682e-007 9.92187
-1.845682e-007 9.89563
-1.843682e-007 9.92118
-1.841682e-007 9.91358
-1.839682e-007 9.88976
-1.837682e-007 9.91772
-1.835682e-007 10.0234
-1.833682e-007 10.1359
-1.831682e-007 10.1373
-1.829682e-007 10.0455
-1.827682e-007 9.99507
-1.825682e-007 9.98954
-1.823682e-007 9.99196
-1.821682e-007 10.0261
-1.819682e-007 10.0368
-1.817682e-007 9.97366
-1.815682e-007 9.916
-1.813682e-007 9.9305
-1.811682e-007 9.95467
-1.809682e-007 9.93395
-1.807682e-007 9.92946
-1.805682e-007 9.99058
-1.803682e-007 10.0237
-1.801682e-007 9.95812
-1.799682e-007 9.92532
-1.797682e-007 10.0154
-1.795682e-007 10.089
-1.793682e-007 10.0151
-1.791682e-007 9.87836
-1.789682e-007 9.83866
-1.787682e-007 9.90529
-1.785682e-007 9.96019
-1.783682e-007 9.93154
-1.781682e-007 9.89321
-1.779682e-007 9.93533
-1.777682e-007 10.0179
-1.775682e-007 10.0513
-1.773682e-007 10.0234
-1.771682e-007 10.0151
-1.769682e-007 10.0779
-1.767682e-007 10.1563
-1.765682e-007 10.1822
-1.763682e-007 10.1425
-1.761682e-007 10.0458
-1.759682e-007 9.90737
-1.757682e-007 9.8176
-1.755682e-007 9.83382
-1.753682e-007 9.91116
-1.751682e-007 10.0165
-1.749682e-007 10.0797
-1.747682e-007 10.0327
-1.745682e-007 9.96434
-1.743682e-007 9.9923
-1.741682e-007 10.0803
-1.739682e-007 10.109
-1.737682e-007 10.0658
-1.735682e-007 10.0434
-1.733682e-007 10.0848
-1.731682e-007 10.139
-1.729682e-007 10.1636
-1.727682e-007 10.1535
-1.725682e-007 10.0886
-1.723682e-007 9.99403
-1.721682e-007 9.9412
-1.719682e-007 9.96606
-1.717682e-007 10.0565
-1.715682e-007 10.1314
-1.713682e-007 10.0924
-1.711682e-007 9.9892
-1.709682e-007 9.99196
-1.707682e-007 10.0838
-1.705682e-007 10.0786
-1.703682e-007 9.9778
-1.701682e-007 9.90426
-1.699682e-007 9.88285
-1.697682e-007 9.92049
-1.695682e-007 9.98298
-1.693682e-007 10.0006
-1.691682e-007 9.99645
-1.689682e-007 9.96848
-1.687682e-007 9.92843
-1.685682e-007 9.97884
-1.683682e-007 10.0648
-1.681682e-007 10.0527
-1.679682e-007 9.98643
-1.677682e-007 9.9267
-1.675682e-007 9.88665
-1.673682e-007 9.91393
-1.671682e-007 9.97987
-1.669682e-007 9.99127
-1.667682e-007 9.97228
-1.665682e-007 9.9633
-1.663682e-007 9.92428
-1.661682e-007 9.85868
-1.659682e-007 9.80655
-1.657682e-007 9.79999
-1.655682e-007 9.82588
-1.653682e-007 9.84625
-1.651682e-007 9.9526
-1.649682e-007 10.1356
-1.647682e-007 10.1715
-1.645682e-007 10.0444
-1.643682e-007 9.97124
-1.641682e-007 9.97193
-1.639682e-007 9.92912
-1.637682e-007 9.95536
-1.635682e-007 10.1218
-1.633682e-007 10.2122
-1.631682e-007 10.129
-1.629682e-007 10.0179
-1.627682e-007 9.96917
-1.625682e-007 9.95743
-1.623682e-007 9.95674
-1.621682e-007 9.98091
-1.619682e-007 10.0437
-1.617682e-007 10.0893
-1.615682e-007 10.0614
-1.613682e-007 9.99334
-1.611682e-007 9.93775
-1.609682e-007 9.90978
-1.607682e-007 9.91842
-1.605682e-007 9.92946
-1.603682e-007 9.90771
-1.601682e-007 9.91807
-1.599682e-007 9.96296
-1.597682e-007 9.96296
-1.595682e-007 9.95778
-1.593682e-007 9.95743
-1.591682e-007 9.91565
-1.589682e-007 9.90115
-1.587682e-007 9.92221
-1.585682e-007 9.92256
-1.583682e-007 9.94707
-1.581682e-007 9.97815
-1.579682e-007 9.96882
-1.577682e-007 9.98781
-1.575682e-007 10.0099
-1.573682e-007 9.97746
-1.571682e-007 9.99161
-1.569682e-007 10.0745
-1.567682e-007 10.1076
-1.565682e-007 10.0351
-1.563682e-007 9.93499
-1.561682e-007 9.93879
-1.559682e-007 10.0179
-1.557682e-007 10.0296
-1.555682e-007 9.98333
-1.553682e-007 9.97642
-1.551682e-007 9.99127
-1.549682e-007 9.98643
-1.547682e-007 9.97918
-1.545682e-007 9.89183
-1.543682e-007 9.73301
-1.541682e-007 9.77547
-1.539682e-007 9.97608
-1.537682e-007 9.99196
-1.535682e-007 9.91496
-1.533682e-007 9.97608
-1.531682e-007 10.0914
-1.529682e-007 10.128
-1.527682e-007 10.0679
-1.525682e-007 10.0158
-1.523682e-007 10.0427
-1.521682e-007 10.0362
-1.519682e-007 9.95709
-1.517682e-007 9.94397
-1.515682e-007 9.98989
-1.513682e-007 9.97538
-1.511682e-007 9.96399
-1.509682e-007 9.95605
-1.507682e-007 9.84763
-1.505682e-007 9.79101
-1.503682e-007 9.86524
-1.501682e-007 9.89735
-1.499682e-007 9.86835
-1.497682e-007 9.84936
-1.495682e-007 9.85419
-1.493682e-007 9.89459
-1.491682e-007 9.94983
-1.489682e-007 10.0196
-1.487682e-007 10.0904
-1.485682e-007 10.1131
-1.483682e-007 10.0862
-1.481682e-007 10.0493
-1.479682e-007 10.0579
-1.477682e-007 10.0734
-1.475682e-007 9.98747
-1.473682e-007 9.88665
-1.471682e-007 9.90564
-1.469682e-007 9.96813
-1.467682e-007 9.95743
-1.465682e-007 9.91013
-1.463682e-007 9.93223
-1.461682e-007 10.0002
-1.459682e-007 10.0579
-1.457682e-007 10.1083
-1.455682e-007 10.0959
-1.453682e-007 10.0424
-1.451682e-007 10.0738
-1.449682e-007 10.1473
-1.447682e-007 10.1377
-1.445682e-007 10.1194
-1.443682e-007 10.1625
-1.441682e-007 10.1511
-1.439682e-007 10.0545
-1.437682e-007 9.96123
-1.435682e-007 9.93119
-1.433682e-007 9.98436
-1.431682e-007 10.0217
-1.429682e-007 9.97055
-1.427682e-007 9.95191
-1.425682e-007 10.031
-1.423682e-007 10.1176
-1.421682e-007 10.1511
-1.419682e-007 10.1118
-1.417682e-007 10.0234
-1.415682e-007 10.0082
-1.413682e-007 10.0993
-1.411682e-007 10.1446
-1.409682e-007 10.061
-1.407682e-007 9.94224
-1.405682e-007 9.88941
-1.403682e-007 9.95536
-1.401682e-007 10.1135
-1.399682e-007 10.2081
-1.397682e-007 10.1739
-1.395682e-007 10.0676
-1.393682e-007 9.93706
-1.391682e-007 9.89701
-1.389682e-007 9.94914
-1.387682e-007 9.9778
-1.385682e-007 9.98885
-1.383682e-007 10.0061
-1.381682e-007 10.0196
-1.379682e-007 10.0185
-1.377682e-007 9.99196
-1.375682e-007 10.0054
-1.373682e-007 10.0631
-1.371682e-007 10.0883
-1.369682e-007 10.0873
-1.367682e-007 10.0686
-1.365682e-007 9.99817
-1.363682e-007 9.92601
-1.361682e-007 9.94776
-1.359682e-007 10.0341
-1.357682e-007 10.0755
-1.355682e-007 10.0479
-1.353682e-007 10.0044
-1.351682e-007 10.0116
-1.349682e-007 10.0945
-1.347682e-007 10.1301
-1.345682e-007 9.9923
-1.343682e-007 9.83624
-1.341682e-007 9.82278
-1.339682e-007 9.84902
-1.337682e-007 9.8687
-1.335682e-007 9.90909
-1.333682e-007 9.89494
-1.331682e-007 9.84315
-1.329682e-007 9.8535
-1.327682e-007 9.93015
-1.325682e-007 9.98402
-1.323682e-007 9.95294
-1.321682e-007 9.90357
-1.319682e-007 9.92118
-1.317682e-007 9.99886
-1.315682e-007 10.0614
-1.313682e-007 10.0879
-1.311682e-007 10.0986
-1.309682e-007 10.0728
-1.307682e-007 10.0172
-1.305682e-007 9.94224
-1.303682e-007 9.90322
-1.301682e-007 9.98056
-1.299682e-007 10.1062
-1.297682e-007 10.175
-1.295682e-007 10.177
-1.293682e-007 10.1021
-1.291682e-007 9.97987
-1.289682e-007 9.95363
-1.287682e-007 10.0417
-1.285682e-007 10.0993
-1.283682e-007 10.0866
-1.281682e-007 10.042
-1.279682e-007 10.0002
-1.277682e-007 9.99092
-1.275682e-007 9.99058
-1.273682e-007 9.95985
-1.271682e-007 9.92705
-1.269682e-007 9.91634
-1.267682e-007 9.91255
-1.265682e-007 9.96848
-1.263682e-007 10.098
-1.261682e-007 10.2202
-1.259682e-007 10.2388
-1.257682e-007 10.1176
-1.255682e-007 10.0185
-1.253682e-007 10.0724
-1.251682e-007 10.1563
-1.249682e-007 10.195
-1.247682e-007 10.234
-1.245682e-007 10.2036
-1.243682e-007 10.0817
-1.241682e-007 10.0192
-1.239682e-007 10.0303
-1.237682e-007 9.98747
-1.235682e-007 9.92325
-1.233682e-007 9.92774
-1.231682e-007 9.98402
-1.229682e-007 10.0217
-1.227682e-007 9.9488
-1.225682e-007 9.83555
-1.223682e-007 9.87836
-1.221682e-007 9.99783
-1.219682e-007 9.97608
-1.217682e-007 9.8939
-1.215682e-007 9.93154
-1.213682e-007 10.0614
-1.211682e-007 10.1549
-1.209682e-007 10.1415
-1.207682e-007 10.052
-1.205682e-007 10.0075
-1.203682e-007 10.0679
-1.201682e-007 10.1128
-1.199682e-007 10.0507
-1.197682e-007 9.99265
-1.195682e-007 9.99679
-1.193682e-007 9.97366
-1.191682e-007 9.88596
-1.189682e-007 9.75545
-1.187682e-007 9.67604
-1.185682e-007 9.7589
-1.183682e-007 9.94293
-1.181682e-007 10.0614
-1.179682e-007 10.0158
-1.177682e-007 9.89735
-1.175682e-007 9.86593
-1.173682e-007 9.89666
-1.171682e-007 9.91496
-1.169682e-007 9.94189
-1.167682e-007 9.93464
-1.165682e-007 9.87905
-1.163682e-007 9.90737
-1.161682e-007 10.0241
-1.159682e-007 10.1069
-1.157682e-007 10.1266
-1.155682e-007 10.0741
-1.153682e-007 9.99714
-1.151682e-007 10.012
-1.149682e-007 10.0762
-1.147682e-007 10.0797
-1.145682e-007 10.0472
-1.143682e-007 10.0258
-1.141682e-007 10.0303
-1.139682e-007 10.0496
-1.137682e-007 10.021
-1.135682e-007 10.0154
-1.133682e-007 10.1114
-1.131682e-007 10.1352
-1.129682e-007 10.0317
-1.127682e-007 10.0013
-1.125682e-007 10.0292
-1.123682e-007 9.98125
-1.121682e-007 9.94258
-1.119682e-007 9.95847
-1.117682e-007 9.97677
-1.115682e-007 10.0196
-1.113682e-007 10.0389
-1.111682e-007 10.0089
-1.109682e-007 10.0147
-1.107682e-007 10.0065
-1.105682e-007 9.91324
-1.103682e-007 9.89528
-1.101682e-007 10.0534
-1.099682e-007 10.2098
-1.097682e-007 10.2274
-1.095682e-007 10.1708
-1.093682e-007 10.1497
-1.091682e-007 10.1964
-1.089682e-007 10.1967
-1.087682e-007 10.07
-1.085682e-007 9.95122
-1.083682e-007 9.9671
-1.081682e-007 10.0337
-1.079682e-007 10.0472
-1.077682e-007 10.05
-1.075682e-007 10.0807
-1.073682e-007 10.08
-1.071682e-007 10.0141
-1.069682e-007 9.9381
-1.067682e-007 9.90288
-1.065682e-007 9.92739
-1.063682e-007 10.0006
-1.061682e-007 10.0707
-1.059682e-007 10.1014
-1.057682e-007 10.1
-1.055682e-007 10.0686
-1.053682e-007 10.0265
-1.051682e-007 10.0451
-1.049682e-007 10.0986
-1.047682e-007 10.0873
-1.045682e-007 10.0645
-1.043682e-007 10.0952
-1.041682e-007 10.0917
-1.039682e-007 10.0462
-1.037682e-007 10.0541
-1.035682e-007 10.0627
-1.033682e-007 10.0068
-1.031682e-007 10.0065
-1.029682e-007 10.0596
-1.027682e-007 9.97815
-1.025682e-007 9.82174
-1.023682e-007 9.79895
-1.021682e-007 9.90012
-1.019682e-007 10.0254
-1.017682e-007 10.0966
-1.015682e-007 10.0786
-1.013682e-007 10.0289
-1.011682e-007 9.97677
-1.009682e-007 9.91082
-1.007682e-007 9.89459
-1.005682e-007 9.98781
-1.003682e-007 10.0783
-1.001682e-007 10.0641
-9.996824e-008 10.0728
-9.976824e-008 10.1601
-9.956824e-008 10.1325
-9.936824e-008 9.96019
-9.916824e-008 9.87008
-9.896824e-008 9.90081
-9.876824e-008 9.89528
-9.856824e-008 9.8573
-9.836824e-008 9.90184
-9.816824e-008 10.0289
-9.796824e-008 10.1646
-9.776824e-008 10.1991
-9.756824e-008 10.0893
-9.736824e-008 9.99955
-9.716824e-008 10.0424
-9.696824e-008 10.1301
-9.676824e-008 10.1964
-9.656824e-008 10.2105
-9.636824e-008 10.1287
-9.616824e-008 9.99921
-9.596824e-008 9.9412
-9.576824e-008 9.97642
-9.556824e-008 10.0168
-9.536824e-008 9.99403
-9.516824e-008 9.91807
-9.496824e-008 9.89045
-9.476824e-008 9.97331
-9.456824e-008 10.0531
-9.436824e-008 10.0496
-9.416824e-008 10.0437
-9.396824e-008 10.0565
-9.376824e-008 10.0303
-9.356824e-008 10.0054
-9.336824e-008 10.0179
-9.316824e-008 10.0085
-9.296824e-008 9.98885
-9.276824e-008 10.0406
-9.256824e-008 10.098
-9.236824e-008 10.0548
-9.216824e-008 10.0096
-9.196824e-008 10.0227
-9.176824e-008 9.97677
-9.156824e-008 9.90012
-9.136824e-008 9.91255
-9.116824e-008 9.96503
-9.096824e-008 9.99817
-9.076824e-008 10.0451
-9.056824e-008 10.062
-9.036824e-008 9.98643
-9.016824e-008 9.91186
-8.996824e-008 9.94707
-8.976824e-008 10.0603
-8.956824e-008 10.1387
-8.936824e-008 10.1366
-8.916824e-008 10.089
-8.896824e-008 10.0213
-8.876824e-008 10.0154
-8.856824e-008 10.08
-8.836824e-008 10.0807
-8.816824e-008 10.0134
-8.796824e-008 9.99196
-8.776824e-008 10.031
-8.756824e-008 10.0282
-8.736824e-008 9.94707
-8.716824e-008 9.89943
-8.696824e-008 9.9343
-8.676824e-008 9.97193
-8.656824e-008 9.9816
-8.636824e-008 9.99403
-8.616824e-008 9.9961
-8.596824e-008 9.9709
-8.576824e-008 9.95087
-8.556824e-008 9.96399
-8.536824e-008 10.0189
-8.516824e-008 10.0648
-8.496824e-008 9.98505
-8.476824e-008 9.84418
-8.456824e-008 9.86973
-8.436824e-008 10.0254
-8.416824e-008 10.0873
-8.396824e-008 10.031
-8.376824e-008 9.96123
-8.356824e-008 9.90495
-8.336824e-008 9.90944
-8.316824e-008 9.97262
-8.296824e-008 9.95847
-8.276824e-008 9.9198
-8.256824e-008 9.97884
-8.236824e-008 10.0458
-8.216824e-008 10.0679
-8.196824e-008 10.0748
-8.176824e-008 10.0714
-8.156824e-008 10.0572
-8.136824e-008 9.98851
-8.116824e-008 9.90426
-8.096824e-008 9.92187
-8.076824e-008 10.0106
-8.056824e-008 10.098
-8.036824e-008 10.1397
-8.016824e-008 10.0817
-7.996824e-008 10.0054
-7.976824e-008 9.99092
-7.956824e-008 9.95709
-7.936824e-008 9.8939
-7.916824e-008 9.89459
-7.896824e-008 9.92808
-7.876824e-008 9.93706
-7.856824e-008 9.99368
-7.836824e-008 10.0762
-7.816824e-008 10.0845
-7.796824e-008 10.07
-7.776824e-008 10.119
-7.756824e-008 10.1525
-7.736824e-008 10.0803
-7.716824e-008 10.0009
-7.696824e-008 10.023
-7.676824e-008 10.0572
-7.656824e-008 9.98194
-7.636824e-008 9.90081
-7.616824e-008 9.97746
-7.596824e-008 10.1294
-7.576824e-008 10.195
-7.556824e-008 10.1753
-7.536824e-008 10.128
-7.516824e-008 10.099
-7.496824e-008 10.0945
-7.476824e-008 10.0368
-7.456824e-008 9.9084
-7.436824e-008 9.81932
-7.416824e-008 9.85558
-7.396824e-008 9.96192
-7.376824e-008 10.0044
-7.356824e-008 9.93775
-7.336824e-008 9.90253
-7.316824e-008 10.0144
-7.296824e-008 10.118
-7.276824e-008 10.0248
-7.256824e-008 9.84936
-7.236824e-008 9.82588
-7.216824e-008 9.93361
-7.196824e-008 9.99541
-7.176824e-008 9.96572
-7.156824e-008 9.89287
-7.136824e-008 9.82588
-7.116824e-008 9.8283
-7.096824e-008 9.90599
-7.076824e-008 9.98402
-7.056824e-008 10.0047
-7.036824e-008 9.97504
-7.016824e-008 9.93775
-6.996824e-008 9.90391
-6.976824e-008 9.8939
-6.956824e-008 9.945
-6.936824e-008 9.99817
-6.916824e-008 9.97573
-6.896824e-008 9.92843
-6.876824e-008 9.94362
-6.856824e-008 10.0092
-6.836824e-008 10.0465
-6.816824e-008 9.9816
-6.796824e-008 9.86041
-6.776824e-008 9.86524
-6.756824e-008 10.0071
-6.736824e-008 10.0831
-6.716824e-008 10.0362
-6.696824e-008 9.98574
-6.676824e-008 9.99886
-6.656824e-008 10.0531
-6.636824e-008 10.0762
-6.616824e-008 10.0431
-6.596824e-008 10.0683
-6.576824e-008 10.1881
-6.556824e-008 10.1974
-6.536824e-008 10.0051
-6.516824e-008 9.83003
-6.496824e-008 9.85074
-6.476824e-008 10.0141
-6.456824e-008 10.1225
-6.436824e-008 10.0465
-6.416824e-008 9.90978
-6.396824e-008 9.89356
-6.376824e-008 9.96813
-6.356824e-008 9.99541
-6.336824e-008 9.96641
-6.316824e-008 9.93775
-6.296824e-008 9.91772
-6.276824e-008 9.92014
-6.256824e-008 9.99299
-6.236824e-008 10.1256
-6.216824e-008 10.2102
-6.196824e-008 10.2264
-6.176824e-008 10.216
-6.156824e-008 10.1332
-6.136824e-008 10.0213
-6.116824e-008 10.0127
-6.096824e-008 10.0696
-6.076824e-008 10.0669
-6.056824e-008 10.0123
-6.036824e-008 9.9854
-6.016824e-008 10.0179
-5.996824e-008 10.0807
-5.976824e-008 10.1114
-5.956824e-008 10.0893
-5.936824e-008 10.0289
-5.916824e-008 9.97331
-5.896824e-008 9.97538
-5.876824e-008 10.0165
-5.856824e-008 10.0061
-5.836824e-008 9.88976
-5.816824e-008 9.81069
-5.796824e-008 9.90219
-5.776824e-008 10.0348
-5.756824e-008 10.0886
-5.736824e-008 10.0835
-5.716824e-008 10.0665
-5.696824e-008 10.1076
-5.676824e-008 10.1936
-5.656824e-008 10.1967
-5.636824e-008 10.0914
-5.616824e-008 9.96952
-5.596824e-008 9.91116
-5.576824e-008 9.93223
-5.556824e-008 9.98954
-5.536824e-008 10.0541
-5.516824e-008 10.0893
-5.496824e-008 10.0576
-5.476824e-008 9.9816
-5.456824e-008 9.93499
-5.436824e-008 9.95674
-5.416824e-008 9.98954
-5.396824e-008 10.0027
-5.376824e-008 9.93015
-5.356824e-008 9.77064
-5.336824e-008 9.77513
-5.316824e-008 9.9961
-5.296824e-008 10.1529
-5.276824e-008 10.1159
-5.256824e-008 9.99817
-5.236824e-008 9.94362
-5.216824e-008 9.98816
-5.196824e-008 10.0524
-5.176824e-008 10.0458
-5.156824e-008 9.9778
-5.136824e-008 9.94776
-5.116824e-008 9.98402
-5.096824e-008 10.0161
-5.076824e-008 10.002
-5.056824e-008 9.97573
-5.036824e-008 9.99472
-5.016824e-008 10.032
-4.996824e-008 10.0482
-4.976824e-008 10.0734
-4.956824e-008 10.0776
-4.936824e-008 10.0593
-4.916824e-008 10.0959
-4.896824e-008 10.1263
-4.876824e-008 10.0793
-4.856824e-008 10.0096
-4.836824e-008 9.92705
-4.816824e-008 9.84625
-4.796824e-008 9.86801
-4.776824e-008 9.96779
-4.756824e-008 9.98091
-4.736824e-008 9.90599
-4.716824e-008 9.91151
-4.696824e-008 10.0065
-4.676824e-008 10.0458
-4.656824e-008 10.0465
-4.636824e-008 10.0904
-4.616824e-008 10.1062
-4.596824e-008 10.0741
-4.576824e-008 10.0803
-4.556824e-008 10.1273
-4.536824e-008 10.1515
-4.516824e-008 10.1425
-4.496824e-008 10.1432
-4.476824e-008 10.1912
-4.456824e-008 10.2288
-4.436824e-008 10.1484
-4.416824e-008 9.99886
-4.396824e-008 9.92359
-4.376824e-008 9.94914
-4.356824e-008 10.0244
-4.336824e-008 10.0931
-4.316824e-008 10.1121
-4.296824e-008 10.0634
-4.276824e-008 9.96537
-4.256824e-008 9.89563
-4.236824e-008 9.86179
-4.216824e-008 9.87249
-4.196824e-008 10.0065
-4.176824e-008 10.1456
-4.156824e-008 10.1563
-4.136824e-008 10.1242
-4.116824e-008 10.1249
-4.096824e-008 10.1152
-4.076824e-008 10.0451
-4.056824e-008 9.95916
-4.036824e-008 9.93292
-4.016824e-008 9.94189
-3.996824e-008 9.95191
-3.976824e-008 9.99472
-3.956824e-008 10.0389
-3.936824e-008 10.0282
-3.916824e-008 9.99852
-3.896824e-008 10.0158
-3.876824e-008 10.0755
-3.856824e-008 10.089
-3.836824e-008 10.0071
-3.816824e-008 9.88838
-3.796824e-008 9.82312
-3.776824e-008 9.84142
-3.756824e-008 9.88941
-3.736824e-008 9.95191
-3.716824e-008 10.022
-3.696824e-008 9.9923
-3.676824e-008 9.88216
-3.656824e-008 9.86801
-3.636824e-008 9.95674
-3.616824e-008 10.0437
-3.596824e-008 10.0627
-3.576824e-008 9.99679
-3.556824e-008 9.94811
-3.536824e-008 9.9778
-3.516824e-008 10.0144
-3.496824e-008 10.0147
-3.476824e-008 10.0023
-3.456824e-008 9.97746
-3.436824e-008 9.95156
-3.416824e-008 10.0058
-3.396824e-008 10.1204
-3.376824e-008 10.1939
-3.356824e-008 10.1901
-3.336824e-008 10.0676
-3.316824e-008 9.90909
-3.296824e-008 9.92049
-3.276824e-008 10.022
-3.256824e-008 9.97159
-3.236824e-008 9.84107
-3.216824e-008 9.78514
-3.196824e-008 9.76788
-3.176824e-008 9.78928
-3.156824e-008 9.86628
-3.136824e-008 9.93948
-3.116824e-008 9.98056
-3.096824e-008 9.99265
-3.076824e-008 9.96226
-3.056824e-008 9.916
-3.036824e-008 9.91151
-3.016824e-008 10.013
-2.996824e-008 10.1901
-2.976824e-008 10.2468
-2.956824e-008 10.1287
-2.936824e-008 10.0185
-2.916824e-008 10.0362
-2.896824e-008 10.1221
-2.876824e-008 10.1422
-2.856824e-008 10.0306
-2.836824e-008 9.88976
-2.816824e-008 9.89321
-2.796824e-008 9.99679
-2.776824e-008 10.0051
-2.756824e-008 9.94811
-2.736824e-008 9.97262
-2.716824e-008 10.0237
-2.696824e-008 9.99817
-2.676824e-008 9.92774
-2.656824e-008 9.85972
-2.636824e-008 9.83935
-2.616824e-008 9.87664
-2.596824e-008 9.92739
-2.576824e-008 10.0071
-2.556824e-008 10.0717
-2.536824e-008 10.0669
-2.516824e-008 10.0876
-2.496824e-008 10.1532
-2.476824e-008 10.1573
-2.456824e-008 10.0917
-2.436824e-008 10.0154
-2.416824e-008 9.95847
-2.396824e-008 9.94258
-2.376824e-008 9.93361
-2.356824e-008 9.91289
-2.336824e-008 9.93015
-2.316824e-008 9.91082
-2.296824e-008 9.79895
-2.276824e-008 9.77858
-2.256824e-008 9.94293
-2.236824e-008 10.1232
-2.216824e-008 10.1577
-2.196824e-008 10.0548
-2.176824e-008 9.93602
-2.156824e-008 9.87905
-2.136824e-008 9.88838
-2.116824e-008 9.974
-2.096824e-008 10.0531
-2.076824e-008 9.97297
-2.056824e-008 9.8321
-2.036824e-008 9.88044
-2.016824e-008 10.0334
-1.996824e-008 10.0313
-1.976824e-008 9.95432
-1.956824e-008 9.96641
-1.936824e-008 9.97642
-1.916824e-008 9.96226
-1.896824e-008 9.98678
-1.876824e-008 9.96813
-1.856824e-008 9.87595
-1.836824e-008 9.78618
-1.816824e-008 9.75545
-1.796824e-008 9.84004
-1.776824e-008 9.97573
-1.756824e-008 10.0127
-1.736824e-008 10.0113
-1.716824e-008 10.1
-1.696824e-008 10.1977
-1.676824e-008 10.1991
-1.656824e-008 10.1342
-1.636824e-008 10.0814
-1.616824e-008 10.0652
-1.596824e-008 10.0113
-1.576824e-008 9.89873
-1.556824e-008 9.8573
-1.536824e-008 9.93671
-1.516824e-008 10.052
-1.496824e-008 10.138
-1.476824e-008 10.1608
-1.456824e-008 10.1301
-1.436824e-008 10.0921
-1.416824e-008 10.0911
-1.396824e-008 10.1252
-1.376824e-008 10.1473
-1.356824e-008 10.1097
-1.336824e-008 10.0241
-1.316824e-008 9.99817
-1.296824e-008 10.0738
-1.276824e-008 10.1718
-1.256824e-008 10.2319
-1.236824e-008 10.2084
-1.216824e-008 10.1052
-1.196824e-008 10.0254
-1.176824e-008 10.0241
-1.156824e-008 10.0493
-1.136824e-008 10.0234
-1.116824e-008 9.91772
-1.096824e-008 9.83728
-1.076824e-008 9.89045
-1.056824e-008 10.0113
-1.036824e-008 10.0748
-1.016824e-008 10.0213
-9.968243e-009 9.89666
-9.768243e-009 9.86386
-9.568243e-009 9.95122
-9.368243e-009 9.9892
-9.168243e-009 9.96952
-8.968243e-009 10.0168
-8.768243e-009 10.0745
-8.568243e-009 10.0437
-8.368243e-009 9.99161
-8.168243e-009 9.94327
-7.968243e-009 9.8573
-7.768243e-009 9.82174
-7.568243e-009 9.85005
-7.368243e-009 9.83762
-7.168243e-009 9.83244
-6.968243e-009 9.91255
-6.768243e-009 10.0182
-6.568243e-009 9.9923
-6.368243e-009 9.79515
-6.168243e-009 9.69572
-5.968243e-009 9.83106
-5.768243e-009 9.96192
-5.568243e-009 9.97677
-5.368243e-009 10.0144
-5.168243e-009 10.07
-4.968243e-009 9.99955
-4.768243e-009 9.89079
-4.568243e-009 9.89148
-4.368243e-009 9.92946
-4.168243e-009 9.94949
-3.968243e-009 9.96468
-3.768243e-009 9.94189
-3.568243e-009 9.92912
-3.368243e-009 9.96606
-3.168243e-009 10.0047
-2.968243e-009 10.0151
-2.768243e-009 9.95122
-2.568243e-009 9.8504
-2.368243e-009 9.839
-2.168243e-009 9.91358
-1.968243e-009 9.98367
-1.768243e-009 9.92601
-1.568243e-009 9.49028
-1.368243e-009 8.54493
-1.168243e-009 7.29574
-9.682426e-010 5.96265
-7.682426e-010 4.66202
-5.682426e-010 3.601
-3.682426e-010 2.85867
-1.682426e-010 2.32592
3.175744e-011 1.96408
2.317574e-010 1.73689
4.317574e-010 1.59878
6.317574e-010 1.5242
8.317574e-010 1.41061
1.031757e-009 1.28493
1.231757e-009 1.25869
1.431757e-009 1.25904
1.631757e-009 1.24281
1.831757e-009 1.25835
2.031757e-009 1.28044
2.231757e-009 1.29287
2.431757e-009 1.30047
2.631757e-009 1.29909
2.831757e-009 1.32913
3.031757e-009 1.40543
3.231757e-009 1.39922
3.431757e-009 1.29391
3.631757e-009 1.30565
3.831757e-009 1.43547
4.031757e-009 1.51592
4.231757e-009 1.54078
4.431757e-009 1.46931
4.631757e-009 1.32913
4.831757e-009 1.34052
5.031757e-009 1.4586
5.231757e-009 1.43616
5.431757e-009 1.27665
5.631757e-009 1.14613
5.831757e-009 1.16961
6.031757e-009 1.34017
6.231757e-009 1.50625
6.431757e-009 1.56771
6.631757e-009 1.58808
6.831757e-009 1.61087
7.031757e-009 1.55873
7.231757e-009 1.46758
7.431757e-009 1.46689
7.631757e-009 1.48726
7.831757e-009 1.39369
8.031757e-009 1.23383
8.231757e-009 1.13716
8.431757e-009 1.14786
8.631757e-009 1.20379
8.831757e-009 1.21588
9.031757e-009 1.21104
9.231757e-009 1.2504
9.431757e-009 1.23314
9.631757e-009 1.13647
9.831757e-009 1.12162
1.003176e-008 1.18377
1.023176e-008 1.19689
1.043176e-008 1.13439
1.063176e-008 1.05567
1.083176e-008 1.06258
1.103176e-008 1.12438
1.123176e-008 1.14061
1.143176e-008 1.14579
1.163176e-008 1.15442
1.183176e-008 1.13439
1.203176e-008 1.13508
1.223176e-008 1.20863
1.243176e-008 1.27665
1.263176e-008 1.22969
1.283176e-008 1.10401
1.303176e-008 1.02529
1.323176e-008 1.0643
1.343176e-008 1.14579
1.363176e-008 1.15753
1.383176e-008 1.12196
1.403176e-008 1.14061
1.423176e-008 1.24799
1.443176e-008 1.32049
1.463176e-008 1.25248
1.483176e-008 1.16236
1.503176e-008 1.16927
1.523176e-008 1.20241
1.543176e-008 1.17583
1.563176e-008 1.12196
1.583176e-008 1.08157
1.603176e-008 1.00975
1.623176e-008 0.932756
1.643176e-008 0.919981
1.663176e-008 0.908587
1.683176e-008 0.906861
1.703176e-008 0.997321
1.723176e-008 1.10505
1.743176e-008 1.15304
1.763176e-008 1.16581
1.783176e-008 1.16719
1.803176e-008 1.15373
1.823176e-008 1.10505
1.843176e-008 1.02805
1.863176e-008 0.985927
1.883176e-008 1.01976
1.903176e-008 1.05533
1.923176e-008 1.0101
1.943176e-008 0.961068
1.963176e-008 1.00492
1.983176e-008 1.10228
2.003176e-008 1.17272
2.023176e-008 1.1741
2.043176e-008 1.12991
2.063176e-008 1.08398
2.083176e-008 1.05118
2.103176e-008 1.03357
2.123176e-008 0.983511
2.143176e-008 0.938625
2.163176e-008 0.995595
2.183176e-008 1.09538
2.203176e-008 1.15131
2.223176e-008 1.14682
2.243176e-008 1.08467
2.263176e-008 1.04462
2.283176e-008 1.07535
2.303176e-008 1.08744
2.323176e-008 1.0246
2.343176e-008 0.945186
2.363176e-008 0.918945
2.383176e-008 0.926196
2.403176e-008 0.95727
2.423176e-008 1.04117
2.443176e-008 1.10228
2.463176e-008 1.094
2.483176e-008 1.0498
2.503176e-008 0.96314
2.523176e-008 0.850927
2.543176e-008 0.809494
2.563176e-008 0.866119
2.583176e-008 0.918945
2.603176e-008 0.915147
2.623176e-008 0.918254
2.643176e-008 0.955198
2.663176e-008 0.955889
2.683176e-008 0.920671
2.703176e-008 0.920671
2.723176e-008 0.965902
2.743176e-008 1.046
2.763176e-008 1.12265
2.783176e-008 1.11057
2.803176e-008 1.02632
2.823176e-008 0.993178
2.843176e-008 1.00112
2.863176e-008 1.0132
2.883176e-008 1.08985
2.903176e-008 1.16685
2.923176e-008 1.16581
2.943176e-008 1.13992
2.963176e-008 1.0902
2.983176e-008 1.017
3.003176e-008 1.01976
3.023176e-008 1.06776
3.043176e-008 1.02632
3.063176e-008 0.951055
3.083176e-008 0.963485
3.103176e-008 1.05947
3.123176e-008 1.19447
3.143176e-008 1.28321
3.163176e-008 1.21277
3.183176e-008 1.02978
3.203176e-008 0.907896
3.223176e-008 0.929994
3.243176e-008 1.03081
3.263176e-008 1.0864
3.283176e-008 1.04773
3.303176e-008 0.973843
3.323176e-008 0.964175
3.343176e-008 1.06292
3.363176e-008 1.15269
3.383176e-008 1.13647
3.403176e-008 1.10125
3.423176e-008 1.0978
3.443176e-008 1.09814
3.463176e-008 1.14199
3.483176e-008 1.25489
3.503176e-008 1.32188
3.523176e-008 1.22865
3.543176e-008 1.08847
3.563176e-008 1.05429
3.583176e-008 1.07984
3.603176e-008 1.09641
3.623176e-008 1.08122
3.643176e-008 1.01597
3.663176e-008 0.999393
3.683176e-008 1.0826
3.703176e-008 1.13716
3.723176e-008 1.10332
3.743176e-008 1.05256
3.763176e-008 1.03806
3.783176e-008 1.09434
3.803176e-008 1.18273
3.823176e-008 1.1924
3.843176e-008 1.14337
3.863176e-008 1.15856
3.883176e-008 1.23625
3.903176e-008 1.25627
3.923176e-008 1.16961
3.943176e-008 1.06948
3.963176e-008 1.04531
3.983176e-008 1.03806
4.003176e-008 0.975915
4.023176e-008 0.977986
4.043176e-008 1.12093
4.063176e-008 1.20069
4.083176e-008 1.11022
4.103176e-008 1.03288
4.123176e-008 1.05256
4.143176e-008 1.08467
4.163176e-008 1.0643
4.183176e-008 1.0025
4.203176e-008 0.979022
4.223176e-008 1.02529
4.243176e-008 1.06983
4.263176e-008 1.06741
4.283176e-008 1.07363
4.303176e-008 1.11092
4.323176e-008 1.11057
4.343176e-008 1.0208
4.363176e-008 0.925505
4.383176e-008 0.969009
4.403176e-008 1.09227
4.423176e-008 1.094
4.443176e-008 0.985582
4.463176e-008 0.9514
4.483176e-008 1.02287
4.503176e-008 1.08916
4.523176e-008 1.07432
4.543176e-008 1.02529
4.563176e-008 1.03772
4.583176e-008 1.08122
4.603176e-008 1.11195
4.623176e-008 1.12887
4.643176e-008 1.09227
4.663176e-008 1.06361
4.683176e-008 1.16547
4.703176e-008 1.31946
4.723176e-008 1.31255
4.743176e-008 1.1482
4.763176e-008 1.02253
4.783176e-008 0.99525
4.803176e-008 1.01528
4.823176e-008 1.0612
4.843176e-008 1.05774
4.863176e-008 0.975224
4.883176e-008 0.927231
4.903176e-008 0.951746
4.923176e-008 0.964175
4.943176e-008 0.957961
4.963176e-008 0.984892
4.983176e-008 1.02943
5.003176e-008 1.02391
5.023176e-008 0.96314
5.043176e-008 0.934482
5.063176e-008 0.979367
5.083176e-008 1.04704
5.103176e-008 1.09676
5.123176e-008 1.1451
5.143176e-008 1.22244
5.163176e-008 1.25455
5.183176e-008 1.13025
5.203176e-008 0.946912
5.223176e-008 0.897538
5.243176e-008 1.00872
5.263176e-008 1.16823
5.283176e-008 1.21415
5.303176e-008 1.08778
5.323176e-008 0.945531
5.343176e-008 0.932756
5.363176e-008 0.987309
5.383176e-008 1.0498
5.403176e-008 1.11644
5.423176e-008 1.08571
5.443176e-008 1.03116
5.463176e-008 1.14544
5.483176e-008 1.28044
5.503176e-008 1.229
5.523176e-008 1.11126
5.543176e-008 1.09331
5.563176e-008 1.12887
5.583176e-008 1.11092
5.603176e-008 1.06948
5.623176e-008 1.05187
5.643176e-008 1.03841
5.663176e-008 1.017
5.683176e-008 1.00319
5.703176e-008 1.01666
5.723176e-008 1.04739
5.743176e-008 1.09641
5.763176e-008 1.14613
5.783176e-008 1.13543
5.803176e-008 1.09365
5.823176e-008 1.10608
5.843176e-008 1.14751
5.863176e-008 1.123
5.883176e-008 1.04531
5.903176e-008 1.02874
5.923176e-008 1.09434
5.943176e-008 1.14233
5.963176e-008 1.13439
5.983176e-008 1.13819
6.003176e-008 1.18722
6.023176e-008 1.20276
6.043176e-008 1.15753
6.063176e-008 1.12714
6.083176e-008 1.11161
6.103176e-008 1.06154
6.123176e-008 0.994214
6.143176e-008 0.977986
6.163176e-008 1.0498
6.183176e-008 1.17652
6.203176e-008 1.25904
6.223176e-008 1.2435
6.243176e-008 1.17962
6.263176e-008 1.11126
6.283176e-008 1.08847
6.303176e-008 1.11437
6.323176e-008 1.07501
6.343176e-008 0.974879
6.363176e-008 0.955544
6.383176e-008 1.02771
6.403176e-008 1.07811
6.423176e-008 1.03599
6.443176e-008 0.940006
6.463176e-008 0.879929
6.483176e-008 0.904098
6.503176e-008 0.996286
6.523176e-008 1.094
6.543176e-008 1.14924
6.563176e-008 1.16858
6.583176e-008 1.19102
6.603176e-008 1.24799
6.623176e-008 1.28182
6.643176e-008 1.23003
6.663176e-008 1.15787
6.683176e-008 1.17479
6.703176e-008 1.29253
6.723176e-008 1.36814
6.743176e-008 1.28666
6.763176e-008 1.15822
6.783176e-008 1.11333
6.803176e-008 1.10919
6.823176e-008 1.08744
6.843176e-008 1.09089
6.863176e-008 1.13267
6.883176e-008 1.1451
6.903176e-008 1.13439
6.923176e-008 1.11644
6.943176e-008 1.04911
6.963176e-008 0.988344
6.983176e-008 1.0132
7.003176e-008 1.09641
7.023176e-008 1.17962
7.043176e-008 1.23314
7.063176e-008 1.26767
7.083176e-008 1.27354
7.103176e-008 1.21035
7.123176e-008 1.12196
7.143176e-008 1.07121
7.163176e-008 1.02909
7.183176e-008 1.03047
7.203176e-008 1.09918
7.223176e-008 1.09918
7.243176e-008 1.05222
7.263176e-008 1.09296
7.283176e-008 1.12404
7.303176e-008 1.08571
7.323176e-008 1.05153
7.343176e-008 1.00008
7.363176e-008 0.98282
7.383176e-008 1.05982
7.403176e-008 1.11299
7.423176e-008 1.11368
7.443176e-008 1.12956
7.463176e-008 1.12576
7.483176e-008 1.10746
7.503176e-008 1.14682
7.523176e-008 1.2107
7.543176e-008 1.22865
7.563176e-008 1.21277
7.583176e-008 1.18101
7.603176e-008 1.12196
7.623176e-008 1.11264
7.643176e-008 1.20621
7.663176e-008 1.24005
7.683176e-008 1.152
7.703176e-008 1.10125
7.723176e-008 1.09503
7.743176e-008 1.06499
7.763176e-008 1.05533
7.783176e-008 1.06258
7.803176e-008 1.03496
7.823176e-008 1.03323
7.843176e-008 1.11955
7.863176e-008 1.17065
7.883176e-008 1.10263
7.903176e-008 1.01942
7.923176e-008 1.0063
7.943176e-008 1.01907
7.963176e-008 1.01458
7.983176e-008 1.04048
8.003176e-008 1.09538
8.023176e-008 1.0826
8.043176e-008 1.02667
8.063176e-008 1.02425
8.083176e-008 1.03288
8.103176e-008 1.03461
8.123176e-008 1.0757
8.143176e-008 1.11161
8.163176e-008 1.1634
8.183176e-008 1.26767
8.203176e-008 1.31877
8.223176e-008 1.27837
8.243176e-008 1.23797
8.263176e-008 1.24039
8.283176e-008 1.25489
8.303176e-008 1.24661
8.323176e-008 1.20586
8.343176e-008 1.14095
8.363176e-008 1.05636
8.383176e-008 1.0063
8.403176e-008 1.03944
8.423176e-008 1.08813
8.443176e-008 1.11333
8.463176e-008 1.14855
8.483176e-008 1.17514
8.503176e-008 1.18308
8.523176e-008 1.18826
8.543176e-008 1.16616
8.563176e-008 1.13508
8.583176e-008 1.12162
8.603176e-008 1.09503
8.623176e-008 1.08951
8.643176e-008 1.16271
8.663176e-008 1.2542
8.683176e-008 1.27008
8.703176e-008 1.24453
8.723176e-008 1.2328
8.743176e-008 1.15131
8.763176e-008 1.00664
8.783176e-008 0.985927
8.803176e-008 1.13819
8.823176e-008 1.25904
8.843176e-008 1.20103
8.863176e-008 1.07639
8.883176e-008 1.05809
8.903176e-008 1.11748
8.923176e-008 1.11851
8.943176e-008 1.07501
8.963176e-008 1.03979
8.983176e-008 1.02149
9.003176e-008 1.04877
9.023176e-008 1.06361
9.043176e-008 1.02529
9.063176e-008 1.04048
9.083176e-008 1.13647
9.103176e-008 1.16271
9.123176e-008 1.09365
9.143176e-008 1.08502
9.163176e-008 1.1192
9.183176e-008 1.06638
9.203176e-008 0.981094
9.223176e-008 0.982475
9.243176e-008 1.05636
9.263176e-008 1.10021
9.283176e-008 1.11057
9.303176e-008 1.13301
9.323176e-008 1.10574
9.343176e-008 1.03392
9.363176e-008 1.07432
9.383176e-008 1.21173
9.403176e-008 1.26387
9.423176e-008 1.23314
9.443176e-008 1.18618
9.463176e-008 1.08467
9.483176e-008 1.01113
9.503176e-008 1.06499
9.523176e-008 1.13992
9.543176e-008 1.16547
9.563176e-008 1.21415
9.583176e-008 1.27872
9.603176e-008 1.2511
9.623176e-008 1.12162
9.643176e-008 1.01251
9.663176e-008 0.999393
9.683176e-008 1.03047
9.703176e-008 1.04255
9.723176e-008 1.02425
9.743176e-008 1.00354
9.763176e-008 1.02529
9.783176e-008 1.10505
9.803176e-008 1.22209
9.823176e-008 1.31048
9.843176e-008 1.31186
9.863176e-008 1.2511
9.883176e-008 1.2107
9.903176e-008 1.19723
9.923176e-008 1.12887
9.943176e-008 1.02184
9.963176e-008 0.987309
9.983176e-008 1.05602
1.000318e-007 1.13232
1.002318e-007 1.16547
1.004318e-007 1.17306
1.006318e-007 1.14406
1.008318e-007 1.11057
1.010318e-007 1.10988
1.012318e-007 1.13198
1.014318e-007 1.16029
1.016318e-007 1.17306
1.018318e-007 1.15684
1.020318e-007 1.12576
1.022318e-007 1.12127
1.024318e-007 1.15235
1.026318e-007 1.19654
1.028318e-007 1.2656
1.030318e-007 1.31808
1.032318e-007 1.2908
1.034318e-007 1.24246
1.036318e-007 1.21588
1.038318e-007 1.16858
1.040318e-007 1.11713
1.042318e-007 1.1154
1.044318e-007 1.14303
1.046318e-007 1.11886
1.048318e-007 1.046
1.050318e-007 1.01942
1.052318e-007 1.06879
1.054318e-007 1.13681
1.056318e-007 1.1741
1.058318e-007 1.18584
1.060318e-007 1.17824
1.062318e-007 1.12921
1.064318e-007 1.08226
1.066318e-007 1.09503
1.068318e-007 1.11471
1.070318e-007 1.0719
1.072318e-007 1.01735
1.074318e-007 1.08053
1.076318e-007 1.21864
1.078318e-007 1.25282
1.080318e-007 1.20517
1.082318e-007 1.18066
1.084318e-007 1.11437
1.086318e-007 1.00077
1.088318e-007 0.973843
1.090318e-007 1.06948
1.092318e-007 1.15235
1.094318e-007 1.10159
1.096318e-007 0.991452
1.098318e-007 0.963485
1.100318e-007 1.02529
1.102318e-007 1.10781
1.104318e-007 1.17824
1.106318e-007 1.1962
1.108318e-007 1.16858
1.110318e-007 1.19827
1.112318e-007 1.27388
1.114318e-007 1.28804
1.116318e-007 1.21208
1.118318e-007 1.06292
1.120318e-007 0.974188
1.122318e-007 1.06085
1.124318e-007 1.15131
1.126318e-007 1.10436
1.128318e-007 1.04704
1.130318e-007 1.04704
1.132318e-007 1.06672
1.134318e-007 1.12611
1.136318e-007 1.21588
1.138318e-007 1.26939
1.140318e-007 1.26801
1.142318e-007 1.28355
1.144318e-007 1.35675
1.146318e-007 1.37608
1.148318e-007 1.29115
1.150318e-007 1.23521
1.152318e-007 1.26939
1.154318e-007 1.29874
1.156318e-007 1.27319
1.158318e-007 1.22175
1.160318e-007 1.1489
1.162318e-007 1.09814
1.164318e-007 1.1489
1.166318e-007 1.21553
1.168318e-007 1.16374
1.170318e-007 1.10159
1.172318e-007 1.15546
1.174318e-007 1.21691
1.176318e-007 1.17306
1.178318e-007 1.07155
1.180318e-007 1.05464
1.182318e-007 1.18239
1.184318e-007 1.28424
1.186318e-007 1.2176
1.188318e-007 1.12887
1.190318e-007 1.13647
1.192318e-007 1.09331
1.194318e-007 0.963485
1.196318e-007 0.967283
1.198318e-007 1.13474
1.200318e-007 1.24143
1.202318e-007 1.16271
1.204318e-007 0.982129
1.206318e-007 0.875441
1.208318e-007 0.923779
1.210318e-007 1.01735
1.212318e-007 1.01769
1.214318e-007 0.952436
1.216318e-007 0.932756
1.218318e-007 0.971426
1.220318e-007 0.990071
1.222318e-007 0.981784
1.224318e-007 1.017
1.226318e-007 1.06534
1.228318e-007 1.08019
1.230318e-007 1.10125
1.232318e-007 1.1047
1.234318e-007 1.07708
1.236318e-007 1.08847
1.238318e-007 1.10263
1.240318e-007 1.04808
1.242318e-007 1.0025
1.244318e-007 1.05084
1.246318e-007 1.13681
1.248318e-007 1.19102
1.250318e-007 1.17997
1.252318e-007 1.09365
1.254318e-007 1.03703
1.256318e-007 1.08122
1.258318e-007 1.16892
1.260318e-007 1.27941
1.262318e-007 1.34156
1.264318e-007 1.23832
1.266318e-007 1.08537
1.268318e-007 1.0612
1.270318e-007 1.12714
1.272318e-007 1.17583
1.274318e-007 1.15684
1.276318e-007 1.10194
1.278318e-007 1.06948
1.280318e-007 1.04531
1.282318e-007 1.05774
1.284318e-007 1.12438
1.286318e-007 1.14199
1.288318e-007 1.11333
1.290318e-007 1.14268
1.292318e-007 1.18584
1.294318e-007 1.16719
1.296318e-007 1.18964
1.298318e-007 1.31462
1.300318e-007 1.41441
1.302318e-007 1.4258
1.304318e-007 1.39749
1.306318e-007 1.33223
1.308318e-007 1.2656
1.310318e-007 1.25489
1.312318e-007 1.25144
1.314318e-007 1.21933
1.316318e-007 1.19827
1.318318e-007 1.21346
1.320318e-007 1.258
1.322318e-007 1.32188
1.324318e-007 1.4044
1.326318e-007 1.46551
1.328318e-007 1.4151
1.330318e-007 1.2687
1.332318e-007 1.19516
1.334318e-007 1.24315
1.336318e-007 1.26007
1.338318e-007 1.19171
1.340318e-007 1.1634
1.342318e-007 1.23349
1.344318e-007 1.33154
1.346318e-007 1.40405
1.348318e-007 1.42856
1.350318e-007 1.42442
1.352318e-007 1.44928
1.354318e-007 1.44928
1.356318e-007 1.3526
1.358318e-007 1.25489
1.360318e-007 1.26698
1.362318e-007 1.33672
1.364318e-007 1.35295
1.366318e-007 1.31186
1.368318e-007 1.27216
1.370318e-007 1.23038
1.372318e-007 1.18549
1.374318e-007 1.20552
1.376318e-007 1.28217
1.378318e-007 1.33258
1.380318e-007 1.32257
1.382318e-007 1.25973
1.384318e-007 1.23245
1.386318e-007 1.32188
1.388318e-007 1.4372
1.390318e-007 1.45411
1.392318e-007 1.38817
1.394318e-007 1.33016
1.396318e-007 1.35675
1.398318e-007 1.43927
1.400318e-007 1.45653
1.402318e-007 1.4113
1.404318e-007 1.41372
1.406318e-007 1.46447
1.408318e-007 1.45757
1.410318e-007 1.37159
1.412318e-007 1.32395
1.414318e-007 1.34984
1.416318e-007 1.36227
1.418318e-007 1.35571
1.420318e-007 1.39335
1.422318e-007 1.46378
1.424318e-007 1.48484
1.426318e-007 1.46792
1.428318e-007 1.50003
1.430318e-007 1.57254
1.432318e-007 1.65092
1.434318e-007 1.70685
1.436318e-007 1.65644
1.438318e-007 1.54492
1.440318e-007 1.51557
1.442318e-007 1.53353
1.444318e-007 1.50349
1.446318e-007 1.45273
1.448318e-007 1.42477
1.450318e-007 1.43271
1.452318e-007 1.45515
1.454318e-007 1.4914
1.456318e-007 1.61639
1.458318e-007 1.74483
1.460318e-007 1.69062
1.462318e-007 1.54147
1.464318e-007 1.53594
1.466318e-007 1.67371
1.468318e-007 1.74069
1.470318e-007 1.63676
1.472318e-007 1.50452
1.474318e-007 1.51005
1.476318e-007 1.64367
1.478318e-007 1.73862
1.480318e-007 1.71169
1.482318e-007 1.68303
1.484318e-007 1.69684
1.486318e-007 1.68959
1.488318e-007 1.68096
1.490318e-007 1.67025
1.492318e-007 1.62571
1.494318e-007 1.61397
1.496318e-007 1.66956
1.498318e-007 1.70236
1.500318e-007 1.68234
1.502318e-007 1.66507
1.504318e-007 1.65644
1.506318e-007 1.63745
1.508318e-007 1.60085
1.510318e-007 1.60569
1.512318e-007 1.69649
1.514318e-007 1.74656
1.516318e-007 1.70927
1.518318e-007 1.70271
1.520318e-007 1.72653
1.522318e-007 1.7034
1.524318e-007 1.64263
1.526318e-007 1.58739
1.528318e-007 1.58981
1.530318e-007 1.66335
1.532318e-007 1.68614
1.534318e-007 1.61259
1.536318e-007 1.55942
1.538318e-007 1.57945
1.540318e-007 1.67992
1.542318e-007 1.78178
1.544318e-007 1.73758
1.546318e-007 1.66646
1.548318e-007 1.77038
1.550318e-007 1.87431
1.552318e-007 1.77211
1.554318e-007 1.65851
1.556318e-007 1.7362
1.558318e-007 1.87742
1.560318e-007 1.88328
1.562318e-007 1.78178
1.564318e-007 1.76002
1.566318e-007 1.82252
1.568318e-007 1.81596
1.570318e-007 1.76866
1.572318e-007 1.80007
1.574318e-007 1.87189
1.576318e-007 1.89433
1.578318e-007 1.88812
1.580318e-007 1.89054
1.582318e-007 1.87293
1.584318e-007 1.82183
1.586318e-007 1.75623
1.588318e-007 1.70823
1.590318e-007 1.72446
1.592318e-007 1.77867
1.594318e-007 1.82217
1.596318e-007 1.87293
1.598318e-007 1.88708
1.600318e-007 1.82045
1.602318e-007 1.77176
1.604318e-007 1.8018
1.606318e-007 1.8384
1.608318e-007 1.8605
1.610318e-007 1.92126
1.612318e-007 1.98963
1.614318e-007 1.99205
1.616318e-007 1.93715
1.618318e-007 1.90849
1.620318e-007 1.9734
1.622318e-007 2.00447
1.624318e-007 1.91436
1.626318e-007 1.88467
1.628318e-007 1.97375
1.630318e-007 2.07802
1.632318e-007 2.14604
1.634318e-007 2.09079
1.636318e-007 1.96304
1.638318e-007 1.91919
1.640318e-007 1.92713
1.642318e-007 1.96373
1.644318e-007 2.04832
1.646318e-007 2.03175
1.648318e-007 1.87638
1.650318e-007 1.8094
1.652318e-007 1.88639
1.654318e-007 1.93197
1.656318e-007 1.93956
1.658318e-007 1.97167
1.660318e-007 1.97064
1.662318e-007 1.9261
1.664318e-007 1.92299
1.666318e-007 2.01449
1.668318e-007 2.14396
1.670318e-007 2.16606
1.672318e-007 2.05316
1.674318e-007 1.98825
1.676318e-007 2.01863
1.678318e-007 1.97306
1.680318e-007 1.84565
1.682318e-007 1.81941
1.684318e-007 1.93162
1.686318e-007 2.03037
1.688318e-007 2.02277
1.690318e-007 1.9879
1.692318e-007 2.03624
1.694318e-007 2.09804
1.696318e-007 2.0573
1.698318e-007 2.02174
1.700318e-007 2.07042
1.702318e-007 2.05488
1.704318e-007 1.96546
1.706318e-007 1.95268
1.708318e-007 2.01311
1.710318e-007 2.06835
1.712318e-007 2.06524
1.714318e-007 2.00206
1.716318e-007 1.99412
1.718318e-007 2.04694
1.720318e-007 2.06628
1.722318e-007 2.07491
1.724318e-007 2.10564
1.726318e-007 2.17884
1.728318e-007 2.28069
1.730318e-007 2.29001
1.732318e-007 2.19299
1.734318e-007 2.0939
1.736318e-007 2.06283
1.738318e-007 2.13948
1.740318e-007 2.25065
1.742318e-007 2.27068
1.744318e-007 2.21785
1.746318e-007 2.21751
1.748318e-007 2.32489
1.750318e-007 2.3929
1.752318e-007 2.33386
1.754318e-007 2.29174
1.756318e-007 2.31211
1.758318e-007 2.27793
1.760318e-007 2.20301
1.762318e-007 2.20093
1.764318e-007 2.24824
1.766318e-007 2.19748
1.768318e-007 2.0756
1.770318e-007 2.11876
1.772318e-007 2.28552
1.774318e-007 2.29105
1.776318e-007 2.17884
1.778318e-007 2.17607
1.780318e-007 2.23822
1.782318e-007 2.23512
1.784318e-007 2.22234
1.786318e-007 2.26446
1.788318e-007 2.31625
1.790318e-007 2.34042
1.792318e-007 2.38565
1.794318e-007 2.42674
1.796318e-007 2.3601
1.798318e-007 2.29036
1.800318e-007 2.34664
1.802318e-007 2.38945
1.804318e-007 2.29416
1.806318e-007 2.2037
1.808318e-007 2.24133
1.810318e-007 2.27344
1.812318e-007 2.22441
1.814318e-007 2.17504
1.816318e-007 2.16606
1.818318e-007 2.26653
1.820318e-007 2.44469
1.822318e-007 2.45851
1.824318e-007 2.24893
1.826318e-007 2.05696
1.828318e-007 2.10046
1.830318e-007 2.33145
1.832318e-007 2.44366
1.834318e-007 2.33421
1.836318e-007 2.25203
1.838318e-007 2.27793
1.840318e-007 2.30244
1.842318e-007 2.32074
1.844318e-007 2.36252
1.846318e-007 2.38186
1.848318e-007 2.34146
1.850318e-007 2.32143
1.852318e-007 2.37357
1.854318e-007 2.37599
1.856318e-007 2.26964
1.858318e-007 2.23373
1.860318e-007 2.34767
1.862318e-007 2.38565
1.864318e-007 2.2472
1.866318e-007 2.1671
1.868318e-007 2.27862
1.870318e-007 2.43986
1.872318e-007 2.50684
1.874318e-007 2.46403
1.876318e-007 2.39705
1.878318e-007 2.34836
1.880318e-007 2.28898
1.882318e-007 2.29485
1.884318e-007 2.41535
1.886318e-007 2.49648
1.888318e-007 2.45885
1.890318e-007 2.45298
1.892318e-007 2.49994
1.894318e-007 2.4516
1.896318e-007 2.37391
1.898318e-007 2.39912
1.900318e-007 2.48889
1.902318e-007 2.57383
1.904318e-007 2.60386
1.906318e-007 2.57521
1.908318e-007 2.51375
1.910318e-007 2.45989
1.912318e-007 2.46299
1.914318e-007 2.45989
1.916318e-007 2.39049
1.918318e-007 2.3677
1.920318e-007 2.43986
1.922318e-007 2.48164
1.924318e-007 2.49096
1.926318e-007 2.5355
1.928318e-007 2.51651
1.930318e-007 2.36287
1.932318e-007 2.23097
1.934318e-007 2.32799
1.936318e-007 2.6011
1.938318e-007 2.76476
1.940318e-007 2.72505
1.942318e-007 2.63839
1.944318e-007 2.60628
1.946318e-007 2.63666
1.948318e-007 2.71055
1.950318e-007 2.75647
1.952318e-007 2.71401
1.954318e-007 2.6194
1.956318e-007 2.54897
1.958318e-007 2.51444
1.960318e-007 2.51409
1.962318e-007 2.58971
1.964318e-007 2.69122
1.966318e-007 2.73127
1.968318e-007 2.77615
1.970318e-007 2.83485
1.972318e-007 2.77443
1.974318e-007 2.61388
1.976318e-007 2.50581
1.978318e-007 2.54689
1.980318e-007 2.72643
1.982318e-007 2.868
1.984318e-007 2.8093
1.986318e-007 2.68846
1.988318e-007 2.68362
1.990318e-007 2.72402
1.992318e-007 2.74681
1.994318e-007 2.7834
1.996318e-007 2.77823
1.998318e-007 2.67637
2.000318e-007 2.59005
2.002318e-007 2.64046
2.004318e-007 2.72989
2.006318e-007 2.685
2.008318e-007 2.58418
2.010318e-007 2.64461
2.012318e-007 2.78824
2.014318e-007 2.7689
2.016318e-007 2.65738
2.018318e-007 2.64115
2.020318e-007 2.66498
2.022318e-007 2.66463
2.024318e-007 2.66601
2.026318e-007 2.67844
2.028318e-007 2.75855
2.030318e-007 2.86903
2.032318e-007 2.88906
2.034318e-007 2.81482
2.036318e-007 2.73092
2.038318e-007 2.75129
2.040318e-007 2.86316
2.042318e-007 2.92427
2.044318e-007 2.90529
2.046318e-007 2.85833
2.048318e-007 2.79618
2.050318e-007 2.75855
2.052318e-007 2.75578
2.054318e-007 2.73403
2.056318e-007 2.72609
2.058318e-007 2.76407
2.060318e-007 2.81206
2.062318e-007 2.86903
2.064318e-007 2.86144
2.066318e-007 2.76338
2.068318e-007 2.74508
2.070318e-007 2.86144
2.072318e-007 2.95984
2.074318e-007 2.95052
2.076318e-007 2.87179
2.078318e-007 2.78548
2.080318e-007 2.79514
2.082318e-007 2.94741
2.084318e-007 3.04823
2.086318e-007 2.9405
2.088318e-007 2.77339
2.090318e-007 2.70365
2.092318e-007 2.70434
2.094318e-007 2.75716
2.096318e-007 2.8604
2.098318e-007 2.90943
2.100318e-007 2.90114
2.102318e-007 2.92738
2.104318e-007 2.94119
2.106318e-007 2.91426
2.108318e-007 2.92255
2.110318e-007 3.00127
2.112318e-007 3.10071
2.114318e-007 3.11763
2.116318e-007 3.0244
2.118318e-007 2.88008
2.120318e-007 2.75578
2.122318e-007 2.75129
2.124318e-007 2.85626
2.126318e-007 2.92255
2.128318e-007 2.92911
2.130318e-007 2.94292
2.132318e-007 2.91495
2.134318e-007 2.83485
2.136318e-007 2.82898
2.138318e-007 2.93153
2.140318e-007 3.032
2.142318e-007 3.02924
2.144318e-007 2.97296
2.146318e-007 2.99057
2.148318e-007 3.04961
2.150318e-007 3.05099
2.152318e-007 3.04132
2.154318e-007 3.0938
2.156318e-007 3.1266
2.158318e-007 3.04201
2.160318e-007 2.92635
2.162318e-007 2.90736
2.164318e-007 2.97296
2.166318e-007 3.0099
2.168318e-007 2.96502
2.170318e-007 2.90563
2.172318e-007 2.85902
2.174318e-007 2.86316
2.176318e-007 3.01059
2.178318e-007 3.16769
2.180318e-007 3.12453
2.182318e-007 2.9916
2.184318e-007 2.93394
2.186318e-007 2.90632
2.188318e-007 2.94637
2.190318e-007 3.09933
2.192318e-007 3.18012
2.194318e-007 3.09933
2.196318e-007 3.003
2.198318e-007 3.01266
2.200318e-007 3.09242
2.202318e-007 3.15664
2.204318e-007 3.21568
2.206318e-007 3.24779
2.208318e-007 3.196
2.210318e-007 3.13558
2.212318e-007 3.1235
2.214318e-007 3.12902
2.216318e-007 3.12246
2.218318e-007 3.10692
2.220318e-007 3.18047
2.222318e-007 3.3203
2.224318e-007 3.31961
2.226318e-007 3.21603
2.228318e-007 3.196
2.230318e-007 3.20498
2.232318e-007 3.20118
2.234318e-007 3.196
2.236318e-007 3.0976
2.238318e-007 2.97814
2.240318e-007 2.97261
2.242318e-007 3.05479
2.244318e-007 3.14663
2.246318e-007 3.17011
2.248318e-007 3.11452
2.250318e-007 3.10071
2.252318e-007 3.21499
2.254318e-007 3.33411
2.256318e-007 3.36588
2.258318e-007 3.37002
2.260318e-007 3.31995
2.262318e-007 3.21499
2.264318e-007 3.17529
2.266318e-007 3.23087
2.268318e-007 3.32651
2.270318e-007 3.41456
2.272318e-007 3.4118
2.274318e-007 3.30545
2.276318e-007 3.2181
2.278318e-007 3.21568
2.280318e-007 3.23226
2.282318e-007 3.22535
2.284318e-007 3.24952
2.286318e-007 3.32617
2.288318e-007 3.38728
2.290318e-007 3.33756
2.292318e-007 3.18081
2.294318e-007 3.10278
2.296318e-007 3.17529
2.298318e-007 3.23467
2.300318e-007 3.24814
2.302318e-007 3.3096
2.304318e-007 3.4042
2.306318e-007 3.49121
2.308318e-007 3.5323
2.310318e-007 3.49604
2.312318e-007 3.46048
2.314318e-007 3.48465
2.316318e-007 3.46117
2.318318e-007 3.30131
2.320318e-007 3.15733
2.322318e-007 3.18668
2.324318e-007 3.27714
2.326318e-007 3.28197
2.328318e-007 3.27369
2.330318e-007 3.31547
2.332318e-007 3.28957
2.334318e-007 3.19946
2.336318e-007 3.20118
2.338318e-007 3.27714
2.340318e-007 3.29993
2.342318e-007 3.2692
2.344318e-007 3.27472
2.346318e-007 3.33204
2.348318e-007 3.39246
2.350318e-007 3.40351
2.352318e-007 3.36553
2.354318e-007 3.36104
2.356318e-007 3.39557
2.358318e-007 3.408
2.360318e-007 3.43217
2.362318e-007 3.48085
2.364318e-007 3.45634
2.366318e-007 3.32203
2.368318e-007 3.20947
2.370318e-007 3.26264
2.372318e-007 3.37209
2.374318e-007 3.35448
2.376318e-007 3.30994
2.378318e-007 3.37002
2.380318e-007 3.42837
2.382318e-007 3.40316
2.384318e-007 3.36449
2.386318e-007 3.37278
2.388318e-007 3.44356
2.390318e-007 3.56199
2.392318e-007 3.65349
2.394318e-007 3.64451
2.396318e-007 3.5354
2.398318e-007 3.39488
2.400318e-007 3.30925
2.402318e-007 3.31685
2.404318e-007 3.3569
2.406318e-007 3.38694
2.408318e-007 3.43769
2.410318e-007 3.43458
2.412318e-007 3.36139
2.414318e-007 3.37175
2.416318e-007 3.48879
2.418318e-007 3.62172
2.420318e-007 3.65763
2.422318e-007 3.53817
2.424318e-007 3.4118
2.426318e-007 3.42354
2.428318e-007 3.48085
2.430318e-007 3.49224
2.432318e-007 3.54127
2.434318e-007 3.61033
2.436318e-007 3.58409
2.438318e-007 3.50778
2.440318e-007 3.51503
2.442318e-007 3.60998
2.444318e-007 3.61585
2.446318e-007 3.46359
2.448318e-007 3.36795
2.450318e-007 3.45634
2.452318e-007 3.59306
2.454318e-007 3.6704
2.456318e-007 3.68283
2.458318e-007 3.61965
2.460318e-007 3.50847
2.462318e-007 3.47187
2.464318e-007 3.54127
2.466318e-007 3.58616
2.468318e-007 3.57511
2.470318e-007 3.5354
2.472318e-007 3.45081
2.474318e-007 3.40282
2.476318e-007 3.44874
2.478318e-007 3.52263
2.480318e-007 3.56302
2.482318e-007 3.55129
2.484318e-007 3.51296
2.486318e-007 3.49466
2.488318e-007 3.47981
2.490318e-007 3.4477
2.492318e-007 3.4629
2.494318e-007 3.54507
2.496318e-007 3.61033
2.498318e-007 3.62517
2.500318e-007 3.64209
2.502318e-007 3.68801
2.504318e-007 3.67662
2.506318e-007 3.54714
2.508318e-007 3.47567
2.510318e-007 3.59583
2.512318e-007 3.76812
2.514318e-007 3.83648
2.516318e-007 3.77882
2.518318e-007 3.68525
2.520318e-007 3.65418
