-7.39361e-009 2.20064
-7.19361e-009 2.20064
-6.99361e-009 2.20064
-6.79361e-009 2.20063
-6.59361e-009 2.20064
-6.39361e-009 2.20064
-6.19361e-009 2.20064
-5.99361e-009 2.20064
-5.79361e-009 2.20064
-5.59361e-009 2.20064
-5.39361e-009 2.20064
-5.19361e-009 2.20064
-4.99361e-009 2.20064
-4.79361e-009 2.20064
-4.59361e-009 2.20064
-4.39361e-009 2.20064
-4.19361e-009 2.20064
-3.99361e-009 2.20064
-3.79361e-009 2.20064
-3.59361e-009 2.20064
-3.39361e-009 2.20064
-3.19361e-009 2.20064
-2.99361e-009 2.20064
-2.79361e-009 2.20064
-2.59361e-009 2.20064
-2.39361e-009 2.20064
-2.19361e-009 2.20064
-1.99361e-009 2.20064
-1.79361e-009 2.20064
-1.59361e-009 2.20064
-1.39361e-009 2.20064
-1.19361e-009 2.20064
-9.93611e-010 2.20064
-7.93611e-010 2.20064
-5.93611e-010 2.20064
-3.93611e-010 2.19818
-1.93611e-010 2.17198
6.3887e-012 2.08585
2.06389e-010 1.9527
4.06389e-010 1.84919
6.06389e-010 1.8235
8.06389e-010 1.84919
1.00639e-009 1.87829
1.20639e-009 1.88742
1.40639e-009 1.87833
1.60639e-009 1.86216
1.80639e-009 1.84764
2.00639e-009 1.83733
2.20639e-009 1.83117
2.40639e-009 1.8348
2.60639e-009 1.85159
2.80639e-009 1.87088
3.00639e-009 1.88461
3.20639e-009 1.89868
3.40639e-009 1.91851
3.60639e-009 1.94167
3.80639e-009 1.96251
4.00639e-009 1.9799
4.20639e-009 1.99623
4.40639e-009 2.00955
4.60639e-009 2.01722
4.80639e-009 2.02153
5.00639e-009 2.02501
5.20639e-009 2.02844
5.40639e-009 2.03366
5.60639e-009 2.0387
5.80639e-009 2.04109
6.00639e-009 2.04407
6.20639e-009 2.04412
6.40639e-009 2.03686
6.60639e-009 2.03224
6.80639e-009 2.03575
7.00639e-009 2.03951
7.20639e-009 2.04101
7.40639e-009 2.04164
7.60639e-009 2.03815
7.80639e-009 2.03186
8.00639e-009 2.02662
8.20639e-009 2.0199
8.40639e-009 2.01165
8.60639e-009 2.00672
8.80639e-009 2.00426
9.00639e-009 1.99868
9.20639e-009 1.98931
9.40639e-009 1.98203
9.60639e-009 1.97594
9.80639e-009 1.96419
1.00064e-008 1.95422
1.02064e-008 1.95731
1.04064e-008 1.96627
1.06064e-008 1.97092
1.08064e-008 1.97399
1.10064e-008 1.97883
1.12064e-008 1.98416
1.14064e-008 1.98625
1.16064e-008 1.97891
1.18064e-008 1.96515
1.20064e-008 1.95605
1.22064e-008 1.95441
1.24064e-008 1.95482
1.26064e-008 1.95254
1.28064e-008 1.94719
1.30064e-008 1.94182
1.32064e-008 1.93858
1.34064e-008 1.9376
1.36064e-008 1.93882
1.38064e-008 1.93977
1.40064e-008 1.93662
1.42064e-008 1.93031
1.44064e-008 1.92441
1.46064e-008 1.92021
1.48064e-008 1.91634
1.50064e-008 1.90953
1.52064e-008 1.9011
1.54064e-008 1.89672
1.56064e-008 1.89507
1.58064e-008 1.89091
1.60064e-008 1.88776
1.62064e-008 1.8884
1.64064e-008 1.88446
1.66064e-008 1.87377
1.68064e-008 1.86499
1.70064e-008 1.86028
1.72064e-008 1.85823
1.74064e-008 1.86224
1.76064e-008 1.86994
1.78064e-008 1.8708
1.80064e-008 1.86297
1.82064e-008 1.85474
1.84064e-008 1.85042
1.86064e-008 1.85032
1.88064e-008 1.85158
1.90064e-008 1.8492
1.92064e-008 1.84627
1.94064e-008 1.84754
1.96064e-008 1.84814
1.98064e-008 1.84398
2.00064e-008 1.838
2.02064e-008 1.83447
2.04064e-008 1.83503
2.06064e-008 1.83686
2.08064e-008 1.83636
2.10064e-008 1.83363
2.12064e-008 1.83156
2.14064e-008 1.83074
2.16064e-008 1.82812
2.18064e-008 1.82446
2.20064e-008 1.82248
2.22064e-008 1.82114
2.24064e-008 1.821
2.26064e-008 1.82302
2.28064e-008 1.824
2.30064e-008 1.82223
2.32064e-008 1.82133
2.34064e-008 1.82469
2.36064e-008 1.82804
2.38064e-008 1.82521
2.40064e-008 1.81903
2.42064e-008 1.81504
2.44064e-008 1.81391
2.46064e-008 1.81505
2.48064e-008 1.81764
2.50064e-008 1.81944
2.52064e-008 1.81834
2.54064e-008 1.81438
2.56064e-008 1.80966
2.58064e-008 1.80834
2.60064e-008 1.81194
2.62064e-008 1.81379
2.64064e-008 1.81061
2.66064e-008 1.80678
2.68064e-008 1.80449
2.70064e-008 1.80635
2.72064e-008 1.8129
2.74064e-008 1.81739
2.76064e-008 1.81608
2.78064e-008 1.81338
2.80064e-008 1.81197
2.82064e-008 1.80808
2.84064e-008 1.80361
2.86064e-008 1.80508
2.88064e-008 1.80791
2.90064e-008 1.80439
2.92064e-008 1.79973
2.94064e-008 1.80195
2.96064e-008 1.80758
2.98064e-008 1.81074
3.00064e-008 1.81122
3.02064e-008 1.8085
3.04064e-008 1.80367
3.06064e-008 1.80219
3.08064e-008 1.80445
3.10064e-008 1.80425
3.12064e-008 1.80222
3.14064e-008 1.80466
3.16064e-008 1.80896
3.18064e-008 1.81004
3.20064e-008 1.80811
3.22064e-008 1.802
3.24064e-008 1.79518
3.26064e-008 1.79553
3.28064e-008 1.80122
3.30064e-008 1.80474
3.32064e-008 1.80308
3.34064e-008 1.79758
3.36064e-008 1.79395
3.38064e-008 1.79547
3.40064e-008 1.79823
3.42064e-008 1.79878
3.44064e-008 1.7972
3.46064e-008 1.79572
3.48064e-008 1.79635
3.50064e-008 1.79679
3.52064e-008 1.79366
3.54064e-008 1.78862
3.56064e-008 1.78776
3.58064e-008 1.79166
3.60064e-008 1.79261
3.62064e-008 1.78932
3.64064e-008 1.7885
3.66064e-008 1.79217
3.68064e-008 1.7969
3.70064e-008 1.79827
3.72064e-008 1.79413
3.74064e-008 1.78881
3.76064e-008 1.78934
3.78064e-008 1.79433
3.80064e-008 1.79596
3.82064e-008 1.79445
3.84064e-008 1.79486
3.86064e-008 1.79642
3.88064e-008 1.79594
3.90064e-008 1.79386
3.92064e-008 1.79336
3.94064e-008 1.79449
3.96064e-008 1.79607
3.98064e-008 1.79729
4.00064e-008 1.79499
4.02064e-008 1.79107
4.04064e-008 1.79005
4.06064e-008 1.7916
4.08064e-008 1.79347
4.10064e-008 1.7927
4.12064e-008 1.78935
4.14064e-008 1.78826
4.16064e-008 1.78935
4.18064e-008 1.78838
4.20064e-008 1.78761
4.22064e-008 1.78938
4.24064e-008 1.79187
4.26064e-008 1.79424
4.28064e-008 1.79285
