-2.481983e-007 10.3062
-2.479983e-007 10.2019
-2.477983e-007 10.1346
-2.475983e-007 10.1169
-2.473983e-007 10.11
-2.471983e-007 10.1121
-2.469983e-007 10.0928
-2.467983e-007 10.0527
-2.465983e-007 10.0348
-2.463983e-007 10.0427
-2.461983e-007 10.0289
-2.459983e-007 9.97711
-2.457983e-007 9.95363
-2.455983e-007 9.95294
-2.453983e-007 9.916
-2.451983e-007 9.93533
-2.449983e-007 10.0645
-2.447983e-007 10.1556
-2.445983e-007 10.0969
-2.443983e-007 9.96019
-2.441983e-007 9.8611
-2.439983e-007 9.84211
-2.437983e-007 9.92187
-2.435983e-007 10.0403
-2.433983e-007 10.0952
-2.431983e-007 10.0952
-2.429983e-007 10.0683
-2.427983e-007 10.0172
-2.425983e-007 10.0092
-2.423983e-007 10.0569
-2.421983e-007 10.0855
-2.419983e-007 10.0779
-2.417983e-007 10.0227
-2.415983e-007 9.9526
-2.413983e-007 9.9595
-2.411983e-007 9.9854
-2.409983e-007 9.96779
-2.407983e-007 9.9961
-2.405983e-007 10.0679
-2.403983e-007 10.0924
-2.401983e-007 10.0976
-2.399983e-007 10.1145
-2.397983e-007 10.1301
-2.395983e-007 10.1515
-2.393983e-007 10.1318
-2.391983e-007 10.0741
-2.389983e-007 10.0731
-2.387983e-007 10.0821
-2.385983e-007 9.98574
-2.383983e-007 9.89425
-2.381983e-007 9.89839
-2.379983e-007 9.87526
-2.377983e-007 9.86317
-2.375983e-007 9.93257
-2.373983e-007 9.94983
-2.371983e-007 9.90806
-2.369983e-007 9.91116
-2.367983e-007 9.95018
-2.365983e-007 10.0154
-2.363983e-007 10.0676
-2.361983e-007 10.052
-2.359983e-007 10.0299
-2.357983e-007 10.0403
-2.355983e-007 10.0627
-2.353983e-007 10.0765
-2.351983e-007 10.041
-2.349983e-007 9.99161
-2.347983e-007 10.0424
-2.345983e-007 10.1314
-2.343983e-007 10.0983
-2.341983e-007 10.0234
-2.339983e-007 10.0341
-2.337983e-007 10.0752
-2.335983e-007 10.0938
-2.333983e-007 10.042
-2.331983e-007 9.90978
-2.329983e-007 9.86145
-2.327983e-007 9.93533
-2.325983e-007 9.96296
-2.323983e-007 9.95536
-2.321983e-007 10.032
-2.319983e-007 10.1276
-2.317983e-007 10.0997
-2.315983e-007 9.9923
-2.313983e-007 9.99023
-2.311983e-007 10.0931
-2.309983e-007 10.0935
-2.307983e-007 9.96848
-2.305983e-007 9.92877
-2.303983e-007 9.99299
-2.301983e-007 9.99334
-2.299983e-007 9.93568
-2.297983e-007 9.96157
-2.295983e-007 10.0679
-2.293983e-007 10.0931
-2.291983e-007 9.98781
-2.289983e-007 9.91255
-2.287983e-007 9.93706
-2.285983e-007 9.94742
-2.283983e-007 9.95087
-2.281983e-007 9.99265
-2.279983e-007 9.99507
-2.277983e-007 9.97021
-2.275983e-007 9.98367
-2.273983e-007 10.0085
-2.271983e-007 10.0002
-2.269983e-007 9.95605
-2.267983e-007 9.9229
-2.265983e-007 9.95985
-2.263983e-007 10.0379
-2.261983e-007 10.0942
-2.259983e-007 10.1297
-2.257983e-007 10.1242
-2.255983e-007 10.0565
-2.253983e-007 9.9816
-2.251983e-007 9.94776
-2.249983e-007 9.96088
-2.247983e-007 10.0192
-2.245983e-007 10.0879
-2.243983e-007 10.0907
-2.241983e-007 10.0358
-2.239983e-007 10.0289
-2.237983e-007 10.0358
-2.235983e-007 9.98436
-2.233983e-007 9.97504
-2.231983e-007 10.0234
-2.229983e-007 10.0527
-2.227983e-007 10.0776
-2.225983e-007 10.099
-2.223983e-007 10.1201
-2.221983e-007 10.1639
-2.219983e-007 10.1722
-2.217983e-007 10.1159
-2.215983e-007 10.0513
-2.213983e-007 9.97331
-2.211983e-007 9.90288
-2.209983e-007 9.97021
-2.207983e-007 10.1584
-2.205983e-007 10.2623
-2.203983e-007 10.2316
-2.201983e-007 10.1781
-2.199983e-007 10.109
-2.197983e-007 10.0489
-2.195983e-007 10.1062
-2.193983e-007 10.1784
-2.191983e-007 10.1152
-2.189983e-007 10.0579
-2.187983e-007 10.1287
-2.185983e-007 10.1722
-2.183983e-007 10.0831
-2.181983e-007 10.0168
-2.179983e-007 10.0824
-2.177983e-007 10.1373
-2.175983e-007 10.0759
-2.173983e-007 10.0037
-2.171983e-007 10.0141
-2.169983e-007 10.0638
-2.167983e-007 10.1076
-2.165983e-007 10.1377
-2.163983e-007 10.1774
-2.161983e-007 10.2361
-2.159983e-007 10.2319
-2.157983e-007 10.1777
-2.155983e-007 10.1511
-2.153983e-007 10.0966
-2.151983e-007 10.0306
-2.149983e-007 10.0382
-2.147983e-007 10.0303
-2.145983e-007 9.96813
-2.143983e-007 9.98264
-2.141983e-007 10.0534
-2.139983e-007 10.0382
-2.137983e-007 9.96365
-2.135983e-007 9.94569
-2.133983e-007 9.96641
-2.131983e-007 9.9229
-2.129983e-007 9.82381
-2.127983e-007 9.79481
-2.125983e-007 9.90702
-2.123983e-007 10.0513
-2.121983e-007 10.081
-2.119983e-007 9.98781
-2.117983e-007 9.87318
-2.115983e-007 9.87905
-2.113983e-007 10.051
-2.111983e-007 10.2247
-2.109983e-007 10.2547
-2.107983e-007 10.2074
-2.105983e-007 10.1418
-2.103983e-007 10.0503
-2.101983e-007 9.93188
-2.099983e-007 9.7696
-2.097983e-007 9.65566
-2.095983e-007 9.70435
-2.093983e-007 9.82312
-2.091983e-007 9.89701
-2.089983e-007 9.97918
-2.087983e-007 10.1042
-2.085983e-007 10.2071
-2.083983e-007 10.2216
-2.081983e-007 10.1276
-2.079983e-007 10.0168
-2.077983e-007 10.0462
-2.075983e-007 10.1808
-2.073983e-007 10.2022
-2.071983e-007 10.0959
-2.069983e-007 10.0665
-2.067983e-007 10.1397
-2.065983e-007 10.1394
-2.063983e-007 10.0027
-2.061983e-007 9.83797
-2.059983e-007 9.77616
-2.057983e-007 9.87629
-2.055983e-007 10.0368
-2.053983e-007 10.0976
-2.051983e-007 10.0306
-2.049983e-007 9.91393
-2.047983e-007 9.85661
-2.045983e-007 9.87698
-2.043983e-007 9.92325
-2.041983e-007 9.99507
-2.039983e-007 10.0693
-2.037983e-007 10.1356
-2.035983e-007 10.1991
-2.033983e-007 10.1884
-2.031983e-007 10.1093
-2.029983e-007 10.0658
-2.027983e-007 10.0469
-2.025983e-007 9.98816
-2.023983e-007 9.97331
-2.021983e-007 10.0873
-2.019983e-007 10.2281
-2.017983e-007 10.224
-2.015983e-007 10.0765
-2.013983e-007 9.96641
-2.011983e-007 9.9381
-2.009983e-007 9.87664
-2.007983e-007 9.81863
-2.005983e-007 9.89632
-2.003983e-007 10.0513
-2.001983e-007 10.1294
-1.999983e-007 10.1131
-1.997983e-007 10.0731
-1.995983e-007 10.0569
-1.993983e-007 10.0762
-1.991983e-007 10.0765
-1.989983e-007 10.0258
-1.987983e-007 9.95398
-1.985983e-007 9.87146
-1.983983e-007 9.84556
-1.981983e-007 9.91911
-1.979983e-007 9.96192
-1.977983e-007 9.91669
-1.975983e-007 9.89839
-1.973983e-007 9.93188
-1.971983e-007 9.9595
-1.969983e-007 9.9999
-1.967983e-007 10.0268
-1.965983e-007 9.96779
-1.963983e-007 9.88423
-1.961983e-007 9.89977
-1.959983e-007 9.99886
-1.957983e-007 10.0793
-1.955983e-007 10.1152
-1.953983e-007 10.1342
-1.951983e-007 10.1301
-1.949983e-007 10.0904
-1.947983e-007 10.0458
-1.945983e-007 10.0123
-1.943983e-007 9.96088
-1.941983e-007 9.93223
-1.939983e-007 9.97262
-1.937983e-007 10.0065
-1.935983e-007 9.99161
-1.933983e-007 9.97538
-1.931983e-007 9.92187
-1.929983e-007 9.84315
-1.927983e-007 9.91151
-1.925983e-007 10.0817
-1.923983e-007 10.1135
-1.921983e-007 10.0206
-1.919983e-007 9.94983
-1.917983e-007 9.93844
-1.915983e-007 9.97918
-1.913983e-007 10.0168
-1.911983e-007 10.0258
-1.909983e-007 10.0379
-1.907983e-007 10.062
-1.905983e-007 10.0662
-1.903983e-007 9.99403
-1.901983e-007 9.88078
-1.899983e-007 9.8573
-1.897983e-007 9.93188
-1.895983e-007 9.97331
-1.893983e-007 9.95985
-1.891983e-007 9.99679
-1.889983e-007 10.0814
-1.887983e-007 10.1511
-1.885983e-007 10.2112
-1.883983e-007 10.1874
-1.881983e-007 10.0396
-1.879983e-007 9.92256
-1.877983e-007 9.94638
-1.875983e-007 10.0797
-1.873983e-007 10.2333
-1.871983e-007 10.2823
-1.869983e-007 10.1929
-1.867983e-007 10.0945
-1.865983e-007 10.0945
-1.863983e-007 10.1276
-1.861983e-007 10.1031
-1.859983e-007 10.061
-1.857983e-007 10.0672
-1.855983e-007 10.0948
-1.853983e-007 10.1118
-1.851983e-007 10.1187
-1.849983e-007 10.0828
-1.847983e-007 9.9923
-1.845983e-007 9.94155
-1.843983e-007 9.99955
-1.841983e-007 10.0786
-1.839983e-007 10.138
-1.837983e-007 10.175
-1.835983e-007 10.147
-1.833983e-007 10.1145
-1.831983e-007 10.1042
-1.829983e-007 10.0458
-1.827983e-007 9.95225
-1.825983e-007 9.91876
-1.823983e-007 9.99403
-1.821983e-007 10.0838
-1.819983e-007 10.0645
-1.817983e-007 9.99472
-1.815983e-007 9.99161
-1.813983e-007 9.99334
-1.811983e-007 9.94949
-1.809983e-007 9.93326
-1.807983e-007 9.96572
-1.805983e-007 10.0358
-1.803983e-007 10.1131
-1.801983e-007 10.0938
-1.799983e-007 9.99541
-1.797983e-007 9.99299
-1.795983e-007 10.1038
-1.793983e-007 10.1615
-1.791983e-007 10.1194
-1.789983e-007 10.0652
-1.787983e-007 9.98747
-1.785983e-007 9.84833
-1.783983e-007 9.79377
-1.781983e-007 9.89977
-1.779983e-007 10.0061
-1.777983e-007 10.0244
-1.775983e-007 9.98436
-1.773983e-007 9.94569
-1.771983e-007 9.96917
-1.769983e-007 10.0009
-1.767983e-007 10.0134
-1.765983e-007 10.0721
-1.763983e-007 10.1325
-1.761983e-007 10.1325
-1.759983e-007 10.1232
-1.757983e-007 10.1107
-1.755983e-007 10.0665
-1.753983e-007 10.0444
-1.751983e-007 10.0741
-1.749983e-007 10.1021
-1.747983e-007 10.1004
-1.745983e-007 10.0576
-1.743983e-007 9.96813
-1.741983e-007 9.89804
-1.739983e-007 9.90529
-1.737983e-007 9.98471
-1.735983e-007 10.062
-1.733983e-007 10.0272
-1.731983e-007 9.93499
-1.729983e-007 9.95122
-1.727983e-007 10.0765
-1.725983e-007 10.1218
-1.723983e-007 9.98333
-1.721983e-007 9.83555
-1.719983e-007 9.88009
-1.717983e-007 10.0324
-1.715983e-007 10.0966
-1.713983e-007 10.0648
-1.711983e-007 10.0241
-1.709983e-007 10.002
-1.707983e-007 9.99714
-1.705983e-007 9.99161
-1.703983e-007 9.97953
-1.701983e-007 9.98851
-1.699983e-007 9.99541
-1.697983e-007 10.0161
-1.695983e-007 10.0866
-1.693983e-007 10.0924
-1.691983e-007 9.98264
-1.689983e-007 9.88976
-1.687983e-007 9.90909
-1.685983e-007 10.0006
-1.683983e-007 10.0769
-1.681983e-007 10.1031
-1.679983e-007 10.109
-1.677983e-007 10.1366
-1.675983e-007 10.1449
-1.673983e-007 10.0835
-1.671983e-007 10.0489
-1.669983e-007 10.0707
-1.667983e-007 10.0455
-1.665983e-007 10.0165
-1.663983e-007 10.0493
-1.661983e-007 10.0486
-1.659983e-007 9.96986
-1.657983e-007 9.91151
-1.655983e-007 9.93084
-1.653983e-007 9.95605
-1.651983e-007 9.94535
-1.649983e-007 9.95432
-1.647983e-007 10.0061
-1.645983e-007 10.0313
-1.643983e-007 9.98851
-1.641983e-007 9.96641
-1.639983e-007 9.99679
-1.637983e-007 9.98125
-1.635983e-007 9.93154
-1.633983e-007 9.95363
-1.631983e-007 10.0662
-1.629983e-007 10.1936
-1.627983e-007 10.2081
-1.625983e-007 10.0396
-1.623983e-007 9.81622
-1.621983e-007 9.73577
-1.619983e-007 9.77306
-1.617983e-007 9.80827
-1.615983e-007 9.90219
-1.613983e-007 10.0431
-1.611983e-007 10.0586
-1.609983e-007 9.98298
-1.607983e-007 9.97746
-1.605983e-007 10.0582
-1.603983e-007 10.1401
-1.601983e-007 10.1387
-1.599983e-007 10.0676
-1.597983e-007 10.0351
-1.595983e-007 10.0824
-1.593983e-007 10.1522
-1.591983e-007 10.1687
-1.589983e-007 10.0959
-1.587983e-007 10.0016
-1.585983e-007 9.9526
-1.583983e-007 9.90219
-1.581983e-007 9.85592
-1.579983e-007 9.88941
-1.577983e-007 9.95985
-1.575983e-007 9.9923
-1.573983e-007 10.0009
-1.571983e-007 10.0268
-1.569983e-007 10.11
-1.567983e-007 10.206
-1.565983e-007 10.2098
-1.563983e-007 10.1459
-1.561983e-007 10.1038
-1.559983e-007 10.1128
-1.557983e-007 10.1725
-1.555983e-007 10.1998
-1.553983e-007 10.0783
-1.551983e-007 9.90875
-1.549983e-007 9.92774
-1.547983e-007 10.0904
-1.545983e-007 10.1453
-1.543983e-007 10.051
-1.541983e-007 9.95985
-1.539983e-007 9.98643
-1.537983e-007 10.0803
-1.535983e-007 10.0783
-1.533983e-007 9.95709
-1.531983e-007 9.88596
-1.529983e-007 9.91669
-1.527983e-007 9.99299
-1.525983e-007 10.1149
-1.523983e-007 10.1739
-1.521983e-007 10.0866
-1.519983e-007 10.0061
-1.517983e-007 10.0448
-1.515983e-007 10.1176
-1.513983e-007 10.1805
-1.511983e-007 10.2205
-1.509983e-007 10.1701
-1.507983e-007 10.0531
-1.505983e-007 9.94466
-1.503983e-007 9.9595
-1.501983e-007 10.1201
-1.499983e-007 10.1995
-1.497983e-007 10.1145
-1.495983e-007 10.0503
-1.493983e-007 10.0182
-1.491983e-007 9.94051
-1.489983e-007 9.95605
-1.487983e-007 10.0759
-1.485983e-007 10.0983
-1.483983e-007 10.0299
-1.481983e-007 10.0348
-1.479983e-007 10.1384
-1.477983e-007 10.2357
-1.475983e-007 10.2209
-1.473983e-007 10.0852
-1.471983e-007 9.9488
-1.469983e-007 9.90702
-1.467983e-007 9.91634
-1.465983e-007 9.95225
-1.463983e-007 10.0144
-1.461983e-007 10.023
-1.459983e-007 9.96088
-1.457983e-007 9.90564
-1.455983e-007 9.93119
-1.453983e-007 10.0237
-1.451983e-007 10.0555
-1.449983e-007 10.0006
-1.447983e-007 9.99507
-1.445983e-007 10.0248
-1.443983e-007 9.94845
-1.441983e-007 9.86732
-1.439983e-007 9.95536
-1.437983e-007 10.1328
-1.435983e-007 10.2357
-1.433983e-007 10.1984
-1.431983e-007 10.11
-1.429983e-007 10.0748
-1.427983e-007 10.05
-1.425983e-007 10.0078
-1.423983e-007 9.97918
-1.421983e-007 9.96226
-1.419983e-007 9.97608
-1.417983e-007 10.041
-1.415983e-007 10.1014
-1.413983e-007 10.0879
-1.411983e-007 10.0199
-1.409983e-007 10.0141
-1.407983e-007 10.1018
-1.405983e-007 10.1539
-1.403983e-007 10.129
-1.401983e-007 10.1366
-1.399983e-007 10.2157
-1.397983e-007 10.2613
-1.395983e-007 10.1939
-1.393983e-007 10.1128
-1.391983e-007 10.1218
-1.389983e-007 10.1197
-1.387983e-007 10.0258
-1.385983e-007 9.93982
-1.383983e-007 9.97711
-1.381983e-007 10.0945
-1.379983e-007 10.1187
-1.377983e-007 10.031
-1.375983e-007 9.95191
-1.373983e-007 9.89183
-1.371983e-007 9.8428
-1.369983e-007 9.87767
-1.367983e-007 9.97124
-1.365983e-007 10.0113
-1.363983e-007 10.0137
-1.361983e-007 10.0358
-1.359983e-007 10.0655
-1.357983e-007 10.079
-1.355983e-007 10.0513
-1.353983e-007 10.0272
-1.351983e-007 10.0728
-1.349983e-007 10.1401
-1.347983e-007 10.1677
-1.345983e-007 10.1653
-1.343983e-007 10.1128
-1.341983e-007 10.031
-1.339983e-007 10.022
-1.337983e-007 10.0251
-1.335983e-007 9.93948
-1.333983e-007 9.88665
-1.331983e-007 9.92152
-1.329983e-007 9.96088
-1.327983e-007 9.97124
-1.325983e-007 9.90702
-1.323983e-007 9.82761
-1.321983e-007 9.87871
-1.319983e-007 9.98851
-1.317983e-007 10.0382
-1.315983e-007 10.0714
-1.313983e-007 10.1011
-1.311983e-007 10.1225
-1.309983e-007 10.1639
-1.307983e-007 10.1929
-1.305983e-007 10.1777
-1.303983e-007 10.1415
-1.301983e-007 10.0917
-1.299983e-007 10.0109
-1.297983e-007 9.9892
-1.295983e-007 10.0748
-1.293983e-007 10.1207
-1.291983e-007 10.0721
-1.289983e-007 10.0192
-1.287983e-007 10.0203
-1.285983e-007 10.0493
-1.283983e-007 10.0027
-1.281983e-007 9.94327
-1.279983e-007 10.0279
-1.277983e-007 10.1318
-1.275983e-007 10.1024
-1.273983e-007 10.0023
-1.271983e-007 9.91634
-1.269983e-007 9.91151
-1.267983e-007 9.98125
-1.265983e-007 10.0375
-1.263983e-007 10.0966
-1.261983e-007 10.186
-1.259983e-007 10.1753
-1.257983e-007 10.0538
-1.255983e-007 9.97469
-1.253983e-007 9.92601
-1.251983e-007 9.87974
-1.249983e-007 9.95501
-1.247983e-007 10.1166
-1.245983e-007 10.1977
-1.243983e-007 10.2133
-1.241983e-007 10.2267
-1.239983e-007 10.2067
-1.237983e-007 10.1843
-1.235983e-007 10.1843
-1.233983e-007 10.1373
-1.231983e-007 10.0548
-1.229983e-007 10.0545
-1.227983e-007 10.1484
-1.225983e-007 10.1784
-1.223983e-007 10.0779
-1.221983e-007 9.99196
-1.219983e-007 10.0106
-1.217983e-007 10.0562
-1.215983e-007 10.0624
-1.213983e-007 10.0265
-1.211983e-007 9.96986
-1.209983e-007 9.9526
-1.207983e-007 9.98781
-1.205983e-007 10.0265
-1.203983e-007 10.0589
-1.201983e-007 10.1011
-1.199983e-007 10.1266
-1.197983e-007 10.0993
-1.195983e-007 10.071
-1.193983e-007 10.1049
-1.191983e-007 10.1259
-1.189983e-007 10.0545
-1.187983e-007 9.95778
-1.185983e-007 9.95122
-1.183983e-007 10.0362
-1.181983e-007 10.1197
-1.179983e-007 10.139
-1.177983e-007 10.0962
-1.175983e-007 10.0334
-1.173983e-007 9.97331
-1.171983e-007 9.9305
-1.169983e-007 9.94638
-1.167983e-007 9.99852
-1.165983e-007 9.99817
-1.163983e-007 9.93602
-1.161983e-007 9.91634
-1.159983e-007 9.96503
-1.157983e-007 9.96503
-1.155983e-007 9.88147
-1.153983e-007 9.84315
-1.151983e-007 9.92567
-1.149983e-007 9.99852
-1.147983e-007 9.9595
-1.145983e-007 9.92187
-1.143983e-007 9.99127
-1.141983e-007 10.071
-1.139983e-007 10.0396
-1.137983e-007 9.97987
-1.135983e-007 10.0061
-1.133983e-007 10.0358
-1.131983e-007 10.002
-1.129983e-007 9.99127
-1.127983e-007 10.0223
-1.125983e-007 10.0362
-1.123983e-007 10.1056
-1.121983e-007 10.2564
-1.119983e-007 10.2837
-1.117983e-007 10.1529
-1.115983e-007 10.07
-1.113983e-007 10.09
-1.111983e-007 10.1339
-1.109983e-007 10.128
-1.107983e-007 10.0562
-1.105983e-007 9.99127
-1.103983e-007 10.0058
-1.101983e-007 10.0866
-1.099983e-007 10.1401
-1.097983e-007 10.0966
-1.095983e-007 10.0103
-1.093983e-007 9.97608
-1.091983e-007 9.96157
-1.089983e-007 9.95536
-1.087983e-007 10.0883
-1.085983e-007 10.245
-1.083983e-007 10.2071
-1.081983e-007 10.1301
-1.079983e-007 10.1549
-1.077983e-007 10.1687
-1.075983e-007 10.1401
-1.073983e-007 10.1152
-1.071983e-007 10.0738
-1.069983e-007 9.99127
-1.067983e-007 9.88976
-1.065983e-007 9.86179
-1.063983e-007 10.0065
-1.061983e-007 10.1832
-1.059983e-007 10.147
-1.057983e-007 10.042
-1.055983e-007 10.09
-1.053983e-007 10.1111
-1.051983e-007 10.0213
-1.049983e-007 9.98402
-1.047983e-007 10.0265
-1.045983e-007 10.0734
-1.043983e-007 10.062
-1.041983e-007 9.99886
-1.039983e-007 9.92808
-1.037983e-007 9.9046
-1.035983e-007 10.0182
-1.033983e-007 10.2057
-1.031983e-007 10.2281
-1.029983e-007 10.0403
-1.027983e-007 9.88596
-1.025983e-007 9.86939
-1.023983e-007 9.87008
-1.021983e-007 9.86076
-1.019983e-007 9.86732
-1.017983e-007 9.90599
-1.015983e-007 9.98194
-1.013983e-007 10.0054
-1.011983e-007 9.95432
-1.009983e-007 9.95225
-1.007983e-007 10.0254
-1.005983e-007 10.0828
-1.003983e-007 10.0973
-1.001983e-007 10.1059
-9.999833e-008 10.1052
-9.979833e-008 10.0479
-9.959833e-008 9.98471
-9.939833e-008 10.0168
-9.919833e-008 10.0817
-9.899833e-008 10.0793
-9.879833e-008 10.0669
-9.859833e-008 10.109
-9.839833e-008 10.1062
-9.819833e-008 9.96986
-9.799833e-008 9.81587
-9.779833e-008 9.80137
-9.759833e-008 9.91358
-9.739833e-008 10.0182
-9.719833e-008 10.0676
-9.699833e-008 10.1373
-9.679833e-008 10.2122
-9.659833e-008 10.225
-9.639833e-008 10.2043
-9.619833e-008 10.1622
-9.599833e-008 10.0793
-9.579833e-008 9.9999
-9.559833e-008 9.97953
-9.539833e-008 9.99886
-9.519833e-008 10.032
-9.499833e-008 10.0797
-9.479833e-008 10.0955
-9.459833e-008 10.0627
-9.439833e-008 10.0472
-9.419833e-008 10.0545
-9.399833e-008 10.0068
-9.379833e-008 9.90012
-9.359833e-008 9.82623
-9.339833e-008 9.86006
-9.319833e-008 9.92774
-9.299833e-008 9.93671
-9.279833e-008 9.97055
-9.259833e-008 10.0683
-9.239833e-008 10.1339
-9.219833e-008 10.1435
-9.199833e-008 10.1045
-9.179833e-008 9.99127
-9.159833e-008 9.8687
-9.139833e-008 9.85523
-9.119833e-008 9.96813
-9.099833e-008 10.0845
-9.079833e-008 10.0721
-9.059833e-008 10.0182
-9.039833e-008 10.0841
-9.019833e-008 10.148
-8.999833e-008 10.0462
-8.979833e-008 9.93533
-8.959833e-008 9.99058
-8.939833e-008 10.0797
-8.919833e-008 10.0759
-8.899833e-008 10.0548
-8.879833e-008 10.0189
-8.859833e-008 9.9488
-8.839833e-008 9.93671
-8.819833e-008 10.0227
-8.799833e-008 10.1415
-8.779833e-008 10.1946
-8.759833e-008 10.1504
-8.739833e-008 10.0762
-8.719833e-008 10.0572
-8.699833e-008 10.0876
-8.679833e-008 10.0696
-8.659833e-008 10.0192
-8.639833e-008 10.0199
-8.619833e-008 10.0493
-8.599833e-008 10.0462
-8.579833e-008 10.0348
-8.559833e-008 10.0762
-8.539833e-008 10.1059
-8.519833e-008 10.0458
-8.499833e-008 10.0047
-8.479833e-008 10.0351
-8.459833e-008 10.0479
-8.439833e-008 10.0728
-8.419833e-008 10.1428
-8.399833e-008 10.1477
-8.379833e-008 10.0372
-8.359833e-008 9.91255
-8.339833e-008 9.89873
-8.319833e-008 9.97953
-8.299833e-008 10.0196
-8.279833e-008 9.9816
-8.259833e-008 9.94535
-8.239833e-008 9.95916
-8.219833e-008 10.0085
-8.199833e-008 10.0413
-8.179833e-008 10.0351
-8.159833e-008 10.0551
-8.139833e-008 10.0983
-8.119833e-008 10.0728
-8.099833e-008 10.0272
-8.079833e-008 10.0655
-8.059833e-008 10.1276
-8.039833e-008 10.079
-8.019833e-008 9.95329
-7.999833e-008 9.92981
-7.979833e-008 10.0313
-7.959833e-008 10.1363
-7.939833e-008 10.1567
-7.919833e-008 10.0634
-7.899833e-008 9.97228
-7.879833e-008 9.99748
-7.859833e-008 10.0254
-7.839833e-008 9.95778
-7.819833e-008 9.92463
-7.799833e-008 10.0261
-7.779833e-008 10.1256
-7.759833e-008 10.0676
-7.739833e-008 9.9381
-7.719833e-008 9.91772
-7.699833e-008 9.99955
-7.679833e-008 10.0859
-7.659833e-008 10.1394
-7.639833e-008 10.1294
-7.619833e-008 10.0434
-7.599833e-008 9.96468
-7.579833e-008 10.0013
-7.559833e-008 10.1163
-7.539833e-008 10.1729
-7.519833e-008 10.1515
-7.499833e-008 10.1056
-7.479833e-008 10.0665
-7.459833e-008 10.0362
-7.439833e-008 9.94051
-7.419833e-008 9.85178
-7.399833e-008 9.94224
-7.379833e-008 10.0793
-7.359833e-008 10.069
-7.339833e-008 9.99645
-7.319833e-008 10.0013
-7.299833e-008 10.0728
-7.279833e-008 10.1152
-7.259833e-008 10.1366
-7.239833e-008 10.1525
-7.219833e-008 10.0645
-7.199833e-008 9.9526
-7.179833e-008 9.99023
-7.159833e-008 10.0738
-7.139833e-008 10.0638
-7.119833e-008 10.0527
-7.099833e-008 10.0769
-7.079833e-008 10.002
-7.059833e-008 9.86835
-7.039833e-008 9.87249
-7.019833e-008 9.96365
-6.999833e-008 9.98954
-6.979833e-008 9.98712
-6.959833e-008 9.99058
-6.939833e-008 9.98264
-6.919833e-008 9.97849
-6.899833e-008 9.94742
-6.879833e-008 9.90529
-6.859833e-008 9.93464
-6.839833e-008 9.99161
-6.819833e-008 10.0103
-6.799833e-008 10.0296
-6.779833e-008 10.0424
-6.759833e-008 10.0182
-6.739833e-008 9.98436
-6.719833e-008 9.9381
-6.699833e-008 9.90081
-6.679833e-008 9.95847
-6.659833e-008 10.0558
-6.639833e-008 10.0565
-6.619833e-008 10.0009
-6.599833e-008 9.96296
-6.579833e-008 9.97021
-6.559833e-008 10.05
-6.539833e-008 10.0848
-6.519833e-008 10.0134
-6.499833e-008 9.98954
-6.479833e-008 10.0848
-6.459833e-008 10.1787
-6.439833e-008 10.1539
-6.419833e-008 10.0703
-6.399833e-008 10.0862
-6.379833e-008 10.2088
-6.359833e-008 10.2644
-6.339833e-008 10.1632
-6.319833e-008 10.0572
-6.299833e-008 10.0593
-6.279833e-008 10.0517
-6.259833e-008 9.99058
-6.239833e-008 9.98298
-6.219833e-008 10.0244
-6.199833e-008 9.99576
-6.179833e-008 9.916
-6.159833e-008 9.94397
-6.139833e-008 10.0472
-6.119833e-008 10.0482
-6.099833e-008 9.99023
-6.079833e-008 9.99472
-6.059833e-008 10.0393
-6.039833e-008 10.1059
-6.019833e-008 10.1453
-5.999833e-008 10.1035
-5.979833e-008 10.0876
-5.959833e-008 10.1422
-5.939833e-008 10.1546
-5.919833e-008 10.1059
-5.899833e-008 10.0862
-5.879833e-008 10.1194
-5.859833e-008 10.1366
-5.839833e-008 10.108
-5.819833e-008 10.06
-5.799833e-008 9.9999
-5.779833e-008 9.95225
-5.759833e-008 9.9343
-5.739833e-008 9.95432
-5.719833e-008 10.021
-5.699833e-008 10.0469
-5.679833e-008 10.0213
-5.659833e-008 10.0596
-5.639833e-008 10.1266
-5.619833e-008 10.1131
-5.599833e-008 10.0855
-5.579833e-008 10.1591
-5.559833e-008 10.2599
-5.539833e-008 10.234
-5.519833e-008 10.0928
-5.499833e-008 9.98022
-5.479833e-008 9.95916
-5.459833e-008 9.98851
-5.439833e-008 10.0462
-5.419833e-008 10.0986
-5.399833e-008 10.0855
-5.379833e-008 10.0203
-5.359833e-008 10.004
-5.339833e-008 10.0437
-5.319833e-008 10.0175
-5.299833e-008 9.93913
-5.279833e-008 9.95536
-5.259833e-008 10.0545
-5.239833e-008 10.0582
-5.219833e-008 9.92601
-5.199833e-008 9.80551
-5.179833e-008 9.80137
-5.159833e-008 9.8832
-5.139833e-008 9.9854
-5.119833e-008 10.0344
-5.099833e-008 9.99507
-5.079833e-008 9.9557
-5.059833e-008 10.0127
-5.039833e-008 10.1328
-5.019833e-008 10.1739
-4.999833e-008 10.0917
-4.979833e-008 10.0303
-4.959833e-008 10.0624
-4.939833e-008 10.0821
-4.919833e-008 10.021
-4.899833e-008 9.96088
-4.879833e-008 9.974
-4.859833e-008 10.0092
-4.839833e-008 10.0365
-4.819833e-008 10.0772
-4.799833e-008 10.0824
-4.779833e-008 10.0375
-4.759833e-008 10.0213
-4.739833e-008 10.0106
-4.719833e-008 9.96779
-4.699833e-008 9.97815
-4.679833e-008 10.0189
-4.659833e-008 10.0168
-4.639833e-008 10.0123
-4.619833e-008 10.013
-4.599833e-008 10.0037
-4.579833e-008 9.97849
-4.559833e-008 9.94051
-4.539833e-008 9.97987
-4.519833e-008 10.1045
-4.499833e-008 10.1432
-4.479833e-008 10.0576
-4.459833e-008 10.0507
-4.439833e-008 10.1787
-4.419833e-008 10.234
-4.399833e-008 10.1622
-4.379833e-008 10.1435
-4.359833e-008 10.1974
-4.339833e-008 10.2098
-4.319833e-008 10.1718
-4.299833e-008 10.1235
-4.279833e-008 10.0555
-4.259833e-008 9.96123
-4.239833e-008 9.94086
-4.219833e-008 10.0424
-4.199833e-008 10.1038
-4.179833e-008 10.0437
-4.159833e-008 9.99265
-4.139833e-008 9.99921
-4.119833e-008 9.97435
-4.099833e-008 9.95087
-4.079833e-008 9.98471
-4.059833e-008 10.0151
-4.039833e-008 10.0344
-4.019833e-008 10.031
-3.999833e-008 10.013
-3.979833e-008 10.0631
-3.959833e-008 10.1415
-3.939833e-008 10.1387
-3.919833e-008 10.0562
-3.899833e-008 9.98747
-3.879833e-008 10.0047
-3.859833e-008 10.0986
-3.839833e-008 10.1553
-3.819833e-008 10.0759
-3.799833e-008 9.97608
-3.779833e-008 9.97228
-3.759833e-008 10.0051
-3.739833e-008 10.0472
-3.719833e-008 10.0386
-3.699833e-008 9.95605
-3.679833e-008 9.98643
-3.659833e-008 10.1249
-3.639833e-008 10.1484
-3.619833e-008 10.0848
-3.599833e-008 10.1024
-3.579833e-008 10.1653
-3.559833e-008 10.1456
-3.539833e-008 10.0513
-3.519833e-008 10.0168
-3.499833e-008 10.1042
-3.479833e-008 10.1874
-3.459833e-008 10.1832
-3.439833e-008 10.176
-3.419833e-008 10.2105
-3.399833e-008 10.214
-3.379833e-008 10.148
-3.359833e-008 10.0921
-3.339833e-008 10.0752
-3.319833e-008 10.0006
-3.299833e-008 9.90253
-3.279833e-008 9.92843
-3.259833e-008 10.0469
-3.239833e-008 10.119
-3.219833e-008 10.1121
-3.199833e-008 10.0658
-3.179833e-008 10.0106
-3.159833e-008 10.0192
-3.139833e-008 10.1062
-3.119833e-008 10.1207
-3.099833e-008 9.99576
-3.079833e-008 9.91772
-3.059833e-008 9.99127
-3.039833e-008 10.0738
-3.019833e-008 10.0731
-2.999833e-008 10.0123
-2.979833e-008 9.90702
-2.959833e-008 9.82726
-2.939833e-008 9.85799
-2.919833e-008 9.95985
-2.899833e-008 10.0248
-2.879833e-008 10.033
-2.859833e-008 10.0589
-2.839833e-008 10.1325
-2.819833e-008 10.1705
-2.799833e-008 10.1249
-2.779833e-008 10.0759
-2.759833e-008 10.0548
-2.739833e-008 10.0424
-2.719833e-008 10.0986
-2.699833e-008 10.1874
-2.679833e-008 10.1642
-2.659833e-008 10.0386
-2.639833e-008 9.93015
-2.619833e-008 9.9267
-2.599833e-008 10.0265
-2.579833e-008 10.0914
-2.559833e-008 10.0555
-2.539833e-008 10.0227
-2.519833e-008 9.99368
-2.499833e-008 9.91842
-2.479833e-008 9.92359
-2.459833e-008 10.061
-2.439833e-008 10.1805
-2.419833e-008 10.2264
-2.399833e-008 10.225
-2.379833e-008 10.1677
-2.359833e-008 10.1611
-2.339833e-008 10.234
-2.319833e-008 10.1943
-2.299833e-008 9.99023
-2.279833e-008 9.79481
-2.259833e-008 9.78963
-2.239833e-008 9.96157
-2.219833e-008 10.071
-2.199833e-008 10.0134
-2.179833e-008 9.94811
-2.159833e-008 9.97193
-2.139833e-008 10.013
-2.119833e-008 10.0054
-2.099833e-008 9.9778
-2.079833e-008 10.0051
-2.059833e-008 10.0569
-2.039833e-008 10.0206
-2.019833e-008 9.93533
-1.999833e-008 9.93154
-1.979833e-008 9.96019
-1.959833e-008 9.93602
-1.939833e-008 9.94983
-1.919833e-008 9.98609
-1.899833e-008 9.94949
-1.879833e-008 9.95639
-1.859833e-008 10.05
-1.839833e-008 10.1004
-1.819833e-008 10.1166
-1.799833e-008 10.1394
-1.779833e-008 10.0886
-1.759833e-008 9.98678
-1.739833e-008 9.9709
-1.719833e-008 10.0227
-1.699833e-008 10.0324
-1.679833e-008 10.0272
-1.659833e-008 10.0779
-1.639833e-008 10.1415
-1.619833e-008 10.1556
-1.599833e-008 10.128
-1.579833e-008 10.0717
-1.559833e-008 9.99748
-1.539833e-008 9.98022
-1.519833e-008 10.0545
-1.499833e-008 10.0838
-1.479833e-008 10.0227
-1.459833e-008 10.004
-1.439833e-008 9.99921
-1.419833e-008 9.91496
-1.399833e-008 9.87629
-1.379833e-008 9.96952
-1.359833e-008 10.079
-1.339833e-008 10.0921
-1.319833e-008 10.0054
-1.299833e-008 9.9305
-1.279833e-008 9.95847
-1.259833e-008 10.0144
-1.239833e-008 10.0431
-1.219833e-008 10.0769
-1.199833e-008 10.0911
-1.179833e-008 10.0734
-1.159833e-008 10.0634
-1.139833e-008 10.0558
-1.119833e-008 10.0565
-1.099833e-008 10.0589
-1.079833e-008 10.0158
-1.059833e-008 9.9671
-1.039833e-008 9.98816
-1.019833e-008 10.0444
-9.998331e-009 10.0983
-9.798331e-009 10.1953
-9.598331e-009 10.2654
-9.398331e-009 10.1687
-9.198331e-009 10.0037
-8.998331e-009 9.96261
-8.798331e-009 10.0379
-8.598331e-009 10.0848
-8.398331e-009 10.0175
-8.198331e-009 9.92498
-7.998331e-009 9.96296
-7.798331e-009 10.1273
-7.598331e-009 10.2219
-7.398331e-009 10.1525
-7.198331e-009 10.0662
-6.998331e-009 10.0541
-6.798331e-009 10.0683
-6.598331e-009 10.0966
-6.398331e-009 10.1442
-6.198331e-009 10.1839
-5.998331e-009 10.1808
-5.798331e-009 10.1342
-5.598331e-009 10.0769
-5.398331e-009 9.99748
-5.198331e-009 9.90253
-4.998331e-009 9.89666
-4.798331e-009 9.93775
-4.598331e-009 9.87457
-4.398331e-009 9.82657
-4.198331e-009 9.94362
-3.998331e-009 10.0538
-3.798331e-009 10.0151
-3.598331e-009 9.96537
-3.398331e-009 10.042
-3.198331e-009 10.1401
-2.998331e-009 10.1007
-2.798331e-009 10.0103
-2.598331e-009 10.0071
-2.398331e-009 10.06
-2.198331e-009 10.0873
-1.998331e-009 10.0009
-1.798331e-009 9.73404
-1.598331e-009 9.30314
-1.398331e-009 8.6492
-1.198331e-009 7.62306
-9.983311e-010 6.31517
-7.983311e-010 5.03871
-5.983311e-010 3.97286
-3.983311e-010 3.1121
-1.983311e-010 2.43157
1.668941e-012 1.96373
2.016689e-010 1.73896
4.016689e-010 1.67923
6.016689e-010 1.63849
8.016689e-010 1.56253
1.001669e-009 1.47276
1.201669e-009 1.35916
1.401669e-009 1.26283
1.601669e-009 1.25731
1.801669e-009 1.27595
2.001669e-009 1.24868
2.201669e-009 1.2214
2.401669e-009 1.21139
2.601669e-009 1.23901
2.801669e-009 1.3495
3.001669e-009 1.46447
3.201669e-009 1.46482
3.401669e-009 1.38299
3.601669e-009 1.30358
3.801669e-009 1.27319
4.001669e-009 1.30012
4.201669e-009 1.32878
4.401669e-009 1.3823
4.601669e-009 1.45688
4.801669e-009 1.44203
5.001669e-009 1.4006
5.201669e-009 1.40509
5.401669e-009 1.36676
5.601669e-009 1.31773
5.801669e-009 1.34777
6.001669e-009 1.3747
6.201669e-009 1.31704
6.401669e-009 1.24453
6.601669e-009 1.21968
6.801669e-009 1.21381
7.001669e-009 1.22934
7.201669e-009 1.27975
7.401669e-009 1.3129
7.601669e-009 1.30668
7.801669e-009 1.31566
8.001669e-009 1.42028
8.201669e-009 1.58394
8.401669e-009 1.61363
8.601669e-009 1.43651
8.801669e-009 1.21726
9.001669e-009 1.11955
9.201669e-009 1.13854
9.401669e-009 1.16271
9.601669e-009 1.13923
9.801669e-009 1.12265
1.000167e-008 1.1482
1.020167e-008 1.16236
1.040167e-008 1.13543
1.060167e-008 1.12196
1.080167e-008 1.13854
1.100167e-008 1.1154
1.120167e-008 1.06845
1.140167e-008 1.09365
1.160167e-008 1.15166
1.180167e-008 1.14993
1.200167e-008 1.12921
1.220167e-008 1.15718
1.240167e-008 1.2069
1.260167e-008 1.21346
1.280167e-008 1.16547
1.300167e-008 1.12645
1.320167e-008 1.1306
1.340167e-008 1.13405
1.360167e-008 1.14303
1.380167e-008 1.18895
1.400167e-008 1.23418
1.420167e-008 1.25524
1.440167e-008 1.23659
1.460167e-008 1.18031
1.480167e-008 1.14648
1.500167e-008 1.12196
1.520167e-008 1.08053
1.540167e-008 1.12852
1.560167e-008 1.2359
1.580167e-008 1.2214
1.600167e-008 1.13508
1.620167e-008 1.11402
1.640167e-008 1.13785
1.660167e-008 1.17272
1.680167e-008 1.19723
1.700167e-008 1.17203
1.720167e-008 1.1009
1.740167e-008 1.03185
1.760167e-008 1.04393
1.780167e-008 1.14717
1.800167e-008 1.20897
1.820167e-008 1.17134
1.840167e-008 1.12818
1.860167e-008 1.08537
1.880167e-008 1.01976
1.900167e-008 1.02218
1.920167e-008 1.10021
1.940167e-008 1.16754
1.960167e-008 1.19551
1.980167e-008 1.14993
2.000167e-008 1.0719
2.020167e-008 1.09503
2.040167e-008 1.17375
2.060167e-008 1.14648
2.080167e-008 1.06534
2.100167e-008 1.0826
2.120167e-008 1.16063
2.140167e-008 1.20069
2.160167e-008 1.18653
2.180167e-008 1.10436
2.200167e-008 1.02771
2.220167e-008 1.07432
2.240167e-008 1.14855
2.260167e-008 1.12196
2.280167e-008 1.08709
2.300167e-008 1.14164
2.320167e-008 1.21622
2.340167e-008 1.23176
2.360167e-008 1.17893
2.380167e-008 1.09193
2.400167e-008 1.04911
2.420167e-008 1.05326
2.440167e-008 1.046
2.460167e-008 1.02943
2.480167e-008 1.04842
2.500167e-008 1.1154
2.520167e-008 1.15269
2.540167e-008 1.10919
2.560167e-008 1.0826
2.580167e-008 1.09054
2.600167e-008 1.01424
2.620167e-008 0.918945
2.640167e-008 0.946567
2.660167e-008 1.02115
2.680167e-008 0.990416
2.700167e-008 0.898574
2.720167e-008 0.924124
2.740167e-008 1.05291
2.760167e-008 1.10677
2.780167e-008 1.0574
2.800167e-008 1.03599
2.820167e-008 1.10263
2.840167e-008 1.17548
2.860167e-008 1.17583
2.880167e-008 1.11851
2.900167e-008 1.0795
2.920167e-008 1.11955
2.940167e-008 1.20034
2.960167e-008 1.21242
2.980167e-008 1.123
3.000167e-008 1.0246
3.020167e-008 1.03461
3.040167e-008 1.12576
3.060167e-008 1.11748
3.080167e-008 0.983856
3.100167e-008 0.932411
3.120167e-008 1.02874
3.140167e-008 1.10919
3.160167e-008 1.08916
3.180167e-008 1.00146
3.200167e-008 0.915838
3.220167e-008 0.928267
3.240167e-008 1.03737
3.260167e-008 1.14406
3.280167e-008 1.15269
3.300167e-008 1.03288
3.320167e-008 0.926196
3.340167e-008 0.97695
3.360167e-008 1.06223
3.380167e-008 1.05912
3.400167e-008 1.0612
3.420167e-008 1.09849
3.440167e-008 1.11057
3.460167e-008 1.11195
3.480167e-008 1.10919
3.500167e-008 1.09745
3.520167e-008 1.09434
3.540167e-008 1.0757
3.560167e-008 1.06983
3.580167e-008 1.17272
3.600167e-008 1.31877
3.620167e-008 1.33154
3.640167e-008 1.24246
3.660167e-008 1.16823
3.680167e-008 1.09883
3.700167e-008 1.07742
3.720167e-008 1.10401
3.740167e-008 1.10781
3.760167e-008 1.16409
3.780167e-008 1.23763
3.800167e-008 1.18791
3.820167e-008 1.13508
3.840167e-008 1.15891
3.860167e-008 1.11955
3.880167e-008 1.05187
3.900167e-008 1.06534
3.920167e-008 1.10436
3.940167e-008 1.13267
3.960167e-008 1.15028
3.980167e-008 1.15822
4.000167e-008 1.21001
4.020167e-008 1.26905
4.040167e-008 1.26007
4.060167e-008 1.24799
4.080167e-008 1.26007
4.100167e-008 1.23556
4.120167e-008 1.16788
4.140167e-008 1.05567
4.160167e-008 0.985927
4.180167e-008 1.07708
4.200167e-008 1.1741
4.220167e-008 1.13923
4.240167e-008 1.14959
4.260167e-008 1.22313
4.280167e-008 1.17859
4.300167e-008 1.04911
4.320167e-008 0.957615
4.340167e-008 0.950019
4.360167e-008 1.00941
4.380167e-008 1.05153
4.400167e-008 1.08778
4.420167e-008 1.18515
4.440167e-008 1.23936
4.460167e-008 1.14751
4.480167e-008 1.04462
4.500167e-008 1.10988
4.520167e-008 1.2542
4.540167e-008 1.24419
4.560167e-008 1.09227
4.580167e-008 0.982475
4.600167e-008 0.977641
4.620167e-008 1.00043
4.640167e-008 0.973843
4.660167e-008 0.955889
4.680167e-008 0.993178
4.700167e-008 1.04428
4.720167e-008 1.12404
4.740167e-008 1.19965
4.760167e-008 1.20932
4.780167e-008 1.18757
4.800167e-008 1.16823
4.820167e-008 1.20241
4.840167e-008 1.26422
4.860167e-008 1.1962
4.880167e-008 1.08571
4.900167e-008 1.11782
4.920167e-008 1.15615
4.940167e-008 1.05602
4.960167e-008 0.943114
4.980167e-008 0.963485
5.000167e-008 1.06327
5.020167e-008 1.0864
5.040167e-008 1.01528
5.060167e-008 0.996286
5.080167e-008 1.07086
5.100167e-008 1.13405
5.120167e-008 1.21553
5.140167e-008 1.33189
5.160167e-008 1.30081
5.180167e-008 1.0978
5.200167e-008 0.97695
5.220167e-008 1.06292
5.240167e-008 1.1848
5.260167e-008 1.21346
5.280167e-008 1.1924
5.300167e-008 1.16788
5.320167e-008 1.14613
5.340167e-008 1.10332
5.360167e-008 1.05187
5.380167e-008 1.06016
5.400167e-008 1.10194
5.420167e-008 1.1009
5.440167e-008 1.07466
5.460167e-008 1.07811
5.480167e-008 1.13267
5.500167e-008 1.21484
5.520167e-008 1.26698
5.540167e-008 1.23487
5.560167e-008 1.12024
5.580167e-008 1.03944
5.600167e-008 1.10677
5.620167e-008 1.2542
5.640167e-008 1.31048
5.660167e-008 1.23487
5.680167e-008 1.18204
5.700167e-008 1.28044
5.720167e-008 1.41855
5.740167e-008 1.38506
5.760167e-008 1.17341
5.780167e-008 1.01907
5.800167e-008 1.05256
5.820167e-008 1.13543
5.840167e-008 1.16892
5.860167e-008 1.16202
5.880167e-008 1.07397
5.900167e-008 0.970736
5.920167e-008 0.98869
5.940167e-008 1.04048
5.960167e-008 0.972462
5.980167e-008 0.886835
6.000167e-008 0.948984
6.020167e-008 1.07604
6.040167e-008 1.12714
6.060167e-008 1.12231
6.080167e-008 1.12783
6.100167e-008 1.14406
6.120167e-008 1.12576
6.140167e-008 1.11368
6.160167e-008 1.17134
6.180167e-008 1.20586
6.200167e-008 1.17479
6.220167e-008 1.17479
6.240167e-008 1.18757
6.260167e-008 1.15787
6.280167e-008 1.12127
6.300167e-008 1.06534
6.320167e-008 1.01493
6.340167e-008 1.07121
6.360167e-008 1.17272
6.380167e-008 1.17479
6.400167e-008 1.10746
6.420167e-008 1.03219
6.440167e-008 0.97626
6.460167e-008 1.02598
6.480167e-008 1.1482
6.500167e-008 1.1924
6.520167e-008 1.15373
6.540167e-008 1.12818
6.560167e-008 1.13474
6.580167e-008 1.14544
6.600167e-008 1.12369
6.620167e-008 1.12369
6.640167e-008 1.18653
6.660167e-008 1.17479
6.680167e-008 1.08226
6.700167e-008 1.08951
6.720167e-008 1.17962
6.740167e-008 1.19447
6.760167e-008 1.1558
6.780167e-008 1.15097
6.800167e-008 1.15304
6.820167e-008 1.16512
6.840167e-008 1.16858
6.860167e-008 1.13232
6.880167e-008 1.13025
6.900167e-008 1.12058
6.920167e-008 1.04083
6.940167e-008 0.994904
6.960167e-008 0.996631
6.980167e-008 0.990071
7.000167e-008 1.00699
7.020167e-008 1.04842
7.040167e-008 1.09987
7.060167e-008 1.15753
7.080167e-008 1.18204
7.100167e-008 1.1817
7.120167e-008 1.18549
7.140167e-008 1.15511
7.160167e-008 1.08847
7.180167e-008 1.07673
7.200167e-008 1.17237
7.220167e-008 1.3167
7.240167e-008 1.3968
7.260167e-008 1.34225
7.280167e-008 1.21139
7.300167e-008 1.13439
7.320167e-008 1.13163
7.340167e-008 1.13301
7.360167e-008 1.13198
7.380167e-008 1.15269
7.400167e-008 1.18204
7.420167e-008 1.1848
7.440167e-008 1.12093
7.460167e-008 1.05533
7.480167e-008 1.08882
7.500167e-008 1.16581
7.520167e-008 1.22175
7.540167e-008 1.25766
7.560167e-008 1.20863
7.580167e-008 1.11471
7.600167e-008 1.12335
7.620167e-008 1.19171
7.640167e-008 1.18722
7.660167e-008 1.15028
7.680167e-008 1.152
7.700167e-008 1.13336
7.720167e-008 1.09227
7.740167e-008 1.08502
7.760167e-008 1.07501
7.780167e-008 1.04013
7.800167e-008 1.0208
7.820167e-008 1.03737
7.840167e-008 1.05982
7.860167e-008 1.0284
7.880167e-008 0.987999
7.900167e-008 1.06258
7.920167e-008 1.22209
7.940167e-008 1.30323
7.960167e-008 1.21001
7.980167e-008 1.04428
8.000167e-008 1.00181
8.020167e-008 1.09883
8.040167e-008 1.19723
8.060167e-008 1.24902
8.080167e-008 1.25593
8.100167e-008 1.16616
8.120167e-008 1.04704
8.140167e-008 1.02805
8.160167e-008 1.08364
8.180167e-008 1.13888
8.200167e-008 1.15891
8.220167e-008 1.12576
8.240167e-008 1.08675
8.260167e-008 1.08606
8.280167e-008 1.04462
8.300167e-008 0.941733
8.320167e-008 0.965211
8.340167e-008 1.15097
8.360167e-008 1.27975
8.380167e-008 1.31186
8.400167e-008 1.32533
8.420167e-008 1.30081
8.440167e-008 1.28838
8.460167e-008 1.31532
8.480167e-008 1.33948
8.500167e-008 1.35916
8.520167e-008 1.33638
8.540167e-008 1.26732
8.560167e-008 1.24177
8.580167e-008 1.25731
8.600167e-008 1.21519
8.620167e-008 1.12887
8.640167e-008 1.06016
8.660167e-008 1.01217
8.680167e-008 1.02874
8.700167e-008 1.12611
8.720167e-008 1.23936
8.740167e-008 1.28735
8.760167e-008 1.2328
8.780167e-008 1.15649
8.800167e-008 1.12991
8.820167e-008 1.11402
8.840167e-008 1.1268
8.860167e-008 1.21242
8.880167e-008 1.22589
8.900167e-008 1.10159
8.920167e-008 1.05636
8.940167e-008 1.1848
8.960167e-008 1.33983
8.980167e-008 1.39956
9.000167e-008 1.335
9.020167e-008 1.18687
9.040167e-008 1.07397
9.060167e-008 1.08675
9.080167e-008 1.12783
9.100167e-008 1.07915
9.120167e-008 1.02598
9.140167e-008 1.04842
9.160167e-008 1.07397
9.180167e-008 1.07294
9.200167e-008 1.11851
9.220167e-008 1.20069
9.240167e-008 1.21277
9.260167e-008 1.1337
9.280167e-008 1.08295
9.300167e-008 1.12714
9.320167e-008 1.19136
9.340167e-008 1.22831
9.360167e-008 1.24108
9.380167e-008 1.22313
9.400167e-008 1.20241
9.420167e-008 1.19136
9.440167e-008 1.18342
9.460167e-008 1.18411
9.480167e-008 1.14337
9.500167e-008 1.07432
9.520167e-008 1.14164
9.540167e-008 1.35226
9.560167e-008 1.45308
9.580167e-008 1.34743
9.600167e-008 1.20483
9.620167e-008 1.15373
9.640167e-008 1.20621
9.660167e-008 1.26042
9.680167e-008 1.20379
9.700167e-008 1.12265
9.720167e-008 1.11678
9.740167e-008 1.13198
9.760167e-008 1.13647
9.780167e-008 1.13232
9.800167e-008 1.12991
9.820167e-008 1.19585
9.840167e-008 1.25248
9.860167e-008 1.19309
9.880167e-008 1.16512
9.900167e-008 1.24419
9.920167e-008 1.26905
9.940167e-008 1.20414
9.960167e-008 1.17514
9.980167e-008 1.21139
1.000017e-007 1.2763
1.002017e-007 1.32809
1.004017e-007 1.34535
1.006017e-007 1.36711
1.008017e-007 1.34812
1.010017e-007 1.23625
1.012017e-007 1.15062
1.014017e-007 1.19378
1.016017e-007 1.29115
1.018017e-007 1.30599
1.020017e-007 1.22278
1.022017e-007 1.13681
1.024017e-007 1.10539
1.026017e-007 1.09054
1.028017e-007 1.02874
1.030017e-007 0.989725
1.032017e-007 1.07501
1.034017e-007 1.17099
1.036017e-007 1.16098
1.038017e-007 1.12542
1.040017e-007 1.1634
1.042017e-007 1.2656
1.044017e-007 1.34017
1.046017e-007 1.33016
1.048017e-007 1.32429
1.050017e-007 1.33948
1.052017e-007 1.23728
1.054017e-007 1.09814
1.056017e-007 1.10953
1.058017e-007 1.21553
1.060017e-007 1.2435
1.062017e-007 1.13854
1.064017e-007 1.03012
1.066017e-007 1.0208
1.068017e-007 1.05395
1.070017e-007 1.10884
1.072017e-007 1.22451
1.074017e-007 1.33292
1.076017e-007 1.30806
1.078017e-007 1.17652
1.080017e-007 1.07811
1.082017e-007 1.05843
1.084017e-007 1.08329
1.086017e-007 1.15062
1.088017e-007 1.24039
1.090017e-007 1.26939
1.092017e-007 1.22727
1.094017e-007 1.18308
1.096017e-007 1.17306
1.098017e-007 1.18446
1.100017e-007 1.16892
1.102017e-007 1.15891
1.104017e-007 1.19413
1.106017e-007 1.16616
1.108017e-007 1.08847
1.110017e-007 1.10574
1.112017e-007 1.16098
1.114017e-007 1.16029
1.116017e-007 1.17341
1.118017e-007 1.25593
1.120017e-007 1.33465
1.122017e-007 1.31014
1.124017e-007 1.23211
1.126017e-007 1.21657
1.128017e-007 1.22796
1.130017e-007 1.21312
1.132017e-007 1.2252
1.134017e-007 1.24592
1.136017e-007 1.23763
1.138017e-007 1.21622
1.140017e-007 1.14751
1.142017e-007 1.06568
1.144017e-007 1.07259
1.146017e-007 1.11368
1.148017e-007 1.12265
1.150017e-007 1.14372
1.152017e-007 1.20345
1.154017e-007 1.31497
1.156017e-007 1.41959
1.158017e-007 1.40612
1.160017e-007 1.32326
1.162017e-007 1.27008
1.164017e-007 1.19447
1.166017e-007 1.1413
1.168017e-007 1.23625
1.170017e-007 1.35122
1.172017e-007 1.35468
1.174017e-007 1.31704
1.176017e-007 1.28459
1.178017e-007 1.28735
1.180017e-007 1.36434
1.182017e-007 1.39991
1.184017e-007 1.30772
1.186017e-007 1.22175
1.188017e-007 1.18308
1.190017e-007 1.10021
1.192017e-007 1.02805
1.194017e-007 1.06499
1.196017e-007 1.16685
1.198017e-007 1.20794
1.200017e-007 1.16443
1.202017e-007 1.1596
1.204017e-007 1.22969
1.206017e-007 1.2542
1.208017e-007 1.18239
1.210017e-007 1.08537
1.212017e-007 1.01355
1.214017e-007 0.999738
1.216017e-007 1.04013
1.218017e-007 1.06776
1.220017e-007 1.08364
1.222017e-007 1.08053
1.224017e-007 1.03081
1.226017e-007 1.02632
1.228017e-007 1.07535
1.230017e-007 1.07086
1.232017e-007 1.07294
1.234017e-007 1.17514
1.236017e-007 1.24212
1.238017e-007 1.15166
1.240017e-007 1.02287
1.242017e-007 1.01355
1.244017e-007 1.11989
1.246017e-007 1.23211
1.248017e-007 1.26456
1.250017e-007 1.24937
1.252017e-007 1.27941
1.254017e-007 1.30737
1.256017e-007 1.24005
1.258017e-007 1.15304
1.260017e-007 1.11575
1.262017e-007 1.08882
1.264017e-007 1.0902
1.266017e-007 1.15407
1.268017e-007 1.1962
1.270017e-007 1.13336
1.272017e-007 1.06534
1.274017e-007 1.14268
1.276017e-007 1.29011
1.278017e-007 1.31083
1.280017e-007 1.19033
1.282017e-007 1.11299
1.284017e-007 1.15269
1.286017e-007 1.20172
1.288017e-007 1.23452
1.290017e-007 1.2618
1.292017e-007 1.23936
1.294017e-007 1.20069
1.296017e-007 1.18549
1.298017e-007 1.18273
1.300017e-007 1.19689
1.302017e-007 1.19136
1.304017e-007 1.15166
1.306017e-007 1.14026
1.308017e-007 1.18342
1.310017e-007 1.28838
1.312017e-007 1.38506
1.314017e-007 1.34881
1.316017e-007 1.24971
1.318017e-007 1.21001
1.320017e-007 1.22037
1.322017e-007 1.26801
1.324017e-007 1.37746
1.326017e-007 1.48553
1.328017e-007 1.47379
1.330017e-007 1.38989
1.332017e-007 1.34708
1.334017e-007 1.36227
1.336017e-007 1.42442
1.338017e-007 1.47138
1.340017e-007 1.43305
1.342017e-007 1.34984
1.344017e-007 1.29322
1.346017e-007 1.24799
1.348017e-007 1.2397
1.350017e-007 1.29494
1.352017e-007 1.31566
1.354017e-007 1.31324
1.356017e-007 1.37194
1.358017e-007 1.41579
1.360017e-007 1.42028
1.362017e-007 1.45135
1.364017e-007 1.49451
1.366017e-007 1.50936
1.368017e-007 1.51039
1.370017e-007 1.53974
1.372017e-007 1.53871
1.374017e-007 1.47345
1.376017e-007 1.46309
1.378017e-007 1.54872
1.380017e-007 1.60189
1.382017e-007 1.54492
1.384017e-007 1.45411
1.386017e-007 1.41234
1.388017e-007 1.4403
1.390017e-007 1.5059
1.392017e-007 1.51695
1.394017e-007 1.43236
1.396017e-007 1.34673
1.398017e-007 1.34812
1.400017e-007 1.40992
1.402017e-007 1.48243
1.404017e-007 1.48519
1.406017e-007 1.38506
1.408017e-007 1.31946
1.410017e-007 1.37677
1.412017e-007 1.50452
1.414017e-007 1.59119
1.416017e-007 1.52179
1.418017e-007 1.36124
1.420017e-007 1.33396
1.422017e-007 1.47897
1.424017e-007 1.56667
1.426017e-007 1.46689
1.428017e-007 1.36124
1.430017e-007 1.4624
1.432017e-007 1.67405
1.434017e-007 1.72895
1.436017e-007 1.5867
1.438017e-007 1.46965
1.440017e-007 1.52662
1.442017e-007 1.67163
1.444017e-007 1.74103
1.446017e-007 1.64816
1.448017e-007 1.51937
1.450017e-007 1.53249
1.452017e-007 1.61397
1.454017e-007 1.65506
1.456017e-007 1.66162
1.458017e-007 1.61881
1.460017e-007 1.60293
1.462017e-007 1.66784
1.464017e-007 1.66197
1.466017e-007 1.59222
1.468017e-007 1.6485
1.470017e-007 1.76969
1.472017e-007 1.78868
1.474017e-007 1.74207
1.476017e-007 1.71203
1.478017e-007 1.70823
1.480017e-007 1.73827
1.482017e-007 1.77073
1.484017e-007 1.74932
1.486017e-007 1.67647
1.488017e-007 1.59464
1.490017e-007 1.59222
1.492017e-007 1.68441
1.494017e-007 1.7034
1.496017e-007 1.60016
1.498017e-007 1.51661
1.500017e-007 1.52628
1.502017e-007 1.62226
1.504017e-007 1.71445
1.506017e-007 1.68993
1.508017e-007 1.62917
1.510017e-007 1.6416
1.512017e-007 1.67854
1.514017e-007 1.70651
1.516017e-007 1.70305
1.518017e-007 1.64919
1.520017e-007 1.66542
1.522017e-007 1.81043
1.524017e-007 1.92955
1.526017e-007 1.88536
1.528017e-007 1.71134
1.530017e-007 1.54043
1.532017e-007 1.52144
1.534017e-007 1.66991
1.536017e-007 1.77729
1.538017e-007 1.71583
1.540017e-007 1.64954
1.542017e-007 1.67405
1.544017e-007 1.70478
1.546017e-007 1.71514
1.548017e-007 1.68648
1.550017e-007 1.64125
1.552017e-007 1.65817
1.554017e-007 1.71238
1.556017e-007 1.77798
1.558017e-007 1.85773
1.560017e-007 1.87396
1.562017e-007 1.81976
1.564017e-007 1.80871
1.566017e-007 1.83598
1.568017e-007 1.80422
1.570017e-007 1.75001
1.572017e-007 1.75484
1.574017e-007 1.80802
1.576017e-007 1.86637
1.578017e-007 1.8674
1.580017e-007 1.80456
1.582017e-007 1.78419
1.584017e-007 1.87672
1.586017e-007 2.00102
1.588017e-007 2.01
1.590017e-007 1.87224
1.592017e-007 1.76002
1.594017e-007 1.85912
1.596017e-007 2.0169
1.598017e-007 1.94474
1.600017e-007 1.76693
1.602017e-007 1.72619
1.604017e-007 1.77452
1.606017e-007 1.82217
1.608017e-007 1.80905
1.610017e-007 1.76658
1.612017e-007 1.81285
1.614017e-007 1.88743
1.616017e-007 1.91678
1.618017e-007 1.92299
1.620017e-007 1.90607
1.622017e-007 1.92057
1.624017e-007 1.98652
1.626017e-007 1.99274
1.628017e-007 1.93853
1.630017e-007 1.98514
1.632017e-007 2.0756
1.634017e-007 2.03382
1.636017e-007 1.94405
1.638017e-007 1.90953
1.640017e-007 1.91781
1.642017e-007 2.00689
1.644017e-007 2.08803
1.646017e-007 2.01829
1.648017e-007 1.93508
1.650017e-007 1.98859
1.652017e-007 2.0573
1.654017e-007 2.03693
1.656017e-007 1.9955
1.658017e-007 2.01276
1.660017e-007 2.10944
1.662017e-007 2.18988
1.664017e-007 2.10667
1.666017e-007 1.93162
1.668017e-007 1.8933
1.670017e-007 2.01725
1.672017e-007 2.1122
1.674017e-007 2.09839
1.676017e-007 2.08492
1.678017e-007 2.11013
1.680017e-007 2.1015
1.682017e-007 2.07802
1.684017e-007 2.10667
1.686017e-007 2.14673
1.688017e-007 2.1709
1.690017e-007 2.18747
1.692017e-007 2.13119
1.694017e-007 2.00827
1.696017e-007 1.94336
1.698017e-007 1.97478
1.700017e-007 2.00551
1.702017e-007 1.9589
1.704017e-007 1.89986
1.706017e-007 1.97375
1.708017e-007 2.13913
1.710017e-007 2.14569
1.712017e-007 1.96995
1.714017e-007 1.87949
1.716017e-007 1.95614
1.718017e-007 2.0428
1.720017e-007 2.04176
1.722017e-007 2.00137
1.724017e-007 2.05627
1.726017e-007 2.17676
1.728017e-007 2.18643
1.730017e-007 2.11496
1.732017e-007 2.12325
1.734017e-007 2.1961
1.736017e-007 2.18332
1.738017e-007 2.07629
1.740017e-007 2.0352
1.742017e-007 2.11427
1.744017e-007 2.17504
1.746017e-007 2.12221
1.748017e-007 2.04073
1.750017e-007 2.05557
1.752017e-007 2.19783
1.754017e-007 2.36977
1.756017e-007 2.39946
1.758017e-007 2.24271
1.760017e-007 2.09597
1.762017e-007 2.12497
1.764017e-007 2.22752
1.766017e-007 2.25825
1.768017e-007 2.25445
1.770017e-007 2.28863
1.772017e-007 2.31384
1.774017e-007 2.28794
1.776017e-007 2.21647
1.778017e-007 2.12566
1.780017e-007 2.11945
1.782017e-007 2.20266
1.784017e-007 2.23097
1.786017e-007 2.14465
1.788017e-007 2.09632
1.790017e-007 2.24271
1.792017e-007 2.45022
1.794017e-007 2.4775
1.796017e-007 2.37253
1.798017e-007 2.35492
1.800017e-007 2.44228
1.802017e-007 2.54102
1.804017e-007 2.5973
1.806017e-007 2.52894
1.808017e-007 2.37909
1.810017e-007 2.32109
1.812017e-007 2.33179
1.814017e-007 2.29726
1.816017e-007 2.27966
1.818017e-007 2.29726
1.820017e-007 2.31971
1.822017e-007 2.386
1.824017e-007 2.44469
1.826017e-007 2.41983
1.828017e-007 2.34836
1.830017e-007 2.29105
1.832017e-007 2.27448
1.834017e-007 2.3204
1.836017e-007 2.38393
1.838017e-007 2.37771
1.840017e-007 2.35389
1.842017e-007 2.41535
1.844017e-007 2.49959
1.846017e-007 2.50546
1.848017e-007 2.46783
1.850017e-007 2.47715
1.852017e-007 2.46161
1.854017e-007 2.32074
1.856017e-007 2.22372
1.858017e-007 2.30624
1.860017e-007 2.43123
1.862017e-007 2.44124
1.864017e-007 2.35803
1.866017e-007 2.32972
1.868017e-007 2.36148
1.870017e-007 2.34733
1.872017e-007 2.33006
1.874017e-007 2.40637
1.876017e-007 2.52618
1.878017e-007 2.55
1.880017e-007 2.4951
1.882017e-007 2.50408
1.884017e-007 2.57141
1.886017e-007 2.58971
1.888017e-007 2.5065
1.890017e-007 2.3532
1.892017e-007 2.26584
1.894017e-007 2.33248
1.896017e-007 2.45885
1.898017e-007 2.54068
1.900017e-007 2.5576
1.902017e-007 2.50512
1.904017e-007 2.46161
1.906017e-007 2.48785
1.908017e-007 2.52238
1.910017e-007 2.56657
1.912017e-007 2.63563
1.914017e-007 2.69916
1.916017e-007 2.78444
1.918017e-007 2.78202
1.920017e-007 2.58867
1.922017e-007 2.43813
1.924017e-007 2.51099
1.926017e-007 2.60697
1.928017e-007 2.5431
1.930017e-007 2.4775
1.932017e-007 2.5904
1.934017e-007 2.74922
1.936017e-007 2.72816
1.938017e-007 2.5248
1.940017e-007 2.34733
1.942017e-007 2.38151
1.944017e-007 2.59316
1.946017e-007 2.75716
1.948017e-007 2.70503
1.950017e-007 2.57935
1.952017e-007 2.63666
1.954017e-007 2.80965
1.956017e-007 2.81172
1.958017e-007 2.62044
1.960017e-007 2.50443
1.962017e-007 2.62147
1.964017e-007 2.84003
1.966017e-007 2.88008
1.968017e-007 2.67603
1.970017e-007 2.52169
1.972017e-007 2.58764
1.974017e-007 2.69294
1.976017e-007 2.733
1.978017e-007 2.77615
1.980017e-007 2.77961
1.982017e-007 2.71193
1.984017e-007 2.6667
1.986017e-007 2.63252
1.988017e-007 2.60214
1.990017e-007 2.65738
1.992017e-007 2.71884
1.994017e-007 2.73023
1.996017e-007 2.74577
1.998017e-007 2.74922
2.000017e-007 2.81034
2.002017e-007 2.97261
2.004017e-007 3.0175
2.006017e-007 2.88837
2.008017e-007 2.86558
2.010017e-007 2.94982
2.012017e-007 2.87387
2.014017e-007 2.7292
2.016017e-007 2.74197
2.018017e-007 2.81862
2.020017e-007 2.78133
2.022017e-007 2.72989
2.024017e-007 2.82656
2.026017e-007 2.91012
2.028017e-007 2.78202
2.030017e-007 2.60145
2.032017e-007 2.64288
2.034017e-007 2.85004
2.036017e-007 2.9443
2.038017e-007 2.88077
2.040017e-007 2.79825
2.042017e-007 2.73058
2.044017e-007 2.70261
2.046017e-007 2.7803
2.048017e-007 2.91323
2.050017e-007 3.0282
2.052017e-007 3.06549
2.054017e-007 2.96433
2.056017e-007 2.86523
2.058017e-007 2.92324
2.060017e-007 3.04201
2.062017e-007 3.06929
2.064017e-007 2.96122
2.066017e-007 2.77581
2.068017e-007 2.65393
2.070017e-007 2.68673
2.072017e-007 2.79135
2.074017e-007 2.84417
2.076017e-007 2.85798
2.078017e-007 2.89044
2.080017e-007 2.92013
2.082017e-007 2.9191
2.084017e-007 2.94154
2.086017e-007 2.98366
2.088017e-007 2.93532
2.090017e-007 2.83865
2.092017e-007 2.83485
2.094017e-007 2.8894
2.096017e-007 2.92807
2.098017e-007 2.95431
2.100017e-007 2.95086
2.102017e-007 2.94154
2.104017e-007 2.97296
2.106017e-007 3.00887
2.108017e-007 2.9878
2.110017e-007 2.94672
2.112017e-007 2.96295
2.114017e-007 3.00472
2.116017e-007 3.01197
2.118017e-007 3.01059
2.120017e-007 3.01991
2.122017e-007 3.05651
2.124017e-007 3.12004
2.126017e-007 3.10727
2.128017e-007 3.02647
2.130017e-007 3.03787
2.132017e-007 3.09277
2.134017e-007 3.02855
2.136017e-007 2.96502
2.138017e-007 3.04443
2.140017e-007 3.12591
2.142017e-007 3.0793
2.144017e-007 2.97054
2.146017e-007 2.93084
2.148017e-007 2.9443
2.150017e-007 2.90529
2.152017e-007 2.89665
2.154017e-007 2.96295
2.156017e-007 2.97676
2.158017e-007 2.95708
2.160017e-007 3.02371
2.162017e-007 3.14145
2.164017e-007 3.14663
2.166017e-007 3.02026
2.168017e-007 2.95673
2.170017e-007 3.0137
2.172017e-007 3.04167
2.174017e-007 3.0175
2.176017e-007 3.05513
2.178017e-007 3.07792
2.180017e-007 2.95155
2.182017e-007 2.88975
2.184017e-007 3.06791
2.186017e-007 3.19151
2.188017e-007 3.06929
2.190017e-007 2.96571
2.192017e-007 3.03304
2.194017e-007 3.06825
2.196017e-007 2.96536
2.198017e-007 2.83174
2.200017e-007 2.74819
2.202017e-007 2.78617
2.204017e-007 2.97848
2.206017e-007 3.19186
2.208017e-007 3.26195
2.210017e-007 3.20394
2.212017e-007 3.18668
2.214017e-007 3.19359
2.216017e-007 3.05824
2.218017e-007 2.93222
2.220017e-007 3.01474
2.222017e-007 3.15008
2.224017e-007 3.17391
2.226017e-007 3.11348
2.228017e-007 3.06653
2.230017e-007 3.08379
2.232017e-007 3.1487
2.234017e-007 3.25056
2.236017e-007 3.3279
2.238017e-007 3.27611
2.240017e-007 3.12419
2.242017e-007 3.08206
2.244017e-007 3.20843
2.246017e-007 3.27369
2.248017e-007 3.21603
2.250017e-007 3.19807
2.252017e-007 3.24779
2.254017e-007 3.26955
2.256017e-007 3.20394
2.258017e-007 3.10934
2.260017e-007 3.0686
2.262017e-007 3.06515
2.264017e-007 3.07585
2.266017e-007 3.09035
2.268017e-007 3.12419
2.270017e-007 3.23985
2.272017e-007 3.38797
2.274017e-007 3.46359
2.276017e-007 3.43942
2.278017e-007 3.32099
2.280017e-007 3.24779
2.282017e-007 3.36277
2.284017e-007 3.48016
2.286017e-007 3.41076
2.288017e-007 3.31512
2.290017e-007 3.33273
2.292017e-007 3.37175
2.294017e-007 3.35379
2.296017e-007 3.33411
2.298017e-007 3.3676
2.300017e-007 3.40765
2.302017e-007 3.39764
2.304017e-007 3.34792
2.306017e-007 3.27024
2.308017e-007 3.22846
2.310017e-007 3.29544
2.312017e-007 3.3859
2.314017e-007 3.42388
2.316017e-007 3.46082
2.318017e-007 3.49535
2.320017e-007 3.47325
2.322017e-007 3.46497
2.324017e-007 3.52608
2.326017e-007 3.51676
2.328017e-007 3.40351
2.330017e-007 3.29371
2.332017e-007 3.19842
2.334017e-007 3.20187
2.336017e-007 3.38694
2.338017e-007 3.55577
2.340017e-007 3.53575
2.342017e-007 3.4187
2.344017e-007 3.31478
2.346017e-007 3.27714
2.348017e-007 3.2982
2.350017e-007 3.32686
2.352017e-007 3.38245
2.354017e-007 3.43527
2.356017e-007 3.39074
2.358017e-007 3.29233
2.360017e-007 3.27645
2.362017e-007 3.35966
2.364017e-007 3.40213
2.366017e-007 3.33135
2.368017e-007 3.28336
2.370017e-007 3.34827
2.372017e-007 3.42975
2.374017e-007 3.46531
2.376017e-007 3.48258
2.378017e-007 3.44563
2.380017e-007 3.35137
2.382017e-007 3.29993
2.384017e-007 3.28301
2.386017e-007 3.21637
2.388017e-007 3.19773
2.390017e-007 3.33515
2.392017e-007 3.49639
2.394017e-007 3.53402
2.396017e-007 3.48189
2.398017e-007 3.47705
2.400017e-007 3.56095
2.402017e-007 3.64451
2.404017e-007 3.68629
2.406017e-007 3.65107
2.408017e-007 3.5392
2.410017e-007 3.46013
2.412017e-007 3.42906
2.414017e-007 3.42146
2.416017e-007 3.48223
2.418017e-007 3.53782
2.420017e-007 3.50191
2.422017e-007 3.43838
2.424017e-007 3.42043
2.426017e-007 3.43631
2.428017e-007 3.43527
2.430017e-007 3.45047
2.432017e-007 3.53299
2.434017e-007 3.59928
2.436017e-007 3.58201
2.438017e-007 3.54334
2.440017e-007 3.53851
2.442017e-007 3.5613
2.444017e-007 3.58063
2.446017e-007 3.57891
2.448017e-007 3.572
2.450017e-007 3.58167
2.452017e-007 3.66384
2.454017e-007 3.77571
2.456017e-007 3.76294
2.458017e-007 3.64382
2.460017e-007 3.57856
2.462017e-007 3.60964
2.464017e-007 3.64071
2.466017e-007 3.6269
2.468017e-007 3.61171
2.470017e-007 3.61274
2.472017e-007 3.65072
2.474017e-007 3.68491
2.476017e-007 3.63933
2.478017e-007 3.6231
2.480017e-007 3.70079
2.482017e-007 3.72116
2.484017e-007 3.66661
2.486017e-007 3.64278
2.488017e-007 3.64416
2.490017e-007 3.62966
2.492017e-007 3.6017
2.494017e-007 3.60826
2.496017e-007 3.67455
2.498017e-007 3.72703
2.500017e-007 3.69941
2.502017e-007 3.62932
2.504017e-007 3.56233
2.506017e-007 3.50916
2.508017e-007 3.50226
2.510017e-007 3.54956
2.512017e-007 3.61067
2.514017e-007 3.64693
2.516017e-007 3.66039
2.518017e-007 3.66488
2.520017e-007 3.66246
