-2.28095e-008 3.14636
-2.26095e-008 3.14636
-2.24095e-008 3.14636
-2.22095e-008 3.14636
-2.20095e-008 3.14636
-2.18095e-008 3.14636
-2.16095e-008 3.14636
-2.14095e-008 3.14636
-2.12095e-008 3.14636
-2.10095e-008 3.14636
-2.08095e-008 3.14636
-2.06095e-008 3.14636
-2.04095e-008 3.14636
-2.02095e-008 3.14636
-2.00095e-008 3.14636
-1.98095e-008 3.14636
-1.96095e-008 3.14636
-1.94095e-008 3.14636
-1.92095e-008 3.14636
-1.90095e-008 3.14636
-1.88095e-008 3.14636
-1.86095e-008 3.14636
-1.84095e-008 3.14636
-1.82095e-008 3.14636
-1.80095e-008 3.14636
-1.78095e-008 3.14636
-1.76095e-008 3.14636
-1.74095e-008 3.14636
-1.72095e-008 3.14636
-1.70095e-008 3.14636
-1.68095e-008 3.14636
-1.66095e-008 3.14636
-1.64095e-008 3.14636
-1.62095e-008 3.14636
-1.60095e-008 3.14636
-1.58095e-008 3.14636
-1.56095e-008 3.14636
-1.54095e-008 3.14636
-1.52095e-008 3.14636
-1.50095e-008 3.14636
-1.48095e-008 3.14636
-1.46095e-008 3.14636
-1.44095e-008 3.14636
-1.42095e-008 3.14636
-1.40095e-008 3.14636
-1.38095e-008 3.14636
-1.36095e-008 3.14636
-1.34095e-008 3.14636
-1.32095e-008 3.14636
-1.30095e-008 3.14636
-1.28095e-008 3.14636
-1.26095e-008 3.14636
-1.24095e-008 3.14636
-1.22095e-008 3.14636
-1.20095e-008 3.14636
-1.18095e-008 3.14636
-1.16095e-008 3.14636
-1.14095e-008 3.14636
-1.12095e-008 3.14636
-1.10095e-008 3.14636
-1.08095e-008 3.14636
-1.06095e-008 3.14636
-1.04095e-008 3.14636
-1.02095e-008 3.14636
-1.00095e-008 3.14636
-9.80954e-009 3.14636
-9.60954e-009 3.14636
-9.40954e-009 3.14636
-9.20954e-009 3.14636
-9.00954e-009 3.14636
-8.80954e-009 3.14636
-8.60954e-009 3.14636
-8.40954e-009 3.14636
-8.20954e-009 3.14636
-8.00954e-009 3.14636
-7.80954e-009 3.14636
-7.60954e-009 3.14636
-7.40954e-009 3.14636
-7.20954e-009 3.14636
-7.00954e-009 3.14636
-6.80954e-009 3.14636
-6.60954e-009 3.14636
-6.40954e-009 3.14636
-6.20954e-009 3.14636
-6.00954e-009 3.14636
-5.80954e-009 3.14636
-5.60954e-009 3.14636
-5.40954e-009 3.14636
-5.20954e-009 3.14636
-5.00954e-009 3.14636
-4.80954e-009 3.14636
-4.60954e-009 3.14636
-4.40954e-009 3.14636
-4.20954e-009 3.14636
-4.00954e-009 3.14636
-3.80954e-009 3.14636
-3.60954e-009 3.14636
-3.40954e-009 3.14636
-3.20954e-009 3.14636
-3.00954e-009 3.14636
-2.80954e-009 3.14636
-2.60954e-009 3.14636
-2.40954e-009 3.14636
-2.20954e-009 3.14636
-2.00954e-009 3.14636
-1.80954e-009 3.14636
-1.60954e-009 3.14636
-1.40954e-009 3.14636
-1.20954e-009 3.14636
-1.00954e-009 3.14636
-8.0954e-010 3.14636
-6.0954e-010 3.10277
-4.0954e-010 2.89137
-2.0954e-010 2.47714
-9.5405e-012 2.05522
1.9046e-010 1.80291
3.9046e-010 1.69001
5.9046e-010 1.63675
7.9046e-010 1.61318
9.9046e-010 1.61543
1.19046e-009 1.63399
1.39046e-009 1.6415
1.59046e-009 1.632
1.79046e-009 1.6156
1.99046e-009 1.59739
2.19046e-009 1.58582
2.39046e-009 1.58246
2.59046e-009 1.57952
2.79046e-009 1.59299
2.99046e-009 1.63942
3.19046e-009 1.68051
3.39046e-009 1.67818
3.59046e-009 1.65574
3.79046e-009 1.65557
3.99046e-009 1.69363
4.19046e-009 1.7525
4.39046e-009 1.7916
4.59046e-009 1.78496
4.79046e-009 1.75932
4.99046e-009 1.7569
5.19046e-009 1.7815
5.39046e-009 1.81465
5.59046e-009 1.83614
5.79046e-009 1.8377
5.99046e-009 1.82604
6.19046e-009 1.81396
6.39046e-009 1.81405
6.59046e-009 1.82086
6.79046e-009 1.82553
6.99046e-009 1.82734
7.19046e-009 1.82656
7.39046e-009 1.8257
7.59046e-009 1.82311
7.79046e-009 1.82242
7.99046e-009 1.82587
8.19046e-009 1.81905
8.39046e-009 1.79903
8.59046e-009 1.78651
8.79046e-009 1.79203
8.99046e-009 1.79782
9.19046e-009 1.78927
9.39046e-009 1.77348
9.59046e-009 1.76312
9.79046e-009 1.75958
9.99046e-009 1.75069
1.01905e-008 1.73498
1.03905e-008 1.72721
1.05905e-008 1.72997
1.07905e-008 1.73058
1.09905e-008 1.73222
1.11905e-008 1.75172
1.13905e-008 1.77158
1.15905e-008 1.76588
1.17905e-008 1.75457
1.19905e-008 1.76156
1.21905e-008 1.76795
1.23905e-008 1.75086
1.25905e-008 1.72376
1.27905e-008 1.69355
1.29905e-008 1.66791
1.31905e-008 1.68284
1.33905e-008 1.72367
1.35905e-008 1.73964
1.37905e-008 1.73627
1.39905e-008 1.73601
1.41905e-008 1.73222
1.43905e-008 1.71728
1.45905e-008 1.68888
1.47905e-008 1.65721
1.49905e-008 1.65608
1.51905e-008 1.68819
1.53905e-008 1.70951
1.55905e-008 1.71064
1.57905e-008 1.72065
1.59905e-008 1.74344
1.61905e-008 1.75043
1.63905e-008 1.72307
1.65905e-008 1.68448
1.67905e-008 1.66774
1.69905e-008 1.66972
1.71905e-008 1.66705
1.73905e-008 1.65401
1.75905e-008 1.6314
1.77905e-008 1.61198
1.79905e-008 1.62665
1.81905e-008 1.65453
1.83905e-008 1.65539
1.85905e-008 1.65695
1.87905e-008 1.67162
1.89905e-008 1.66532
1.91905e-008 1.65237
1.93905e-008 1.65885
1.95905e-008 1.6629
1.97905e-008 1.6642
1.99905e-008 1.67162
2.01905e-008 1.66558
2.03905e-008 1.65816
2.05905e-008 1.65255
2.07905e-008 1.63131
2.09905e-008 1.63942
2.11905e-008 1.6743
2.13905e-008 1.65824
2.15905e-008 1.61836
2.17905e-008 1.60887
2.19905e-008 1.60326
2.21905e-008 1.61163
2.23905e-008 1.64633
2.25905e-008 1.66049
2.27905e-008 1.6503
2.29905e-008 1.6345
2.31905e-008 1.60602
2.33905e-008 1.59333
2.35905e-008 1.62613
2.37905e-008 1.66299
2.39905e-008 1.6579
2.41905e-008 1.6301
2.43905e-008 1.61543
2.45905e-008 1.62846
2.47905e-008 1.65384
2.49905e-008 1.65185
2.51905e-008 1.63425
2.53905e-008 1.63511
2.55905e-008 1.63356
2.57905e-008 1.6131
2.59905e-008 1.59299
2.61905e-008 1.59066
2.63905e-008 1.61025
2.65905e-008 1.63623
2.67905e-008 1.64624
2.69905e-008 1.62993
2.71905e-008 1.59696
2.73905e-008 1.5809
