-2.480296e-007 9.97987
-2.478296e-007 10.052
-2.476296e-007 10.0365
-2.474296e-007 9.97435
-2.472296e-007 9.91738
-2.470296e-007 9.89804
-2.468296e-007 9.89908
-2.466296e-007 9.8939
-2.464296e-007 9.93464
-2.462296e-007 10.0272
-2.460296e-007 10.0658
-2.458296e-007 10.0686
-2.456296e-007 10.1128
-2.454296e-007 10.0848
-2.452296e-007 9.98264
-2.450296e-007 9.99196
-2.448296e-007 10.0531
-2.446296e-007 10.0134
-2.444296e-007 9.94466
-2.442296e-007 9.9046
-2.440296e-007 9.87111
-2.438296e-007 9.91531
-2.436296e-007 9.9854
-2.434296e-007 9.916
-2.432296e-007 9.79136
-2.430296e-007 9.79792
-2.428296e-007 9.9412
-2.426296e-007 10.0938
-2.424296e-007 10.1377
-2.422296e-007 10.1456
-2.420296e-007 10.2136
-2.418296e-007 10.2247
-2.416296e-007 10.1059
-2.414296e-007 9.97573
-2.412296e-007 9.9526
-2.410296e-007 10.032
-2.408296e-007 10.1073
-2.406296e-007 10.0928
-2.404296e-007 10.0189
-2.402296e-007 9.99058
-2.400296e-007 10.0396
-2.398296e-007 10.1301
-2.396296e-007 10.1863
-2.394296e-007 10.098
-2.392296e-007 9.95156
-2.390296e-007 9.94604
-2.388296e-007 10.0382
-2.386296e-007 10.0783
-2.384296e-007 10.0475
-2.382296e-007 10.0141
-2.380296e-007 10.0479
-2.378296e-007 10.1145
-2.376296e-007 10.1131
-2.374296e-007 10.0569
-2.372296e-007 10.0289
-2.370296e-007 10.0617
-2.368296e-007 10.1142
-2.366296e-007 10.0866
-2.364296e-007 9.97193
-2.362296e-007 9.93292
-2.360296e-007 10.0475
-2.358296e-007 10.1308
-2.356296e-007 10.04
-2.354296e-007 9.89459
-2.352296e-007 9.84763
-2.350296e-007 9.91393
-2.348296e-007 10.004
-2.346296e-007 9.96572
-2.344296e-007 9.81276
-2.342296e-007 9.79861
-2.340296e-007 9.91358
-2.338296e-007 9.91013
-2.336296e-007 9.83382
-2.334296e-007 9.84487
-2.332296e-007 9.94224
-2.330296e-007 10.0455
-2.328296e-007 10.0351
-2.326296e-007 9.93154
-2.324296e-007 9.95743
-2.322296e-007 10.1128
-2.320296e-007 10.1321
-2.318296e-007 9.98471
-2.316296e-007 9.86628
-2.314296e-007 9.85799
-2.312296e-007 9.92601
-2.310296e-007 10.0037
-2.308296e-007 10.0268
-2.306296e-007 10.0089
-2.304296e-007 9.97504
-2.302296e-007 9.9267
-2.300296e-007 9.92187
-2.298296e-007 9.98056
-2.296296e-007 10.0009
-2.294296e-007 9.93188
-2.292296e-007 9.86973
-2.290296e-007 9.91772
-2.288296e-007 10.0531
-2.286296e-007 10.1456
-2.284296e-007 10.108
-2.282296e-007 9.9892
-2.280296e-007 9.91047
-2.278296e-007 9.96882
-2.276296e-007 10.1232
-2.274296e-007 10.196
-2.272296e-007 10.1342
-2.270296e-007 10.0365
-2.268296e-007 9.96226
-2.266296e-007 9.9595
-2.264296e-007 10.0151
-2.262296e-007 10.0441
-2.260296e-007 10.0444
-2.258296e-007 10.0469
-2.256296e-007 10.07
-2.254296e-007 10.11
-2.252296e-007 10.1156
-2.250296e-007 10.0817
-2.248296e-007 10.0147
-2.246296e-007 9.93879
-2.244296e-007 9.94673
-2.242296e-007 10.0185
-2.240296e-007 10.0382
-2.238296e-007 10.0189
-2.236296e-007 10.0403
-2.234296e-007 10.0986
-2.232296e-007 10.1214
-2.230296e-007 10.0869
-2.228296e-007 10.0469
-2.226296e-007 9.96986
-2.224296e-007 9.86973
-2.222296e-007 9.88354
-2.220296e-007 9.98781
-2.218296e-007 10.0593
-2.216296e-007 10.1225
-2.214296e-007 10.1981
-2.212296e-007 10.2254
-2.210296e-007 10.2091
-2.208296e-007 10.1415
-2.206296e-007 10.0379
-2.204296e-007 10.0151
-2.202296e-007 10.0648
-2.200296e-007 10.0759
-2.198296e-007 10.05
-2.196296e-007 10.0386
-2.194296e-007 10.0555
-2.192296e-007 10.0755
-2.190296e-007 10.0541
-2.188296e-007 9.9961
-2.186296e-007 9.95191
-2.184296e-007 9.96813
-2.182296e-007 10.0313
-2.180296e-007 10.0244
-2.178296e-007 9.86835
-2.176296e-007 9.70987
-2.174296e-007 9.75545
-2.172296e-007 9.91116
-2.170296e-007 9.93257
-2.168296e-007 9.87353
-2.166296e-007 9.9267
-2.164296e-007 10.0109
-2.162296e-007 9.92083
-2.160296e-007 9.76235
-2.158296e-007 9.84142
-2.156296e-007 10.0762
-2.154296e-007 10.1128
-2.152296e-007 9.95467
-2.150296e-007 9.87284
-2.148296e-007 9.89217
-2.146296e-007 9.86939
-2.144296e-007 9.86248
-2.142296e-007 9.93464
-2.140296e-007 9.95018
-2.138296e-007 9.90737
-2.136296e-007 9.91082
-2.134296e-007 9.95018
-2.132296e-007 10.0265
-2.130296e-007 10.1042
-2.128296e-007 10.1045
-2.126296e-007 10.1114
-2.124296e-007 10.1705
-2.122296e-007 10.156
-2.120296e-007 10.0748
-2.118296e-007 10.0106
-2.116296e-007 9.91911
-2.114296e-007 9.8321
-2.112296e-007 9.83348
-2.110296e-007 9.89528
-2.108296e-007 9.97884
-2.106296e-007 10.0396
-2.104296e-007 10.0431
-2.102296e-007 10.0793
-2.100296e-007 10.147
-2.098296e-007 10.1028
-2.096296e-007 10.0531
-2.094296e-007 10.1415
-2.092296e-007 10.2105
-2.090296e-007 10.1787
-2.088296e-007 10.1456
-2.086296e-007 10.1587
-2.084296e-007 10.2071
-2.082296e-007 10.1853
-2.080296e-007 10.0513
-2.078296e-007 9.96019
-2.076296e-007 9.98747
-2.074296e-007 10.0807
-2.072296e-007 10.1763
-2.070296e-007 10.176
-2.068296e-007 10.0679
-2.066296e-007 9.98989
-2.064296e-007 10.0351
-2.062296e-007 10.1411
-2.060296e-007 10.1698
-2.058296e-007 10.099
-2.056296e-007 10.0565
-2.054296e-007 10.0576
-2.052296e-007 10.0168
-2.050296e-007 9.95709
-2.048296e-007 9.96226
-2.046296e-007 10.0393
-2.044296e-007 10.1056
-2.042296e-007 10.1114
-2.040296e-007 10.07
-2.038296e-007 10.0013
-2.036296e-007 9.9709
-2.034296e-007 10.0168
-2.032296e-007 10.0524
-2.030296e-007 10.0362
-2.028296e-007 9.98643
-2.026296e-007 9.88907
-2.024296e-007 9.85109
-2.022296e-007 9.99196
-2.020296e-007 10.204
-2.018296e-007 10.2682
-2.016296e-007 10.1304
-2.014296e-007 9.98989
-2.012296e-007 10.0044
-2.010296e-007 10.0783
-2.008296e-007 10.0721
-2.006296e-007 10.0106
-2.004296e-007 10.0051
-2.002296e-007 10.0907
-2.000296e-007 10.175
-1.998296e-007 10.1397
-1.996296e-007 10.0344
-1.994296e-007 10.0244
-1.992296e-007 10.1018
-1.990296e-007 10.118
-1.988296e-007 10.0624
-1.986296e-007 10.0179
-1.984296e-007 10.0234
-1.982296e-007 10.0831
-1.980296e-007 10.1225
-1.978296e-007 10.0924
-1.976296e-007 10.0586
-1.974296e-007 10.0047
-1.972296e-007 9.89943
-1.970296e-007 9.87042
-1.968296e-007 9.91911
-1.966296e-007 9.86662
-1.964296e-007 9.78618
-1.962296e-007 9.89908
-1.960296e-007 10.1404
-1.958296e-007 10.2671
-1.956296e-007 10.2157
-1.954296e-007 10.0614
-1.952296e-007 9.85627
-1.950296e-007 9.73093
-1.948296e-007 9.79032
-1.946296e-007 9.91531
-1.944296e-007 9.99817
-1.942296e-007 10.0924
-1.940296e-007 10.1532
-1.938296e-007 10.1207
-1.936296e-007 10.1011
-1.934296e-007 10.119
-1.932296e-007 10.1204
-1.930296e-007 10.1245
-1.928296e-007 10.0935
-1.926296e-007 9.97228
-1.924296e-007 9.88734
-1.922296e-007 9.93395
-1.920296e-007 9.95536
-1.918296e-007 9.91013
-1.916296e-007 9.95363
-1.914296e-007 10.0403
-1.912296e-007 10.0641
-1.910296e-007 10.042
-1.908296e-007 9.98471
-1.906296e-007 9.96296
-1.904296e-007 9.97573
-1.902296e-007 9.90978
-1.900296e-007 9.84902
-1.898296e-007 9.93948
-1.896296e-007 10.1
-1.894296e-007 10.1967
-1.892296e-007 10.2292
-1.890296e-007 10.1995
-1.888296e-007 10.1366
-1.886296e-007 10.1159
-1.884296e-007 10.0762
-1.882296e-007 10.0027
-1.880296e-007 9.99092
-1.878296e-007 10.0344
-1.876296e-007 10.1166
-1.874296e-007 10.1836
-1.872296e-007 10.0907
-1.870296e-007 9.90599
-1.868296e-007 9.87836
-1.866296e-007 9.97677
-1.864296e-007 9.99299
-1.862296e-007 9.97297
-1.860296e-007 10.0286
-1.858296e-007 10.11
-1.856296e-007 10.1283
-1.854296e-007 10.0848
-1.852296e-007 10.0876
-1.850296e-007 10.1484
-1.848296e-007 10.1453
-1.846296e-007 10.0786
-1.844296e-007 10.0586
-1.842296e-007 10.0759
-1.840296e-007 10.0762
-1.838296e-007 10.0693
-1.836296e-007 10.0565
-1.834296e-007 10.0545
-1.832296e-007 10.0693
-1.830296e-007 10.031
-1.828296e-007 9.92498
-1.826296e-007 9.85937
-1.824296e-007 9.89563
-1.822296e-007 9.97262
-1.820296e-007 10.0165
-1.818296e-007 10.0265
-1.816296e-007 10.06
-1.814296e-007 10.1239
-1.812296e-007 10.1232
-1.810296e-007 10.0462
-1.808296e-007 10.0327
-1.806296e-007 10.089
-1.804296e-007 10.0672
-1.802296e-007 9.97331
-1.800296e-007 9.91807
-1.798296e-007 9.91047
-1.796296e-007 9.93602
-1.794296e-007 9.98954
-1.792296e-007 10.031
-1.790296e-007 10.0486
-1.788296e-007 10.0631
-1.786296e-007 10.1283
-1.784296e-007 10.2554
-1.782296e-007 10.3303
-1.780296e-007 10.2575
-1.778296e-007 10.1
-1.776296e-007 10.0092
-1.774296e-007 10.0437
-1.772296e-007 10.1601
-1.770296e-007 10.2502
-1.768296e-007 10.2074
-1.766296e-007 10.0869
-1.764296e-007 10.042
-1.762296e-007 10.08
-1.760296e-007 10.0731
-1.758296e-007 10.0334
-1.756296e-007 10.0562
-1.754296e-007 10.1
-1.752296e-007 10.0948
-1.750296e-007 10.0341
-1.748296e-007 9.96192
-1.746296e-007 9.95881
-1.744296e-007 10.0368
-1.742296e-007 10.0845
-1.740296e-007 10.0179
-1.738296e-007 9.92532
-1.736296e-007 9.96296
-1.734296e-007 10.1273
-1.732296e-007 10.244
-1.730296e-007 10.2143
-1.728296e-007 10.0797
-1.726296e-007 9.89494
-1.724296e-007 9.79205
-1.722296e-007 9.88492
-1.720296e-007 10.0579
-1.718296e-007 10.1021
-1.716296e-007 9.98125
-1.714296e-007 9.88492
-1.712296e-007 9.96296
-1.710296e-007 10.108
-1.708296e-007 10.1598
-1.706296e-007 10.1159
-1.704296e-007 10.0541
-1.702296e-007 9.96296
-1.700296e-007 9.83279
-1.698296e-007 9.75338
-1.696296e-007 9.80344
-1.694296e-007 9.94362
-1.692296e-007 10.0258
-1.690296e-007 10.0154
-1.688296e-007 10.0085
-1.686296e-007 10.0013
-1.684296e-007 9.96848
-1.682296e-007 9.93775
-1.680296e-007 9.92774
-1.678296e-007 9.97815
-1.676296e-007 10.0638
-1.674296e-007 10.0527
-1.672296e-007 9.95398
-1.670296e-007 9.9267
-1.668296e-007 9.97469
-1.666296e-007 9.97608
-1.664296e-007 9.94742
-1.662296e-007 10.004
-1.660296e-007 10.1211
-1.658296e-007 10.1401
-1.656296e-007 10.0296
-1.654296e-007 9.97711
-1.652296e-007 10.0765
-1.650296e-007 10.148
-1.648296e-007 10.1021
-1.646296e-007 10.0524
-1.644296e-007 10.0434
-1.642296e-007 10.0462
-1.640296e-007 10.0379
-1.638296e-007 10.0009
-1.636296e-007 9.95847
-1.634296e-007 9.92428
-1.632296e-007 9.86145
-1.630296e-007 9.82899
-1.628296e-007 9.916
-1.626296e-007 10.0103
-1.624296e-007 10.0103
-1.622296e-007 10.0113
-1.620296e-007 10.0911
-1.618296e-007 10.1946
-1.616296e-007 10.234
-1.614296e-007 10.1687
-1.612296e-007 10.0589
-1.610296e-007 10.0241
-1.608296e-007 10.0393
-1.606296e-007 9.99921
-1.604296e-007 9.98954
-1.602296e-007 10.0776
-1.600296e-007 10.1211
-1.598296e-007 10.0928
-1.596296e-007 10.081
-1.594296e-007 10.0669
-1.592296e-007 10.0434
-1.590296e-007 10.0075
-1.588296e-007 9.9595
-1.586296e-007 9.95536
-1.584296e-007 9.93741
-1.582296e-007 9.85489
-1.580296e-007 9.83279
-1.578296e-007 9.97469
-1.576296e-007 10.1491
-1.574296e-007 10.1459
-1.572296e-007 10.042
-1.570296e-007 10.0458
-1.568296e-007 10.1283
-1.566296e-007 10.1415
-1.564296e-007 10.0724
-1.562296e-007 10.0355
-1.560296e-007 10.0917
-1.558296e-007 10.177
-1.556296e-007 10.1739
-1.554296e-007 10.0779
-1.552296e-007 10.0161
-1.550296e-007 10.0406
-1.548296e-007 10.0904
-1.546296e-007 10.0748
-1.544296e-007 9.97573
-1.542296e-007 9.90495
-1.540296e-007 9.95985
-1.538296e-007 10.0669
-1.536296e-007 10.0817
-1.534296e-007 10.0168
-1.532296e-007 9.9595
-1.530296e-007 9.94224
-1.528296e-007 9.99852
-1.526296e-007 10.0662
-1.524296e-007 10.0358
-1.522296e-007 9.96952
-1.520296e-007 10.0147
-1.518296e-007 10.1515
-1.516296e-007 10.2019
-1.514296e-007 10.1166
-1.512296e-007 9.98574
-1.510296e-007 9.86421
-1.508296e-007 9.81276
-1.506296e-007 9.86766
-1.504296e-007 9.98885
-1.502296e-007 10.0852
-1.500296e-007 10.0655
-1.498296e-007 9.98367
-1.496296e-007 9.95467
-1.494296e-007 9.96296
-1.492296e-007 10.0065
-1.490296e-007 10.1266
-1.488296e-007 10.1743
-1.486296e-007 10.0175
-1.484296e-007 9.85178
-1.482296e-007 9.83141
-1.480296e-007 9.85799
-1.478296e-007 9.86939
-1.476296e-007 9.89563
-1.474296e-007 9.97746
-1.472296e-007 10.062
-1.470296e-007 10.0513
-1.468296e-007 10.0303
-1.466296e-007 10.0734
-1.464296e-007 10.0848
-1.462296e-007 10.0831
-1.460296e-007 10.1235
-1.458296e-007 10.1166
-1.456296e-007 10.0993
-1.454296e-007 10.1846
-1.452296e-007 10.2526
-1.450296e-007 10.1684
-1.448296e-007 10.0296
-1.446296e-007 9.99299
-1.444296e-007 10.0717
-1.442296e-007 10.119
-1.440296e-007 10.0179
-1.438296e-007 9.90288
-1.436296e-007 9.9671
-1.434296e-007 10.0714
-1.432296e-007 10.0151
-1.430296e-007 9.9595
-1.428296e-007 10.0406
-1.426296e-007 10.098
-1.424296e-007 10.032
-1.422296e-007 9.95812
-1.420296e-007 9.98022
-1.418296e-007 10.0672
-1.416296e-007 10.1087
-1.414296e-007 10.0486
-1.412296e-007 10.0261
-1.410296e-007 10.118
-1.408296e-007 10.156
-1.406296e-007 10.0803
-1.404296e-007 10.0106
-1.402296e-007 10.0044
-1.400296e-007 10.0254
-1.398296e-007 10.0109
-1.396296e-007 9.97608
-1.394296e-007 9.98091
-1.392296e-007 10.0168
-1.390296e-007 10.0589
-1.388296e-007 10.1042
-1.386296e-007 10.1384
-1.384296e-007 10.1349
-1.382296e-007 10.09
-1.380296e-007 10.0334
-1.378296e-007 9.99714
-1.376296e-007 9.99299
-1.374296e-007 10.0141
-1.372296e-007 10.0652
-1.370296e-007 10.1297
-1.368296e-007 10.1121
-1.366296e-007 10.0078
-1.364296e-007 10.002
-1.362296e-007 10.1138
-1.360296e-007 10.1187
-1.358296e-007 9.99196
-1.356296e-007 9.89563
-1.354296e-007 9.87595
-1.352296e-007 9.93292
-1.350296e-007 10.022
-1.348296e-007 10.0534
-1.346296e-007 10.0223
-1.344296e-007 9.9923
-1.342296e-007 10.0486
-1.340296e-007 10.1653
-1.338296e-007 10.2171
-1.336296e-007 10.1722
-1.334296e-007 10.0873
-1.332296e-007 10.0213
-1.330296e-007 9.97366
-1.328296e-007 9.92394
-1.326296e-007 9.90012
-1.324296e-007 9.8977
-1.322296e-007 9.89287
-1.320296e-007 9.89148
-1.318296e-007 9.89252
-1.316296e-007 9.92601
-1.314296e-007 10.0027
-1.312296e-007 10.0386
-1.310296e-007 9.96986
-1.308296e-007 9.90253
-1.306296e-007 9.98194
-1.304296e-007 10.119
-1.302296e-007 10.1352
-1.300296e-007 10.0824
-1.298296e-007 10.0952
-1.296296e-007 10.1197
-1.294296e-007 10.0779
-1.292296e-007 10.0441
-1.290296e-007 10.0703
-1.288296e-007 10.0904
-1.286296e-007 10.032
-1.284296e-007 9.94017
-1.282296e-007 9.95191
-1.280296e-007 10.0531
-1.278296e-007 10.081
-1.276296e-007 10.0213
-1.274296e-007 9.97193
-1.272296e-007 9.97746
-1.270296e-007 10.061
-1.268296e-007 10.1843
-1.266296e-007 10.2078
-1.264296e-007 10.0534
-1.262296e-007 9.89735
-1.260296e-007 9.92221
-1.258296e-007 10.0375
-1.256296e-007 10.1504
-1.254296e-007 10.2354
-1.252296e-007 10.2164
-1.250296e-007 10.1715
-1.248296e-007 10.2095
-1.246296e-007 10.1946
-1.244296e-007 9.99955
-1.242296e-007 9.79723
-1.240296e-007 9.85247
-1.238296e-007 10.0807
-1.236296e-007 10.166
-1.234296e-007 10.0593
-1.232296e-007 9.91116
-1.230296e-007 9.80379
-1.228296e-007 9.75165
-1.226296e-007 9.76822
-1.224296e-007 9.85489
-1.222296e-007 9.94258
-1.220296e-007 9.9854
-1.218296e-007 9.9709
-1.216296e-007 9.88769
-1.214296e-007 9.83279
-1.212296e-007 9.85454
-1.210296e-007 9.84694
-1.208296e-007 9.83451
-1.206296e-007 9.88838
-1.204296e-007 9.93292
-1.202296e-007 9.98298
-1.200296e-007 10.0292
-1.198296e-007 9.99576
-1.196296e-007 9.97987
-1.194296e-007 9.98781
-1.192296e-007 9.94086
-1.190296e-007 9.91047
-1.188296e-007 9.90633
-1.186296e-007 9.92532
-1.184296e-007 10.0089
-1.182296e-007 10.0634
-1.180296e-007 10.0631
-1.178296e-007 10.1114
-1.176296e-007 10.1736
-1.174296e-007 10.1446
-1.172296e-007 10.0372
-1.170296e-007 9.94707
-1.168296e-007 9.96537
-1.166296e-007 10.0662
-1.164296e-007 10.0807
-1.162296e-007 9.95156
-1.160296e-007 9.8283
-1.158296e-007 9.81173
-1.156296e-007 9.85765
-1.154296e-007 9.89735
-1.152296e-007 9.92636
-1.150296e-007 9.95639
-1.148296e-007 9.96813
-1.146296e-007 9.96226
-1.144296e-007 9.97884
-1.142296e-007 10.0631
-1.140296e-007 10.1625
-1.138296e-007 10.1556
-1.136296e-007 10.0762
-1.134296e-007 10.0217
-1.132296e-007 9.95536
-1.130296e-007 9.89528
-1.128296e-007 9.94051
-1.126296e-007 10.0524
-1.124296e-007 10.127
-1.122296e-007 10.1352
-1.120296e-007 10.1035
-1.118296e-007 10.1138
-1.116296e-007 10.1836
-1.114296e-007 10.1812
-1.112296e-007 10.079
-1.110296e-007 9.98125
-1.108296e-007 9.8977
-1.106296e-007 9.84625
-1.104296e-007 9.88872
-1.102296e-007 9.974
-1.100296e-007 10.0299
-1.098296e-007 10.0631
-1.096296e-007 10.0897
-1.094296e-007 10.0776
-1.092296e-007 9.99955
-1.090296e-007 9.92325
-1.088296e-007 9.93568
-1.086296e-007 9.97642
-1.084296e-007 9.98333
-1.082296e-007 10.0258
-1.080296e-007 10.0286
-1.078296e-007 9.89425
-1.076296e-007 9.81552
-1.074296e-007 9.92463
-1.072296e-007 10.0631
-1.070296e-007 10.0686
-1.068296e-007 9.96882
-1.066296e-007 9.90426
-1.064296e-007 9.92912
-1.062296e-007 9.95812
-1.060296e-007 9.94604
-1.058296e-007 9.96503
-1.056296e-007 10.0531
-1.054296e-007 10.1418
-1.052296e-007 10.1518
-1.050296e-007 10.0931
-1.048296e-007 9.99541
-1.046296e-007 9.87457
-1.044296e-007 9.84453
-1.042296e-007 9.97331
-1.040296e-007 10.0904
-1.038296e-007 10.0503
-1.036296e-007 9.97608
-1.034296e-007 10.0123
-1.032296e-007 10.0617
-1.030296e-007 10.0085
-1.028296e-007 9.97331
-1.026296e-007 10.0365
-1.024296e-007 10.0479
-1.022296e-007 9.96192
-1.020296e-007 9.93015
-1.018296e-007 9.96192
-1.016296e-007 9.95985
-1.014296e-007 9.97918
-1.012296e-007 10.0641
-1.010296e-007 10.0973
-1.008296e-007 10.0348
-1.006296e-007 9.98194
-1.004296e-007 9.98747
-1.002296e-007 10.0068
-1.000296e-007 10.0096
-9.98296e-008 10.0147
-9.96296e-008 10.0596
-9.94296e-008 10.1169
-9.92296e-008 10.0879
-9.90296e-008 9.99299
-9.88296e-008 9.98333
-9.86296e-008 10.0793
-9.84296e-008 10.1456
-9.82296e-008 10.1332
-9.80296e-008 10.1297
-9.78296e-008 10.1024
-9.76296e-008 9.974
-9.74296e-008 9.91738
-9.72296e-008 10.0203
-9.70296e-008 10.1052
-9.68296e-008 10.1059
-9.66296e-008 10.0676
-9.64296e-008 10.0458
-9.62296e-008 10.1069
-9.60296e-008 10.1456
-9.58296e-008 10.0596
-9.56296e-008 9.9633
-9.54296e-008 9.90806
-9.52296e-008 9.87767
-9.50296e-008 9.93879
-9.48296e-008 10.0237
-9.46296e-008 9.98643
-9.44296e-008 9.88976
-9.42296e-008 9.89459
-9.40296e-008 9.99576
-9.38296e-008 10.0693
-9.36296e-008 10.08
-9.34296e-008 10.1035
-9.32296e-008 10.1432
-9.30296e-008 10.0938
-9.28296e-008 9.99783
-9.26296e-008 10.0165
-9.24296e-008 10.0672
-9.22296e-008 9.96606
-9.20296e-008 9.83659
-9.18296e-008 9.87422
-9.16296e-008 10.0075
-9.14296e-008 10.0576
-9.12296e-008 9.99472
-9.10296e-008 9.95881
-9.08296e-008 9.99299
-9.06296e-008 9.98298
-9.04296e-008 9.95501
-9.02296e-008 10.0154
-9.00296e-008 10.0465
-8.98296e-008 9.93602
-8.96296e-008 9.85558
-8.94296e-008 9.90184
-8.92296e-008 9.97642
-8.90296e-008 10.0372
-8.88296e-008 10.0324
-8.86296e-008 9.95674
-8.84296e-008 9.945
-8.82296e-008 9.95743
-8.80296e-008 9.86559
-8.78296e-008 9.83969
-8.76296e-008 9.9412
-8.74296e-008 9.96088
-8.72296e-008 9.92981
-8.70296e-008 9.93706
-8.68296e-008 9.91876
-8.66296e-008 9.90875
-8.64296e-008 9.9229
-8.62296e-008 9.93119
-8.60296e-008 9.97193
-8.58296e-008 9.99437
-8.56296e-008 9.95501
-8.54296e-008 9.9671
-8.52296e-008 10.0845
-8.50296e-008 10.185
-8.48296e-008 10.1881
-8.46296e-008 10.1563
-8.44296e-008 10.1363
-8.42296e-008 10.1304
-8.40296e-008 10.1346
-8.38296e-008 10.1373
-8.36296e-008 10.1149
-8.34296e-008 10.0189
-8.32296e-008 9.88527
-8.30296e-008 9.84038
-8.28296e-008 9.91427
-8.26296e-008 10.0393
-8.24296e-008 10.1301
-8.22296e-008 10.1187
-8.20296e-008 10.0417
-8.18296e-008 9.98954
-8.16296e-008 9.99921
-8.14296e-008 10.0517
-8.12296e-008 10.0976
-8.10296e-008 10.1052
-8.08296e-008 10.0714
-8.06296e-008 10.0037
-8.04296e-008 9.96019
-8.02296e-008 9.96882
-8.00296e-008 9.97435
-7.98296e-008 9.95018
-7.96296e-008 9.92877
-7.94296e-008 9.9633
-7.92296e-008 10.0258
-7.90296e-008 10.0451
-7.88296e-008 10.041
-7.86296e-008 10.0672
-7.84296e-008 10.1332
-7.82296e-008 10.1898
-7.80296e-008 10.186
-7.78296e-008 10.1118
-7.76296e-008 10.013
-7.74296e-008 9.97297
-7.72296e-008 9.99299
-7.70296e-008 10.033
-7.68296e-008 10.0817
-7.66296e-008 10.0848
-7.64296e-008 10.0147
-7.62296e-008 9.92567
-7.60296e-008 9.87664
-7.58296e-008 9.9229
-7.56296e-008 9.99748
-7.54296e-008 9.97193
-7.52296e-008 9.94845
-7.50296e-008 10.0065
-7.48296e-008 10.0016
-7.46296e-008 9.94535
-7.44296e-008 9.96226
-7.42296e-008 10.0213
-7.40296e-008 10.0555
-7.38296e-008 10.0462
-7.36296e-008 10.0106
-7.34296e-008 9.99196
-7.32296e-008 9.99817
-7.30296e-008 10.0168
-7.28296e-008 10.0641
-7.26296e-008 10.0955
-7.24296e-008 10.0355
-7.22296e-008 9.97193
-7.20296e-008 10.0054
-7.18296e-008 10.071
-7.16296e-008 10.0686
-7.14296e-008 9.95778
-7.12296e-008 9.83521
-7.10296e-008 9.83313
-7.08296e-008 9.89528
-7.06296e-008 9.90288
-7.04296e-008 9.91531
-7.02296e-008 10.0279
-7.00296e-008 10.139
-6.98296e-008 10.1473
-6.96296e-008 10.1135
-6.94296e-008 10.0803
-6.92296e-008 10.0382
-6.90296e-008 9.99092
-6.88296e-008 9.9778
-6.86296e-008 10.0113
-6.84296e-008 10.004
-6.82296e-008 9.94535
-6.80296e-008 9.93982
-6.78296e-008 9.98056
-6.76296e-008 9.98402
-6.74296e-008 9.95916
-6.72296e-008 9.93982
-6.70296e-008 9.94224
-6.68296e-008 9.98229
-6.66296e-008 10.0161
-6.64296e-008 10.0462
-6.62296e-008 10.1111
-6.60296e-008 10.1235
-6.58296e-008 10.0396
-6.56296e-008 9.99748
-6.54296e-008 10.0248
-6.52296e-008 10.0141
-6.50296e-008 10.0099
-6.48296e-008 10.0351
-6.46296e-008 10.0013
-6.44296e-008 9.93671
-6.42296e-008 9.92739
-6.40296e-008 10.0013
-6.38296e-008 10.0717
-6.36296e-008 10.0034
-6.34296e-008 9.86939
-6.32296e-008 9.8611
-6.30296e-008 9.91565
-6.28296e-008 9.92256
-6.26296e-008 9.97021
-6.24296e-008 10.0513
-6.22296e-008 10.0948
-6.20296e-008 10.1256
-6.18296e-008 10.1446
-6.16296e-008 10.1632
-6.14296e-008 10.1857
-6.12296e-008 10.1325
-6.10296e-008 10.0192
-6.08296e-008 9.97849
-6.06296e-008 10.0475
-6.04296e-008 10.1263
-6.02296e-008 10.1052
-6.00296e-008 10.0496
-5.98296e-008 10.0841
-5.96296e-008 10.1049
-5.94296e-008 10.0324
-5.92296e-008 10.0006
-5.90296e-008 9.99507
-5.88296e-008 9.91531
-5.86296e-008 9.86662
-5.84296e-008 9.92256
-5.82296e-008 9.97884
-5.80296e-008 9.97642
-5.78296e-008 9.95674
-5.76296e-008 9.92014
-5.74296e-008 9.83797
-5.72296e-008 9.82243
-5.70296e-008 9.95467
-5.68296e-008 10.08
-5.66296e-008 10.0527
-5.64296e-008 9.94707
-5.62296e-008 9.91393
-5.60296e-008 9.90737
-5.58296e-008 9.87008
-5.56296e-008 9.91324
-5.54296e-008 10.0068
-5.52296e-008 10.0441
-5.50296e-008 10.0134
-5.48296e-008 9.95916
-5.46296e-008 9.99679
-5.44296e-008 10.1045
-5.42296e-008 10.1377
-5.40296e-008 10.0997
-5.38296e-008 10.089
-5.36296e-008 10.1221
-5.34296e-008 10.1363
-5.32296e-008 10.1287
-5.30296e-008 10.1328
-5.28296e-008 10.0721
-5.26296e-008 9.97297
-5.24296e-008 10.0047
-5.22296e-008 10.0717
-5.20296e-008 9.9709
-5.18296e-008 9.83659
-5.16296e-008 9.86145
-5.14296e-008 9.97055
-5.12296e-008 10.0275
-5.10296e-008 9.99714
-5.08296e-008 9.93671
-5.06296e-008 9.96157
-5.04296e-008 10.0676
-5.02296e-008 10.1366
-5.00296e-008 10.1228
-4.98296e-008 10.0527
-4.96296e-008 10.0137
-4.94296e-008 10.0582
-4.92296e-008 10.1183
-4.90296e-008 10.1542
-4.88296e-008 10.157
-4.86296e-008 10.0814
-4.84296e-008 9.96813
-4.82296e-008 9.92394
-4.80296e-008 9.93671
-4.78296e-008 9.94258
-4.76296e-008 9.96054
-4.74296e-008 9.95398
-4.72296e-008 9.85834
-4.70296e-008 9.79515
-4.68296e-008 9.85178
-4.66296e-008 9.86973
-4.64296e-008 9.79861
-4.62296e-008 9.80206
-4.60296e-008 9.90599
-4.58296e-008 10.0147
-4.56296e-008 10.1128
-4.54296e-008 10.2084
-4.52296e-008 10.2526
-4.50296e-008 10.1601
-4.48296e-008 9.98402
-4.46296e-008 9.94742
-4.44296e-008 10.0507
-4.42296e-008 10.0614
-4.40296e-008 9.99334
-4.38296e-008 9.99127
-4.36296e-008 10.0372
-4.34296e-008 10.0738
-4.32296e-008 10.0586
-4.30296e-008 10.0306
-4.28296e-008 10.0386
-4.26296e-008 9.97469
-4.24296e-008 9.82864
-4.22296e-008 9.82381
-4.20296e-008 9.98229
-4.18296e-008 10.0341
-4.16296e-008 9.91772
-4.14296e-008 9.86386
-4.12296e-008 9.97642
-4.10296e-008 10.0859
-4.08296e-008 10.07
-4.06296e-008 10.0828
-4.04296e-008 10.1946
-4.02296e-008 10.1736
-4.00296e-008 9.99507
-3.98296e-008 9.95536
-3.96296e-008 10.0824
-3.94296e-008 10.157
-3.92296e-008 10.157
-3.90296e-008 10.1339
-3.88296e-008 10.0627
-3.86296e-008 10.003
-3.84296e-008 10.0292
-3.82296e-008 10.1018
-3.80296e-008 10.137
-3.78296e-008 10.1128
-3.76296e-008 10.0828
-3.74296e-008 10.0607
-3.72296e-008 10.0085
-3.70296e-008 9.95398
-3.68296e-008 9.94258
-3.66296e-008 9.96779
-3.64296e-008 9.98989
-3.62296e-008 9.98781
-3.60296e-008 10.0237
-3.58296e-008 10.0917
-3.56296e-008 10.0479
-3.54296e-008 9.88907
-3.52296e-008 9.83037
-3.50296e-008 9.95398
-3.48296e-008 10.0241
-3.46296e-008 9.92463
-3.44296e-008 9.9015
-3.42296e-008 10.041
-3.40296e-008 10.1491
-3.38296e-008 10.1456
-3.36296e-008 10.0769
-3.34296e-008 10.0034
-3.32296e-008 9.99196
-3.30296e-008 10.0127
-3.28296e-008 10.0106
-3.26296e-008 10.0565
-3.24296e-008 10.1394
-3.22296e-008 10.1183
-3.20296e-008 10.0172
-3.18296e-008 9.9923
-3.16296e-008 10.0527
-3.14296e-008 10.0576
-3.12296e-008 10.0147
-3.10296e-008 10.0434
-3.08296e-008 10.0803
-3.06296e-008 10.0703
-3.04296e-008 10.0869
-3.02296e-008 10.0976
-3.00296e-008 10.0731
-2.98296e-008 10.0938
-2.96296e-008 10.1649
-2.94296e-008 10.1919
-2.92296e-008 10.176
-2.90296e-008 10.185
-2.88296e-008 10.1618
-2.86296e-008 10.0738
-2.84296e-008 10.0085
-2.82296e-008 9.99541
-2.80296e-008 10.0227
-2.78296e-008 10.0458
-2.76296e-008 9.98885
-2.74296e-008 9.91807
-2.72296e-008 9.90426
-2.70296e-008 9.9015
-2.68296e-008 9.91427
-2.66296e-008 9.97366
-2.64296e-008 10.0551
-2.62296e-008 10.0945
-2.60296e-008 10.0803
-2.58296e-008 10.031
-2.56296e-008 9.92221
-2.54296e-008 9.81518
-2.52296e-008 9.81587
-2.50296e-008 9.93913
-2.48296e-008 10.0762
-2.46296e-008 10.0676
-2.44296e-008 9.93154
-2.42296e-008 9.87008
-2.40296e-008 9.98574
-2.38296e-008 10.1418
-2.36296e-008 10.1297
-2.34296e-008 9.94155
-2.32296e-008 9.84211
-2.30296e-008 9.9633
-2.28296e-008 10.0683
-2.26296e-008 10.0134
-2.24296e-008 9.96019
-2.22296e-008 10.0085
-2.20296e-008 10.0648
-2.18296e-008 10.0869
-2.16296e-008 10.0973
-2.14296e-008 10.0838
-2.12296e-008 10.0976
-2.10296e-008 10.1625
-2.08296e-008 10.2008
-2.06296e-008 10.1694
-2.04296e-008 10.081
-2.02296e-008 10.0306
-2.00296e-008 10.1207
-1.98296e-008 10.2437
-1.96296e-008 10.197
-1.94296e-008 10.0299
-1.92296e-008 9.97124
-1.90296e-008 10.0541
-1.88296e-008 10.1097
-1.86296e-008 10.0641
-1.84296e-008 10.0199
-1.82296e-008 10.0665
-1.80296e-008 10.1522
-1.78296e-008 10.2174
-1.76296e-008 10.2105
-1.74296e-008 10.089
-1.72296e-008 10.0296
-1.70296e-008 10.1187
-1.68296e-008 10.1235
-1.66296e-008 9.98194
-1.64296e-008 9.8794
-1.62296e-008 9.89597
-1.60296e-008 9.9671
-1.58296e-008 10.0368
-1.56296e-008 10.0793
-1.54296e-008 10.0707
-1.52296e-008 10.0545
-1.50296e-008 10.0645
-1.48296e-008 10.0517
-1.46296e-008 10.0103
-1.44296e-008 9.97918
-1.42296e-008 9.96123
-1.40296e-008 9.96503
-1.38296e-008 10.0047
-1.36296e-008 10.0493
-1.34296e-008 10.061
-1.32296e-008 10.0393
-1.30296e-008 9.9961
-1.28296e-008 9.96779
-1.26296e-008 9.98402
-1.24296e-008 10.0313
-1.22296e-008 10.0517
-1.20296e-008 9.97642
-1.18296e-008 9.91186
-1.16296e-008 9.97228
-1.14296e-008 10.0141
-1.12296e-008 9.97193
-1.10296e-008 9.96572
-1.08296e-008 9.98022
-1.06296e-008 9.97538
-1.04296e-008 10.0227
-1.02296e-008 10.0631
-1.00296e-008 10.0161
-9.829599e-009 9.98643
-9.629599e-009 10.0165
-9.429599e-009 10.0362
-9.229599e-009 10.0638
-9.029599e-009 10.1
-8.829599e-009 10.0593
-8.629599e-009 9.96744
-8.429599e-009 9.93015
-8.229599e-009 9.9709
-8.029599e-009 10.0396
-7.829599e-009 10.0579
-7.629599e-009 10.0189
-7.429599e-009 9.96813
-7.229599e-009 9.92187
-7.029599e-009 9.93395
-6.829599e-009 9.99714
-6.629599e-009 9.96952
-6.429599e-009 9.88251
-6.229599e-009 9.9412
-6.029599e-009 10.1121
-5.829599e-009 10.1687
-5.629599e-009 10.0734
-5.429599e-009 9.99265
-5.229599e-009 10.023
-5.029599e-009 10.071
-4.829599e-009 10.0299
-4.629599e-009 9.99955
-4.429599e-009 10.0924
-4.229599e-009 10.1456
-4.029599e-009 10.0306
-3.829599e-009 9.93119
-3.629599e-009 9.91842
-3.429599e-009 9.85937
-3.229599e-009 9.77513
-3.029599e-009 9.78894
-2.829599e-009 9.93154
-2.629599e-009 10.0714
-2.429599e-009 10.079
-2.229599e-009 10.0569
-2.029599e-009 10.051
-1.829599e-009 9.89356
-1.629599e-009 9.49166
-1.429599e-009 8.82115
-1.229599e-009 7.83678
-1.029599e-009 6.55065
-8.295995e-010 5.12399
-6.295995e-010 3.87998
-4.295995e-010 3.02371
-2.295995e-010 2.48164
-2.95995e-011 2.09735
1.704005e-010 1.81872
3.704005e-010 1.6813
5.704005e-010 1.64712
7.704005e-010 1.61087
9.704005e-010 1.53007
1.170401e-009 1.41613
1.370401e-009 1.32878
1.570401e-009 1.30461
1.770401e-009 1.25938
1.970401e-009 1.16236
2.170401e-009 1.16616
2.370401e-009 1.29978
2.570401e-009 1.40681
2.770401e-009 1.42787
2.970401e-009 1.3785
3.170401e-009 1.30289
3.370401e-009 1.27354
3.570401e-009 1.30012
3.770401e-009 1.38333
3.970401e-009 1.49934
4.170401e-009 1.4883
4.370401e-009 1.31393
4.570401e-009 1.2176
4.770401e-009 1.28044
4.970401e-009 1.29909
5.170401e-009 1.21381
5.370401e-009 1.19067
5.570401e-009 1.2687
5.770401e-009 1.34535
5.970401e-009 1.364
6.170401e-009 1.2908
6.370401e-009 1.1848
6.570401e-009 1.20794
6.770401e-009 1.35053
6.970401e-009 1.40992
7.170401e-009 1.33534
7.370401e-009 1.27078
7.570401e-009 1.27768
7.770401e-009 1.30116
7.970401e-009 1.31566
8.170401e-009 1.32326
8.370401e-009 1.29943
8.570401e-009 1.26698
8.770401e-009 1.26491
8.970401e-009 1.28597
9.170401e-009 1.32567
9.370401e-009 1.30979
9.570401e-009 1.20345
9.770401e-009 1.12991
9.970401e-009 1.15373
1.01704e-008 1.2511
1.03704e-008 1.34984
1.05704e-008 1.30565
1.07704e-008 1.18101
1.09704e-008 1.17928
1.11704e-008 1.25524
1.13704e-008 1.30012
1.15704e-008 1.30945
1.17704e-008 1.25524
1.19704e-008 1.19102
1.21704e-008 1.21035
1.23704e-008 1.26076
1.25704e-008 1.26905
1.27704e-008 1.23245
1.29704e-008 1.16374
1.31704e-008 1.07742
1.33704e-008 1.01666
1.35704e-008 1.07984
1.37704e-008 1.25179
1.39704e-008 1.37332
1.41704e-008 1.36572
1.43704e-008 1.29149
1.45704e-008 1.21795
1.47704e-008 1.17583
1.49704e-008 1.19654
1.51704e-008 1.24937
1.53704e-008 1.24799
1.55704e-008 1.15235
1.57704e-008 1.03427
1.59704e-008 0.984892
1.61704e-008 0.985927
1.63704e-008 1.00043
1.65704e-008 1.00354
1.67704e-008 0.977641
1.69704e-008 1.01148
1.71704e-008 1.15269
1.73704e-008 1.24281
1.75704e-008 1.16927
1.77704e-008 1.0826
1.79704e-008 1.11506
1.81704e-008 1.1665
1.83704e-008 1.14786
1.85704e-008 1.11264
1.87704e-008 1.10919
1.89704e-008 1.11989
1.91704e-008 1.11299
1.93704e-008 1.06292
1.95704e-008 1.01597
1.97704e-008 1.08295
1.99704e-008 1.24177
2.01704e-008 1.31428
2.03704e-008 1.20725
2.05704e-008 1.03979
2.07704e-008 1.00146
2.09704e-008 1.06776
2.11704e-008 1.06638
2.13704e-008 1.00802
2.15704e-008 0.979367
2.17704e-008 0.980058
2.19704e-008 1.02149
2.21704e-008 1.02356
2.23704e-008 0.911349
2.25704e-008 0.861975
2.27704e-008 0.973152
2.29704e-008 1.08053
2.31704e-008 1.1192
2.33704e-008 1.14061
2.35704e-008 1.1482
2.37704e-008 1.14441
2.39704e-008 1.11886
2.41704e-008 1.07915
2.43704e-008 1.04186
2.45704e-008 1.0208
2.47704e-008 1.04773
2.49704e-008 1.05256
2.51704e-008 0.978331
2.53704e-008 0.951746
2.55704e-008 1.02425
2.57704e-008 1.06776
2.59704e-008 1.07708
2.61704e-008 1.12127
2.63704e-008 1.11299
2.65704e-008 1.01769
2.67704e-008 0.978331
2.69704e-008 1.0429
2.71704e-008 1.07639
2.73704e-008 1.00872
2.75704e-008 0.964175
2.77704e-008 1.05118
2.79704e-008 1.13888
2.81704e-008 1.07052
2.83704e-008 0.952436
2.85704e-008 0.928267
2.87704e-008 0.950019
2.89704e-008 0.973498
2.91704e-008 1.00561
2.93704e-008 1.03047
2.95704e-008 1.0826
2.97704e-008 1.16892
2.99704e-008 1.23521
3.01704e-008 1.25006
3.03704e-008 1.22278
3.05704e-008 1.18826
3.07704e-008 1.15407
3.09704e-008 1.12127
3.11704e-008 1.12127
3.13704e-008 1.16478
3.15704e-008 1.18998
3.17704e-008 1.12818
3.19704e-008 1.04428
3.21704e-008 1.02805
3.23704e-008 1.02909
3.25704e-008 1.02184
3.27704e-008 1.08364
3.29704e-008 1.15166
3.31704e-008 1.0757
3.33704e-008 0.950365
3.35704e-008 0.936899
3.37704e-008 0.997321
3.39704e-008 1.05187
3.41704e-008 1.08088
3.43704e-008 1.09503
3.45704e-008 1.13439
3.47704e-008 1.17686
3.49704e-008 1.14475
3.51704e-008 1.0757
3.53704e-008 1.06499
3.55704e-008 1.09641
3.57704e-008 1.07604
3.59704e-008 1.00285
3.61704e-008 0.974879
3.63704e-008 1.0132
3.65704e-008 1.02356
3.67704e-008 0.968319
3.69704e-008 0.946912
3.71704e-008 1.00354
3.73704e-008 1.05084
3.75704e-008 1.046
3.77704e-008 1.02874
3.79704e-008 1.04808
3.81704e-008 1.0826
3.83704e-008 1.04324
3.85704e-008 0.974188
3.87704e-008 0.998357
3.89704e-008 1.08537
3.91704e-008 1.12611
3.93704e-008 1.09849
3.95704e-008 1.08744
3.97704e-008 1.14993
3.99704e-008 1.20725
4.01704e-008 1.14924
4.03704e-008 1.01217
4.05704e-008 0.965902
4.07704e-008 1.04186
4.09704e-008 1.09123
4.11704e-008 1.05774
4.13704e-008 1.01942
4.15704e-008 1.02011
4.17704e-008 1.04393
4.19704e-008 1.06189
4.21704e-008 1.07017
4.23704e-008 1.12162
4.25704e-008 1.18066
4.27704e-008 1.18273
4.29704e-008 1.18515
4.31704e-008 1.16547
4.33704e-008 1.08157
4.35704e-008 1.01597
4.37704e-008 0.979713
4.39704e-008 0.966592
4.41704e-008 0.994904
4.43704e-008 1.01942
4.45704e-008 1.02805
4.47704e-008 1.06672
4.49704e-008 1.15407
4.51704e-008 1.18135
4.53704e-008 1.06189
4.55704e-008 0.947948
4.57704e-008 1.01838
4.59704e-008 1.16788
4.61704e-008 1.16823
4.63704e-008 1.07259
4.65704e-008 1.07673
4.67704e-008 1.13508
4.69704e-008 1.15062
4.71704e-008 1.18929
4.73704e-008 1.18791
4.75704e-008 1.05395
4.77704e-008 0.965902
4.79704e-008 1.02771
4.81704e-008 1.10988
4.83704e-008 1.12369
4.85704e-008 1.07846
4.87704e-008 1.0498
4.89704e-008 1.07846
4.91704e-008 1.0864
4.93704e-008 1.06707
4.95704e-008 1.09089
4.97704e-008 1.11748
4.99704e-008 1.08467
5.01704e-008 1.04255
5.03704e-008 1.06258
5.05704e-008 1.11678
5.07704e-008 1.15925
5.09704e-008 1.18757
5.11704e-008 1.18377
5.13704e-008 1.16236
5.15704e-008 1.13577
5.17704e-008 1.1123
5.19704e-008 1.14579
5.21704e-008 1.18722
5.23704e-008 1.12265
5.25704e-008 0.98869
5.27704e-008 0.955889
5.29704e-008 1.07881
5.31704e-008 1.16167
5.33704e-008 1.08985
5.35704e-008 1.017
5.37704e-008 1.0315
5.39704e-008 1.0498
5.41704e-008 1.05947
5.43704e-008 1.10021
5.45704e-008 1.12231
5.47704e-008 1.09365
5.49704e-008 1.06603
5.51704e-008 1.06776
5.53704e-008 1.07742
5.55704e-008 1.07915
5.57704e-008 1.08744
5.59704e-008 1.10056
5.61704e-008 1.08053
5.63704e-008 1.05809
5.65704e-008 1.09089
5.67704e-008 1.14233
5.69704e-008 1.14751
5.71704e-008 1.09883
5.73704e-008 1.11437
5.75704e-008 1.24695
5.77704e-008 1.31808
5.79704e-008 1.22934
5.81704e-008 1.1009
5.83704e-008 1.04739
5.85704e-008 1.08398
5.87704e-008 1.15546
5.89704e-008 1.16512
5.91704e-008 1.12162
5.93704e-008 1.1817
5.95704e-008 1.33879
5.97704e-008 1.32602
5.99704e-008 1.10263
6.01704e-008 0.991452
6.03704e-008 1.06707
6.05704e-008 1.0719
6.07704e-008 0.998702
6.09704e-008 1.02874
6.11704e-008 1.12058
6.13704e-008 1.18239
6.15704e-008 1.24764
6.17704e-008 1.2725
6.19704e-008 1.21553
6.21704e-008 1.18895
6.23704e-008 1.21242
6.25704e-008 1.18446
6.27704e-008 1.11126
6.29704e-008 1.07466
6.31704e-008 1.10988
6.33704e-008 1.15476
6.35704e-008 1.13439
6.37704e-008 1.0795
6.39704e-008 1.09123
6.41704e-008 1.19102
6.43704e-008 1.25213
6.45704e-008 1.20448
6.47704e-008 1.12542
6.49704e-008 1.07363
6.51704e-008 1.07225
6.53704e-008 1.08813
6.55704e-008 1.07052
6.57704e-008 1.08053
6.59704e-008 1.14544
6.61704e-008 1.17445
6.63704e-008 1.12852
6.65704e-008 1.11506
6.67704e-008 1.22624
6.69704e-008 1.33361
6.71704e-008 1.28597
6.73704e-008 1.16858
6.75704e-008 1.11609
6.77704e-008 1.08467
6.79704e-008 1.02391
6.81704e-008 1.03427
6.83704e-008 1.13543
6.85704e-008 1.20828
6.87704e-008 1.22969
6.89704e-008 1.20276
6.91704e-008 1.1009
6.93704e-008 1.02149
6.95704e-008 1.01942
6.97704e-008 1.02253
6.99704e-008 1.04359
7.01704e-008 1.0826
7.03704e-008 1.06638
7.05704e-008 1.05843
7.07704e-008 1.13923
7.09704e-008 1.22382
7.11704e-008 1.22347
7.13704e-008 1.14061
7.15704e-008 1.03841
7.17704e-008 0.989725
7.19704e-008 0.996631
7.21704e-008 1.05705
7.23704e-008 1.15028
7.25704e-008 1.18239
7.27704e-008 1.13957
7.29704e-008 1.10539
7.31704e-008 1.10988
7.33704e-008 1.1337
7.35704e-008 1.14993
7.37704e-008 1.11437
7.39704e-008 1.08606
7.41704e-008 1.16616
7.43704e-008 1.24661
7.45704e-008 1.22244
7.47704e-008 1.18722
7.49704e-008 1.19758
7.51704e-008 1.20207
7.53704e-008 1.14441
7.55704e-008 1.00319
7.57704e-008 0.888216
7.59704e-008 0.952781
7.61704e-008 1.09952
7.63704e-008 1.123
7.65704e-008 1.05809
7.67704e-008 1.05326
7.69704e-008 1.10919
7.71704e-008 1.12783
7.73704e-008 1.09193
7.75704e-008 1.09641
7.77704e-008 1.22071
7.79704e-008 1.40267
7.81704e-008 1.49658
7.83704e-008 1.43409
7.85704e-008 1.26422
7.87704e-008 1.12196
7.89704e-008 1.13301
7.91704e-008 1.21588
7.93704e-008 1.1924
7.95704e-008 1.08882
7.97704e-008 1.04255
7.99704e-008 1.07432
8.01704e-008 1.12093
8.03704e-008 1.13474
8.05704e-008 1.15615
8.07704e-008 1.22555
8.09704e-008 1.24212
8.11704e-008 1.19067
8.13704e-008 1.19067
8.15704e-008 1.17755
8.17704e-008 1.10574
8.19704e-008 1.11851
8.21704e-008 1.18135
8.23704e-008 1.14164
8.25704e-008 1.05084
8.27704e-008 1.0795
8.29704e-008 1.20863
8.31704e-008 1.1962
8.33704e-008 0.992833
8.35704e-008 0.898574
8.37704e-008 1.08157
8.39704e-008 1.32533
8.41704e-008 1.39438
8.43704e-008 1.28079
8.45704e-008 1.09331
8.47704e-008 0.995595
8.49704e-008 1.07052
8.51704e-008 1.16927
8.53704e-008 1.15131
8.55704e-008 1.08951
8.57704e-008 1.09987
8.59704e-008 1.11437
8.61704e-008 1.01562
8.63704e-008 0.889252
8.65704e-008 0.871298
8.67704e-008 0.962449
8.69704e-008 1.08364
8.71704e-008 1.14613
8.73704e-008 1.1703
8.75704e-008 1.21415
8.77704e-008 1.23349
8.79704e-008 1.2359
8.81704e-008 1.25282
8.83704e-008 1.24764
8.85704e-008 1.2397
8.87704e-008 1.2176
8.89704e-008 1.15787
8.91704e-008 1.15615
8.93704e-008 1.19827
8.95704e-008 1.15718
8.97704e-008 1.11644
8.99704e-008 1.22796
9.01704e-008 1.39991
9.03704e-008 1.46102
9.05704e-008 1.39024
9.07704e-008 1.25075
9.09704e-008 1.09952
9.11704e-008 1.03047
9.13704e-008 1.1009
9.15704e-008 1.2
9.17704e-008 1.1848
9.19704e-008 1.10194
9.21704e-008 1.09296
9.23704e-008 1.1306
9.25704e-008 1.10056
9.27704e-008 1.05429
9.29704e-008 1.07225
9.31704e-008 1.10539
9.33704e-008 1.1413
9.35704e-008 1.17514
9.37704e-008 1.15269
9.39704e-008 1.14475
9.41704e-008 1.21691
9.43704e-008 1.2656
9.45704e-008 1.23418
9.47704e-008 1.22969
9.49704e-008 1.31739
9.51704e-008 1.35951
9.53704e-008 1.25455
9.55704e-008 1.14026
9.57704e-008 1.14026
9.59704e-008 1.18964
9.61704e-008 1.1703
9.63704e-008 1.09089
9.65704e-008 1.05049
9.67704e-008 1.09745
9.69704e-008 1.20241
9.71704e-008 1.24177
9.73704e-008 1.16443
9.75704e-008 1.08295
9.77704e-008 1.07328
9.79704e-008 1.12991
9.81704e-008 1.20483
9.83704e-008 1.23176
9.85704e-008 1.22624
9.87704e-008 1.24971
9.89704e-008 1.27181
9.91704e-008 1.25973
9.93704e-008 1.25904
9.95704e-008 1.20966
9.97704e-008 1.08295
9.99704e-008 1.0574
1.001704e-007 1.16961
1.003704e-007 1.23521
1.005704e-007 1.17272
1.007704e-007 1.06534
1.009704e-007 1.00941
1.011704e-007 1.00561
1.013704e-007 0.999393
1.015704e-007 1.00768
1.017704e-007 1.07811
1.019704e-007 1.14303
1.021704e-007 1.12887
1.023704e-007 1.10263
1.025704e-007 1.07915
1.027704e-007 1.03634
1.029704e-007 1.05118
1.031704e-007 1.10401
1.033704e-007 1.12611
1.035704e-007 1.16961
1.037704e-007 1.21104
1.039704e-007 1.14475
1.041704e-007 1.03185
1.043704e-007 1.01838
1.045704e-007 1.11817
1.047704e-007 1.21933
1.049704e-007 1.26111
1.051704e-007 1.26352
1.053704e-007 1.18687
1.055704e-007 1.06292
1.057704e-007 1.05878
1.059704e-007 1.17652
1.061704e-007 1.23659
1.063704e-007 1.1924
1.065704e-007 1.13716
1.067704e-007 1.11437
1.069704e-007 1.14717
1.071704e-007 1.24108
1.073704e-007 1.29391
1.075704e-007 1.23521
1.077704e-007 1.16581
1.079704e-007 1.18687
1.081704e-007 1.26111
1.083704e-007 1.28769
1.085704e-007 1.20517
1.087704e-007 1.08226
1.089704e-007 1.05947
1.091704e-007 1.1268
1.093704e-007 1.16512
1.095704e-007 1.20759
1.097704e-007 1.29771
1.099704e-007 1.31462
1.101704e-007 1.23452
1.103704e-007 1.20345
1.105704e-007 1.26629
1.107704e-007 1.32947
1.109704e-007 1.34915
1.111704e-007 1.3022
1.113704e-007 1.18273
1.115704e-007 1.13716
1.117704e-007 1.2511
1.119704e-007 1.32464
1.121704e-007 1.20932
1.123704e-007 1.09158
1.125704e-007 1.13888
1.127704e-007 1.20552
1.129704e-007 1.18549
1.131704e-007 1.16685
1.133704e-007 1.12611
1.135704e-007 1.04186
1.137704e-007 1.05982
1.139704e-007 1.16098
1.141704e-007 1.18653
1.143704e-007 1.18101
1.145704e-007 1.21657
1.147704e-007 1.23176
1.149704e-007 1.22382
1.151704e-007 1.19482
1.153704e-007 1.12265
1.155704e-007 1.10815
1.157704e-007 1.15028
1.159704e-007 1.12438
1.161704e-007 1.07742
1.163704e-007 1.094
1.165704e-007 1.13785
1.167704e-007 1.17824
1.169704e-007 1.20932
1.171704e-007 1.2176
1.173704e-007 1.1779
1.175704e-007 1.09641
1.177704e-007 1.094
1.179704e-007 1.19792
1.181704e-007 1.23211
1.183704e-007 1.16236
1.185704e-007 1.11817
1.187704e-007 1.12956
1.189704e-007 1.19102
1.191704e-007 1.27216
1.193704e-007 1.26732
1.195704e-007 1.18342
1.197704e-007 1.11506
1.199704e-007 1.05671
1.201704e-007 0.993178
1.203704e-007 0.979367
1.205704e-007 1.00699
1.207704e-007 1.01942
1.209704e-007 1.046
1.211704e-007 1.08398
1.213704e-007 1.05533
1.215704e-007 1.01044
1.217704e-007 1.05015
1.219704e-007 1.10125
1.221704e-007 1.05947
1.223704e-007 0.983856
1.225704e-007 0.985582
1.227704e-007 1.06707
1.229704e-007 1.12473
1.231704e-007 1.12611
1.233704e-007 1.16236
1.235704e-007 1.23107
1.237704e-007 1.21968
1.239704e-007 1.1154
1.241704e-007 1.02045
1.243704e-007 1.00354
1.245704e-007 1.02874
1.247704e-007 1.04083
1.249704e-007 1.03496
1.251704e-007 1.04048
1.253704e-007 1.07742
1.255704e-007 1.15373
1.257704e-007 1.25386
1.259704e-007 1.31635
1.261704e-007 1.29322
1.263704e-007 1.2
1.265704e-007 1.14544
1.267704e-007 1.23625
1.269704e-007 1.34984
1.271704e-007 1.27803
1.273704e-007 1.11644
1.275704e-007 1.09054
1.277704e-007 1.13819
1.279704e-007 1.15891
1.281704e-007 1.24592
1.283704e-007 1.34639
1.285704e-007 1.30634
1.287704e-007 1.22624
1.289704e-007 1.23797
1.291704e-007 1.25904
1.293704e-007 1.20517
1.295704e-007 1.11368
1.297704e-007 1.11333
1.299704e-007 1.24281
1.301704e-007 1.32844
1.303704e-007 1.32188
1.305704e-007 1.33603
1.307704e-007 1.35709
1.309704e-007 1.35882
1.311704e-007 1.35226
1.313704e-007 1.29563
1.315704e-007 1.19102
1.317704e-007 1.09918
1.319704e-007 1.07086
1.321704e-007 1.10228
1.323704e-007 1.13129
1.325704e-007 1.13992
1.327704e-007 1.17686
1.329704e-007 1.26387
1.331704e-007 1.34604
1.333704e-007 1.35502
1.335704e-007 1.287
1.337704e-007 1.20863
1.339704e-007 1.21726
1.341704e-007 1.3015
1.343704e-007 1.32464
1.345704e-007 1.26974
1.347704e-007 1.23383
1.349704e-007 1.27526
1.351704e-007 1.37712
1.353704e-007 1.45066
1.355704e-007 1.42925
1.357704e-007 1.35468
1.359704e-007 1.32809
1.361704e-007 1.3564
1.363704e-007 1.35157
1.365704e-007 1.31704
1.367704e-007 1.31877
1.369704e-007 1.33154
1.371704e-007 1.33431
1.373704e-007 1.38541
1.375704e-007 1.43478
1.377704e-007 1.36814
1.379704e-007 1.29598
1.381704e-007 1.42787
1.383704e-007 1.66128
1.385704e-007 1.65886
1.387704e-007 1.43512
1.389704e-007 1.35537
1.391704e-007 1.47483
1.393704e-007 1.60327
1.395704e-007 1.66715
1.397704e-007 1.58048
1.399704e-007 1.4006
1.401704e-007 1.37228
1.403704e-007 1.44686
1.405704e-007 1.42304
1.407704e-007 1.38644
1.409704e-007 1.40681
1.411704e-007 1.4044
1.413704e-007 1.43892
1.415704e-007 1.5394
1.417704e-007 1.6378
1.419704e-007 1.71272
1.421704e-007 1.68406
1.423704e-007 1.54078
1.425704e-007 1.43892
1.427704e-007 1.4548
1.429704e-007 1.53663
1.431704e-007 1.61052
1.433704e-007 1.61743
1.435704e-007 1.58463
1.437704e-007 1.58394
1.439704e-007 1.59602
1.441704e-007 1.59947
1.443704e-007 1.62882
1.445704e-007 1.62744
1.447704e-007 1.56149
1.449704e-007 1.50763
1.451704e-007 1.46931
1.453704e-007 1.4517
1.455704e-007 1.47966
1.457704e-007 1.49451
1.459704e-007 1.51074
1.461704e-007 1.56633
1.463704e-007 1.60189
1.465704e-007 1.61639
1.467704e-007 1.62088
1.469704e-007 1.59671
1.471704e-007 1.59809
1.473704e-007 1.61846
1.475704e-007 1.56978
1.477704e-007 1.50176
1.479704e-007 1.50763
1.481704e-007 1.54388
1.483704e-007 1.57392
1.485704e-007 1.60396
1.487704e-007 1.61536
1.489704e-007 1.58739
1.491704e-007 1.49831
1.493704e-007 1.39093
1.495704e-007 1.39611
1.497704e-007 1.52179
1.499704e-007 1.58152
1.501704e-007 1.52386
1.503704e-007 1.51868
1.505704e-007 1.61639
1.507704e-007 1.69373
1.509704e-007 1.71721
1.511704e-007 1.71134
1.513704e-007 1.69235
1.515704e-007 1.72135
1.517704e-007 1.74897
1.519704e-007 1.71479
1.521704e-007 1.72619
1.523704e-007 1.7766
1.525704e-007 1.74483
1.527704e-007 1.70513
1.529704e-007 1.71548
1.531704e-007 1.6889
1.533704e-007 1.65264
1.535704e-007 1.67232
1.537704e-007 1.72377
1.539704e-007 1.78799
1.541704e-007 1.83564
1.543704e-007 1.85221
1.545704e-007 1.85359
1.547704e-007 1.7949
1.549704e-007 1.68752
1.551704e-007 1.68268
1.553704e-007 1.79455
1.555704e-007 1.85359
1.557704e-007 1.80007
1.559704e-007 1.71997
1.561704e-007 1.71376
1.563704e-007 1.77176
1.565704e-007 1.73724
1.567704e-007 1.63814
1.569704e-007 1.67302
1.571704e-007 1.76382
1.573704e-007 1.75726
1.575704e-007 1.75588
1.577704e-007 1.85877
1.579704e-007 1.98203
1.581704e-007 2.01967
1.583704e-007 1.98031
1.585704e-007 1.95683
1.587704e-007 1.95337
1.589704e-007 1.87224
1.591704e-007 1.75761
1.593704e-007 1.78005
1.595704e-007 1.92506
1.597704e-007 1.99619
1.599704e-007 1.93577
1.601704e-007 1.85014
1.603704e-007 1.83391
1.605704e-007 1.83564
1.607704e-007 1.71963
1.609704e-007 1.62364
1.611704e-007 1.74207
1.613704e-007 1.86878
1.615704e-007 1.83357
1.617704e-007 1.82252
1.619704e-007 1.93369
1.621704e-007 2.02968
1.623704e-007 2.02174
1.625704e-007 1.9879
1.627704e-007 2.02554
1.629704e-007 2.08354
1.631704e-007 2.06697
1.633704e-007 1.98652
1.635704e-007 1.86878
1.637704e-007 1.74759
1.639704e-007 1.74621
1.641704e-007 1.87327
1.643704e-007 1.94647
1.645704e-007 1.9147
1.647704e-007 1.88087
1.649704e-007 1.85048
1.651704e-007 1.78592
1.653704e-007 1.72998
1.655704e-007 1.73309
1.657704e-007 1.83978
1.659704e-007 2.03728
1.661704e-007 2.12152
1.663704e-007 2.00551
1.665704e-007 1.93024
1.667704e-007 2.01449
1.669704e-007 2.12187
1.671704e-007 2.11496
1.673704e-007 1.97789
1.675704e-007 1.88225
1.677704e-007 1.93128
1.679704e-007 1.97892
1.681704e-007 1.96339
1.683704e-007 1.96408
1.685704e-007 1.96063
1.687704e-007 1.9368
1.689704e-007 1.91919
1.691704e-007 1.86706
1.693704e-007 1.82217
1.695704e-007 1.90124
1.697704e-007 2.05247
1.699704e-007 2.15052
1.701704e-007 2.14293
1.703704e-007 2.00033
1.705704e-007 1.89157
1.707704e-007 2.00378
1.709704e-007 2.13222
1.711704e-007 2.12118
1.713704e-007 2.13948
1.715704e-007 2.18678
1.717704e-007 2.1526
1.719704e-007 2.13499
1.721704e-007 2.15363
1.723704e-007 2.07836
1.725704e-007 1.95752
1.727704e-007 1.9002
1.729704e-007 1.9223
1.731704e-007 2.05592
1.733704e-007 2.21198
1.735704e-007 2.2289
1.737704e-007 2.16019
1.739704e-007 2.14638
1.741704e-007 2.1671
1.743704e-007 2.17711
1.745704e-007 2.23822
1.747704e-007 2.33248
1.749704e-007 2.31038
1.751704e-007 2.17228
1.753704e-007 2.10288
1.755704e-007 2.12843
1.757704e-007 2.12566
1.759704e-007 2.11289
1.761704e-007 2.14327
1.763704e-007 2.15812
1.765704e-007 2.19541
1.767704e-007 2.3349
1.769704e-007 2.42432
1.771704e-007 2.32937
1.773704e-007 2.19196
1.775704e-007 2.12739
1.777704e-007 2.10875
1.779704e-007 2.12118
1.781704e-007 2.1412
1.783704e-007 2.15398
1.785704e-007 2.20577
1.787704e-007 2.29623
1.789704e-007 2.35251
1.791704e-007 2.37357
1.793704e-007 2.40671
1.795704e-007 2.45609
1.797704e-007 2.46161
1.799704e-007 2.37012
1.801704e-007 2.23995
1.803704e-007 2.16295
1.805704e-007 2.18125
1.807704e-007 2.27655
1.809704e-007 2.36597
1.811704e-007 2.35182
1.813704e-007 2.26274
1.815704e-007 2.23995
1.817704e-007 2.28587
1.819704e-007 2.30728
1.821704e-007 2.29726
1.823704e-007 2.28725
1.825704e-007 2.29934
1.827704e-007 2.31763
1.829704e-007 2.33006
1.831704e-007 2.32834
1.833704e-007 2.30175
1.835704e-007 2.30451
1.837704e-007 2.36977
1.839704e-007 2.44469
1.841704e-007 2.43641
1.843704e-007 2.34249
1.845704e-007 2.29381
1.847704e-007 2.36563
1.849704e-007 2.50305
1.851704e-007 2.58833
1.853704e-007 2.54828
1.855704e-007 2.46403
1.857704e-007 2.48509
1.859704e-007 2.59799
1.861704e-007 2.6377
1.863704e-007 2.54551
1.865704e-007 2.4371
1.867704e-007 2.41293
1.869704e-007 2.41914
1.871704e-007 2.38324
1.873704e-007 2.3677
1.875704e-007 2.38634
1.877704e-007 2.33214
1.879704e-007 2.2731
1.881704e-007 2.3387
1.883704e-007 2.40292
1.885704e-007 2.36666
1.887704e-007 2.36563
1.889704e-007 2.44573
1.891704e-007 2.47301
1.893704e-007 2.44193
1.895704e-007 2.47853
1.897704e-007 2.60145
1.899704e-007 2.69502
1.901704e-007 2.62907
1.903704e-007 2.47819
1.905704e-007 2.46368
1.907704e-007 2.58833
1.909704e-007 2.67533
1.911704e-007 2.69225
1.913704e-007 2.6812
1.915704e-007 2.63045
1.917704e-007 2.56278
1.919704e-007 2.5248
1.921704e-007 2.55656
1.923704e-007 2.64461
1.925704e-007 2.68397
1.927704e-007 2.6667
1.929704e-007 2.64909
1.931704e-007 2.59592
1.933704e-007 2.52929
1.935704e-007 2.48095
1.937704e-007 2.44366
1.939704e-007 2.50063
1.941704e-007 2.6415
1.943704e-007 2.71159
1.945704e-007 2.68638
1.947704e-007 2.63494
1.949704e-007 2.59558
1.951704e-007 2.57831
1.953704e-007 2.53067
1.955704e-007 2.48647
1.957704e-007 2.5317
1.959704e-007 2.59454
1.961704e-007 2.59834
1.963704e-007 2.57831
1.965704e-007 2.57175
1.967704e-007 2.55518
1.969704e-007 2.49683
1.971704e-007 2.43882
1.973704e-007 2.43952
1.975704e-007 2.5027
1.977704e-007 2.59868
1.979704e-007 2.6743
1.981704e-007 2.67844
1.983704e-007 2.64426
1.985704e-007 2.65531
1.987704e-007 2.69363
1.989704e-007 2.71228
1.991704e-007 2.73817
1.993704e-007 2.76303
1.995704e-007 2.78479
1.997704e-007 2.80585
1.999704e-007 2.76234
2.001704e-007 2.65324
2.003704e-007 2.56657
2.005704e-007 2.59696
2.007704e-007 2.74439
2.009704e-007 2.85798
2.011704e-007 2.82242
2.013704e-007 2.69709
2.015704e-007 2.60525
2.017704e-007 2.61767
2.019704e-007 2.72816
2.021704e-007 2.85695
2.023704e-007 2.89424
2.025704e-007 2.83105
2.027704e-007 2.77788
2.029704e-007 2.78375
2.031704e-007 2.81413
2.033704e-007 2.85349
2.035704e-007 2.89976
2.037704e-007 2.90218
2.039704e-007 2.81137
2.041704e-007 2.72574
2.043704e-007 2.75129
2.045704e-007 2.77754
2.047704e-007 2.70917
2.049704e-007 2.68776
2.051704e-007 2.79307
2.053704e-007 2.868
2.055704e-007 2.86558
2.057704e-007 2.89527
2.059704e-007 2.94188
2.061704e-007 2.96847
2.063704e-007 2.99471
2.065704e-007 2.9954
2.067704e-007 2.95431
2.069704e-007 2.897
2.071704e-007 2.90321
2.073704e-007 2.96847
2.075704e-007 2.96502
2.077704e-007 2.9077
2.079704e-007 2.89113
2.081704e-007 2.90632
2.083704e-007 2.94844
2.085704e-007 2.98953
2.087704e-007 2.96709
2.089704e-007 2.92393
2.091704e-007 2.91841
2.093704e-007 2.90977
2.095704e-007 2.8093
2.097704e-007 2.67948
2.099704e-007 2.7361
2.101704e-007 2.96364
2.103704e-007 3.11555
2.105704e-007 3.0976
2.107704e-007 3.01094
2.109704e-007 2.9702
2.111704e-007 2.98746
2.113704e-007 2.97261
2.115704e-007 2.90563
2.117704e-007 2.85557
2.119704e-007 2.85142
2.121704e-007 2.87697
2.123704e-007 2.89665
2.125704e-007 2.92669
2.127704e-007 2.98504
2.129704e-007 2.98401
2.131704e-007 2.91979
2.133704e-007 2.89976
2.135704e-007 2.90529
2.137704e-007 2.89078
2.139704e-007 2.92669
2.141704e-007 3.0099
2.143704e-007 3.06894
2.145704e-007 3.08172
2.147704e-007 3.00196
2.149704e-007 2.87352
2.151704e-007 2.84762
2.153704e-007 2.92669
2.155704e-007 3.003
2.157704e-007 3.01059
2.159704e-007 2.99885
2.161704e-007 3.09242
2.163704e-007 3.21672
2.165704e-007 3.20325
2.167704e-007 3.11279
2.169704e-007 3.05755
2.171704e-007 3.01646
2.173704e-007 2.96502
2.175704e-007 2.94948
2.177704e-007 3.04892
2.179704e-007 3.19635
2.181704e-007 3.2105
2.183704e-007 3.12108
2.185704e-007 3.06791
2.187704e-007 3.061
2.189704e-007 3.04236
2.191704e-007 2.99298
2.193704e-007 3.00438
2.195704e-007 3.10209
2.197704e-007 3.13006
2.199704e-007 3.061
2.201704e-007 3.00818
2.203704e-007 3.00507
2.205704e-007 3.04305
2.207704e-007 3.06618
2.209704e-007 3.07136
2.211704e-007 3.10934
2.213704e-007 3.14318
2.215704e-007 3.18495
2.217704e-007 3.28646
2.219704e-007 3.36173
2.221704e-007 3.28681
2.223704e-007 3.14939
2.225704e-007 3.16424
2.227704e-007 3.29371
2.229704e-007 3.29579
2.231704e-007 3.17356
2.233704e-007 3.13454
2.235704e-007 3.16562
2.237704e-007 3.16493
2.239704e-007 3.16286
2.241704e-007 3.1746
2.243704e-007 3.20084
2.245704e-007 3.21672
2.247704e-007 3.19117
2.249704e-007 3.21016
2.251704e-007 3.28094
2.253704e-007 3.26506
2.255704e-007 3.19082
2.257704e-007 3.19497
2.259704e-007 3.24469
2.261704e-007 3.25815
2.263704e-007 3.25539
2.265704e-007 3.31685
2.267704e-007 3.41559
2.269704e-007 3.39488
2.271704e-007 3.26609
2.273704e-007 3.18875
2.275704e-007 3.17563
2.277704e-007 3.17356
2.279704e-007 3.18599
2.281704e-007 3.17977
2.283704e-007 3.16182
2.285704e-007 3.22397
2.287704e-007 3.30614
2.289704e-007 3.26782
2.291704e-007 3.19393
2.293704e-007 3.23951
2.295704e-007 3.33549
2.297704e-007 3.3714
2.299704e-007 3.35034
2.301704e-007 3.27852
2.303704e-007 3.20809
2.305704e-007 3.23087
2.307704e-007 3.3058
2.309704e-007 3.33204
2.311704e-007 3.32548
2.313704e-007 3.33791
2.315704e-007 3.37796
2.317704e-007 3.39799
2.319704e-007 3.35793
2.321704e-007 3.2944
2.323704e-007 3.23329
2.325704e-007 3.22328
2.327704e-007 3.31616
2.329704e-007 3.40455
2.331704e-007 3.33549
2.333704e-007 3.14076
2.335704e-007 3.01405
2.337704e-007 3.1266
2.339704e-007 3.42319
2.341704e-007 3.61171
2.343704e-007 3.53955
2.345704e-007 3.40075
2.347704e-007 3.34171
2.349704e-007 3.32582
2.351704e-007 3.35932
2.353704e-007 3.41836
2.355704e-007 3.42595
2.357704e-007 3.36449
2.359704e-007 3.28784
2.361704e-007 3.27334
2.363704e-007 3.31581
2.365704e-007 3.33342
2.367704e-007 3.32375
2.369704e-007 3.35862
2.371704e-007 3.40765
2.373704e-007 3.41145
2.375704e-007 3.42871
2.377704e-007 3.47878
2.379704e-007 3.48983
2.381704e-007 3.47602
2.383704e-007 3.46877
2.385704e-007 3.47153
2.387704e-007 3.54024
2.389704e-007 3.61723
2.391704e-007 3.60791
2.393704e-007 3.57891
2.395704e-007 3.56372
2.397704e-007 3.52505
2.399704e-007 3.49466
2.401704e-007 3.46497
2.403704e-007 3.43182
2.405704e-007 3.50675
2.407704e-007 3.6528
2.409704e-007 3.6856
2.411704e-007 3.59168
2.413704e-007 3.50813
2.415704e-007 3.51469
2.417704e-007 3.54438
2.419704e-007 3.52781
2.421704e-007 3.48948
2.423704e-007 3.46152
2.425704e-007 3.46531
2.427704e-007 3.48637
2.429704e-007 3.4698
2.431704e-007 3.44563
2.433704e-007 3.49846
2.435704e-007 3.5796
2.437704e-007 3.57649
2.439704e-007 3.51503
2.441704e-007 3.46462
2.443704e-007 3.42595
2.445704e-007 3.44011
2.447704e-007 3.54438
2.449704e-007 3.62897
2.451704e-007 3.55474
2.453704e-007 3.42561
2.455704e-007 3.44322
2.457704e-007 3.52677
2.459704e-007 3.54507
2.461704e-007 3.55439
2.463704e-007 3.53161
2.465704e-007 3.43389
2.467704e-007 3.37589
2.469704e-007 3.45634
2.471704e-007 3.59997
2.473704e-007 3.66246
2.475704e-007 3.6231
2.477704e-007 3.59134
2.479704e-007 3.59686
2.481704e-007 3.58719
2.483704e-007 3.61343
2.485704e-007 3.69181
2.487704e-007 3.68698
2.489704e-007 3.54852
2.491704e-007 3.41767
2.493704e-007 3.43389
2.495704e-007 3.51538
2.497704e-007 3.50088
2.499704e-007 3.45565
2.501704e-007 3.50226
2.503704e-007 3.56751
2.505704e-007 3.58201
2.507704e-007 3.5979
2.509704e-007 3.63277
2.511704e-007 3.67213
2.513704e-007 3.74982
2.515704e-007 3.82888
2.517704e-007 3.78538
2.519704e-007 3.65694
2.521704e-007 3.59824
