-2.480131e-007 10.1787
-2.478131e-007 10.1321
-2.476131e-007 10.0759
-2.474131e-007 10.0417
-2.472131e-007 9.98333
-2.470131e-007 9.9412
-2.468131e-007 9.93602
-2.466131e-007 9.93671
-2.464131e-007 9.93741
-2.462131e-007 9.94811
-2.460131e-007 10.0172
-2.458131e-007 10.1135
-2.456131e-007 10.1218
-2.454131e-007 10.07
-2.452131e-007 10.0848
-2.450131e-007 10.1418
-2.448131e-007 10.1
-2.446131e-007 9.9778
-2.444131e-007 9.90909
-2.442131e-007 9.87422
-2.440131e-007 9.83969
-2.438131e-007 9.92532
-2.436131e-007 10.0648
-2.434131e-007 10.0258
-2.432131e-007 9.89908
-2.430131e-007 9.88458
-2.428131e-007 9.93568
-2.426131e-007 9.96537
-2.424131e-007 9.96744
-2.422131e-007 9.99161
-2.420131e-007 10.0765
-2.418131e-007 10.1518
-2.416131e-007 10.1473
-2.414131e-007 10.0886
-2.412131e-007 10.0396
-2.410131e-007 10.0437
-2.408131e-007 10.0724
-2.406131e-007 10.0462
-2.404131e-007 9.97262
-2.402131e-007 9.92463
-2.400131e-007 9.9343
-2.398131e-007 9.9854
-2.396131e-007 10.0306
-2.394131e-007 10.0824
-2.392131e-007 10.0855
-2.390131e-007 9.92739
-2.388131e-007 9.81863
-2.386131e-007 9.92636
-2.384131e-007 9.99783
-2.382131e-007 9.92567
-2.380131e-007 9.88872
-2.378131e-007 9.98091
-2.376131e-007 10.1221
-2.374131e-007 10.158
-2.372131e-007 10.1
-2.370131e-007 10.0824
-2.368131e-007 10.1093
-2.366131e-007 10.156
-2.364131e-007 10.1946
-2.362131e-007 10.148
-2.360131e-007 10.0213
-2.358131e-007 9.8756
-2.356131e-007 9.78272
-2.354131e-007 9.82174
-2.352131e-007 9.96226
-2.350131e-007 10.0482
-2.348131e-007 9.99541
-2.346131e-007 9.93913
-2.344131e-007 10.0182
-2.342131e-007 10.0969
-2.340131e-007 10.0175
-2.338131e-007 9.93084
-2.336131e-007 9.97608
-2.334131e-007 10.0534
-2.332131e-007 10.0828
-2.330131e-007 10.0551
-2.328131e-007 10.0265
-2.326131e-007 10.0496
-2.324131e-007 10.0562
-2.322131e-007 10.0493
-2.320131e-007 10.1104
-2.318131e-007 10.1346
-2.316131e-007 10.0002
-2.314131e-007 9.85972
-2.312131e-007 9.8283
-2.310131e-007 9.8207
-2.308131e-007 9.85765
-2.306131e-007 9.93775
-2.304131e-007 9.91876
-2.302131e-007 9.85178
-2.300131e-007 9.87042
-2.298131e-007 9.9557
-2.296131e-007 10.052
-2.294131e-007 10.0769
-2.292131e-007 10.0096
-2.290131e-007 9.94742
-2.288131e-007 9.90771
-2.286131e-007 9.92567
-2.284131e-007 10.0424
-2.282131e-007 10.1076
-2.280131e-007 10.0444
-2.278131e-007 9.96986
-2.276131e-007 9.94742
-2.274131e-007 9.95398
-2.272131e-007 9.96192
-2.270131e-007 9.97262
-2.268131e-007 9.97366
-2.266131e-007 9.9267
-2.264131e-007 9.88872
-2.262131e-007 9.93602
-2.260131e-007 10.0196
-2.258131e-007 10.0841
-2.256131e-007 10.1321
-2.254131e-007 10.128
-2.252131e-007 10.0455
-2.250131e-007 9.95467
-2.248131e-007 9.95329
-2.246131e-007 10.0486
-2.244131e-007 10.1556
-2.242131e-007 10.1687
-2.240131e-007 10.0393
-2.238131e-007 9.87318
-2.236131e-007 9.84142
-2.234131e-007 9.93084
-2.232131e-007 10.0002
-2.230131e-007 9.99092
-2.228131e-007 9.92152
-2.226131e-007 9.90322
-2.224131e-007 9.99817
-2.222131e-007 10.0683
-2.220131e-007 10.0462
-2.218131e-007 10.0272
-2.216131e-007 10.0199
-2.214131e-007 10.0016
-2.212131e-007 10.052
-2.210131e-007 10.1411
-2.208131e-007 10.1097
-2.206131e-007 9.96952
-2.204131e-007 9.87008
-2.202131e-007 9.86386
-2.200131e-007 9.92636
-2.198131e-007 10.0234
-2.196131e-007 10.11
-2.194131e-007 10.1287
-2.192131e-007 10.0627
-2.190131e-007 9.99265
-2.188131e-007 9.98194
-2.186131e-007 9.99092
-2.184131e-007 9.96296
-2.182131e-007 9.90599
-2.180131e-007 9.87491
-2.178131e-007 9.92774
-2.176131e-007 10.0099
-2.174131e-007 9.9854
-2.172131e-007 9.89425
-2.170131e-007 9.88492
-2.168131e-007 9.97987
-2.166131e-007 10.1111
-2.164131e-007 10.187
-2.162131e-007 10.1466
-2.160131e-007 10.033
-2.158131e-007 9.9343
-2.156131e-007 9.89701
-2.154131e-007 9.92739
-2.152131e-007 9.99196
-2.150131e-007 10.0237
-2.148131e-007 10.012
-2.146131e-007 9.99852
-2.144131e-007 9.98816
-2.142131e-007 9.97849
-2.140131e-007 10.0327
-2.138131e-007 10.1422
-2.136131e-007 10.1815
-2.134131e-007 10.1352
-2.132131e-007 10.0866
-2.130131e-007 10.0769
-2.128131e-007 10.0683
-2.126131e-007 10.0234
-2.124131e-007 9.9999
-2.122131e-007 10.0406
-2.120131e-007 10.0945
-2.118131e-007 10.0759
-2.116131e-007 9.9526
-2.114131e-007 9.84246
-2.112131e-007 9.88113
-2.110131e-007 9.9854
-2.108131e-007 9.98194
-2.106131e-007 9.92221
-2.104131e-007 9.97159
-2.102131e-007 10.0648
-2.100131e-007 10.099
-2.098131e-007 10.1546
-2.096131e-007 10.1863
-2.094131e-007 10.08
-2.092131e-007 9.92428
-2.090131e-007 9.87767
-2.088131e-007 10.013
-2.086131e-007 10.2026
-2.084131e-007 10.2174
-2.082131e-007 10.0814
-2.080131e-007 10.013
-2.078131e-007 10.0179
-2.076131e-007 9.96365
-2.074131e-007 9.93015
-2.072131e-007 10.0147
-2.070131e-007 10.1201
-2.068131e-007 10.1135
-2.066131e-007 9.9557
-2.064131e-007 9.79792
-2.062131e-007 9.83313
-2.060131e-007 9.9526
-2.058131e-007 9.93223
-2.056131e-007 9.88285
-2.054131e-007 9.99679
-2.052131e-007 10.1411
-2.050131e-007 10.1366
-2.048131e-007 10.0317
-2.046131e-007 9.94707
-2.044131e-007 9.945
-2.042131e-007 10.0154
-2.040131e-007 10.1035
-2.038131e-007 10.1408
-2.036131e-007 10.1021
-2.034131e-007 10.0234
-2.032131e-007 9.94604
-2.030131e-007 9.91393
-2.028131e-007 9.93948
-2.026131e-007 9.95743
-2.024131e-007 9.92083
-2.022131e-007 9.88044
-2.020131e-007 9.86973
-2.018131e-007 9.82485
-2.016131e-007 9.76857
-2.014131e-007 9.79757
-2.012131e-007 9.87042
-2.010131e-007 9.90495
-2.008131e-007 9.93499
-2.006131e-007 9.97849
-2.004131e-007 9.99472
-2.002131e-007 9.9854
-2.000131e-007 9.945
-1.998131e-007 9.91324
-1.996131e-007 9.9709
-1.994131e-007 10.0451
-1.992131e-007 10.0375
-1.990131e-007 9.97711
-1.988131e-007 9.90668
-1.986131e-007 9.87146
-1.984131e-007 9.90495
-1.982131e-007 9.9488
-1.980131e-007 9.93982
-1.978131e-007 9.94362
-1.976131e-007 10.0151
-1.974131e-007 10.06
-1.972131e-007 10.0386
-1.970131e-007 10.0061
-1.968131e-007 9.97159
-1.966131e-007 9.95985
-1.964131e-007 9.9671
-1.962131e-007 9.94051
-1.960131e-007 9.89528
-1.958131e-007 9.87871
-1.956131e-007 9.91047
-1.954131e-007 9.92601
-1.952131e-007 9.89735
-1.950131e-007 9.94845
-1.948131e-007 10.0313
-1.946131e-007 9.96434
-1.944131e-007 9.84694
-1.942131e-007 9.86628
-1.940131e-007 9.97918
-1.938131e-007 10.0835
-1.936131e-007 10.1335
-1.934131e-007 10.1273
-1.932131e-007 10.1321
-1.930131e-007 10.1487
-1.928131e-007 10.0869
-1.926131e-007 9.98333
-1.924131e-007 9.95985
-1.922131e-007 9.99817
-1.920131e-007 10.0386
-1.918131e-007 10.0596
-1.916131e-007 10.0424
-1.914131e-007 10.0192
-1.912131e-007 9.9854
-1.910131e-007 9.94914
-1.908131e-007 9.98056
-1.906131e-007 10.0258
-1.904131e-007 9.974
-1.902131e-007 9.90806
-1.900131e-007 9.95985
-1.898131e-007 10.0002
-1.896131e-007 9.90599
-1.894131e-007 9.86041
-1.892131e-007 9.94569
-1.890131e-007 10.0217
-1.888131e-007 10.0479
-1.886131e-007 10.0431
-1.884131e-007 10.0341
-1.882131e-007 10.0665
-1.880131e-007 10.0696
-1.878131e-007 10.0044
-1.876131e-007 10.0141
-1.874131e-007 10.1397
-1.872131e-007 10.1884
-1.870131e-007 10.0614
-1.868131e-007 9.90599
-1.866131e-007 9.89977
-1.864131e-007 9.98333
-1.862131e-007 9.93292
-1.860131e-007 9.78687
-1.858131e-007 9.78997
-1.856131e-007 9.94086
-1.854131e-007 10.0417
-1.852131e-007 10.0327
-1.850131e-007 9.99748
-1.848131e-007 9.99196
-1.846131e-007 9.99161
-1.844131e-007 9.97055
-1.842131e-007 9.974
-1.840131e-007 10.0486
-1.838131e-007 10.1266
-1.836131e-007 10.1159
-1.834131e-007 10.0752
-1.832131e-007 10.0893
-1.830131e-007 10.0869
-1.828131e-007 10.0251
-1.826131e-007 9.97228
-1.824131e-007 9.95467
-1.822131e-007 9.95501
-1.820131e-007 9.95985
-1.818131e-007 9.97159
-1.816131e-007 9.974
-1.814131e-007 9.9381
-1.812131e-007 9.92498
-1.810131e-007 9.96641
-1.808131e-007 9.97331
-1.806131e-007 9.94949
-1.804131e-007 9.97262
-1.802131e-007 9.98954
-1.800131e-007 9.95363
-1.798131e-007 9.94638
-1.796131e-007 9.96882
-1.794131e-007 9.945
-1.792131e-007 9.91772
-1.790131e-007 9.91738
-1.788131e-007 9.8939
-1.786131e-007 9.88492
-1.784131e-007 9.9343
-1.782131e-007 9.99714
-1.780131e-007 10.0444
-1.778131e-007 10.0393
-1.776131e-007 10.0006
-1.774131e-007 10.0123
-1.772131e-007 10.0413
-1.770131e-007 10.0458
-1.768131e-007 10.07
-1.766131e-007 10.0883
-1.764131e-007 10.0752
-1.762131e-007 10.0755
-1.760131e-007 10.1031
-1.758131e-007 10.1335
-1.756131e-007 10.1235
-1.754131e-007 10.0658
-1.752131e-007 10.0507
-1.750131e-007 10.1097
-1.748131e-007 10.1556
-1.746131e-007 10.1494
-1.744131e-007 10.1
-1.742131e-007 9.96641
-1.740131e-007 9.77478
-1.738131e-007 9.71194
-1.736131e-007 9.88665
-1.734131e-007 10.1273
-1.732131e-007 10.243
-1.730131e-007 10.2333
-1.728131e-007 10.185
-1.726131e-007 10.1642
-1.724131e-007 10.1418
-1.722131e-007 10.042
-1.720131e-007 9.91669
-1.718131e-007 9.87664
-1.716131e-007 9.916
-1.714131e-007 9.99472
-1.712131e-007 10.0717
-1.710131e-007 10.0382
-1.708131e-007 9.92463
-1.706131e-007 9.90012
-1.704131e-007 9.94293
-1.702131e-007 9.9412
-1.700131e-007 9.91324
-1.698131e-007 9.94949
-1.696131e-007 10.0372
-1.694131e-007 9.98816
-1.692131e-007 9.80966
-1.690131e-007 9.79032
-1.688131e-007 9.95639
-1.686131e-007 10.0696
-1.684131e-007 10.0693
-1.682131e-007 10.0441
-1.680131e-007 10.0393
-1.678131e-007 10.0358
-1.676131e-007 9.98091
-1.674131e-007 9.8977
-1.672131e-007 9.89977
-1.670131e-007 9.95087
-1.668131e-007 9.93223
-1.666131e-007 9.91842
-1.664131e-007 9.96537
-1.662131e-007 9.98643
-1.660131e-007 9.96503
-1.658131e-007 9.96226
-1.656131e-007 10.0027
-1.654131e-007 10.0279
-1.652131e-007 10.0106
-1.650131e-007 10.0189
-1.648131e-007 10.0396
-1.646131e-007 10.0324
-1.644131e-007 10.0334
-1.642131e-007 10.0589
-1.640131e-007 10.089
-1.638131e-007 10.1007
-1.636131e-007 10.0841
-1.634131e-007 10.031
-1.632131e-007 9.93223
-1.630131e-007 9.84038
-1.628131e-007 9.8649
-1.626131e-007 9.99092
-1.624131e-007 10.0662
-1.622131e-007 10.0144
-1.620131e-007 9.91842
-1.618131e-007 9.88492
-1.616131e-007 9.90633
-1.614131e-007 9.93395
-1.612131e-007 9.97815
-1.610131e-007 10.0603
-1.608131e-007 10.1501
-1.606131e-007 10.1743
-1.604131e-007 10.0762
-1.602131e-007 9.9709
-1.600131e-007 10.0365
-1.598131e-007 10.138
-1.596131e-007 10.0803
-1.594131e-007 10.0037
-1.592131e-007 10.0341
-1.590131e-007 10.06
-1.588131e-007 10.0334
-1.586131e-007 10.0051
-1.584131e-007 9.96192
-1.582131e-007 9.92394
-1.580131e-007 9.92567
-1.578131e-007 9.92774
-1.576131e-007 9.93775
-1.574131e-007 9.97297
-1.572131e-007 9.9816
-1.570131e-007 9.95018
-1.568131e-007 9.88285
-1.566131e-007 9.81691
-1.564131e-007 9.83935
-1.562131e-007 9.86904
-1.560131e-007 9.80344
-1.558131e-007 9.78169
-1.556131e-007 9.8535
-1.554131e-007 9.90599
-1.552131e-007 9.98436
-1.550131e-007 10.071
-1.548131e-007 10.0413
-1.546131e-007 9.99127
-1.544131e-007 9.99817
-1.542131e-007 9.97469
-1.540131e-007 9.89666
-1.538131e-007 9.83521
-1.536131e-007 9.85247
-1.534131e-007 9.87836
-1.532131e-007 9.84625
-1.530131e-007 9.88078
-1.528131e-007 9.9816
-1.526131e-007 9.98091
-1.524131e-007 9.92325
-1.522131e-007 9.95053
-1.520131e-007 10.0462
-1.518131e-007 10.1114
-1.516131e-007 10.1325
-1.514131e-007 10.1518
-1.512131e-007 10.1529
-1.510131e-007 10.1249
-1.508131e-007 10.0721
-1.506131e-007 9.99852
-1.504131e-007 9.94776
-1.502131e-007 9.98816
-1.500131e-007 10.1273
-1.498131e-007 10.2136
-1.496131e-007 10.1394
-1.494131e-007 10.0431
-1.492131e-007 10.0507
-1.490131e-007 10.0641
-1.488131e-007 9.99748
-1.486131e-007 9.96986
-1.484131e-007 10.0396
-1.482131e-007 10.1042
-1.480131e-007 10.1332
-1.478131e-007 10.1214
-1.476131e-007 10.0655
-1.474131e-007 10.0078
-1.472131e-007 9.94224
-1.470131e-007 9.87353
-1.468131e-007 9.85005
-1.466131e-007 9.8756
-1.464131e-007 9.92394
-1.462131e-007 9.95191
-1.460131e-007 9.96675
-1.458131e-007 10.0614
-1.456131e-007 10.1988
-1.454131e-007 10.2012
-1.452131e-007 10.1004
-1.450131e-007 10.0911
-1.448131e-007 10.1356
-1.446131e-007 10.0966
-1.444131e-007 10.0555
-1.442131e-007 10.0897
-1.440131e-007 10.0717
-1.438131e-007 9.95363
-1.436131e-007 9.88769
-1.434131e-007 9.95087
-1.432131e-007 10.0586
-1.430131e-007 10.0707
-1.428131e-007 9.98298
-1.426131e-007 9.94086
-1.424131e-007 9.92601
-1.422131e-007 9.87871
-1.420131e-007 9.85558
-1.418131e-007 9.86455
-1.416131e-007 9.95053
-1.414131e-007 10.0966
-1.412131e-007 10.1484
-1.410131e-007 10.1159
-1.408131e-007 10.1014
-1.406131e-007 10.11
-1.404131e-007 10.1608
-1.402131e-007 10.2402
-1.400131e-007 10.1839
-1.398131e-007 9.96261
-1.396131e-007 9.82208
-1.394131e-007 9.85212
-1.392131e-007 9.91772
-1.390131e-007 9.96848
-1.388131e-007 10.0175
-1.386131e-007 10.051
-1.384131e-007 10.0462
-1.382131e-007 10.023
-1.380131e-007 10.0289
-1.378131e-007 10.0282
-1.376131e-007 9.9923
-1.374131e-007 10.0023
-1.372131e-007 10.0513
-1.370131e-007 10.031
-1.368131e-007 9.96261
-1.366131e-007 9.92636
-1.364131e-007 9.916
-1.362131e-007 9.93464
-1.360131e-007 10.0199
-1.358131e-007 10.1187
-1.356131e-007 10.1332
-1.354131e-007 10.1266
-1.352131e-007 10.1549
-1.350131e-007 10.1131
-1.348131e-007 10.0334
-1.346131e-007 9.97849
-1.344131e-007 9.85661
-1.342131e-007 9.7772
-1.340131e-007 9.89079
-1.338131e-007 10.0424
-1.336131e-007 10.0942
-1.334131e-007 10.1042
-1.332131e-007 10.1373
-1.330131e-007 10.1466
-1.328131e-007 10.0728
-1.326131e-007 10.0337
-1.324131e-007 10.1131
-1.322131e-007 10.1743
-1.320131e-007 10.1542
-1.318131e-007 10.0838
-1.316131e-007 9.99265
-1.314131e-007 9.96434
-1.312131e-007 9.9854
-1.310131e-007 9.96744
-1.308131e-007 9.9198
-1.306131e-007 9.93257
-1.304131e-007 10.0299
-1.302131e-007 10.1339
-1.300131e-007 10.1674
-1.298131e-007 10.1225
-1.296131e-007 10.0869
-1.294131e-007 10.0814
-1.292131e-007 10.0365
-1.290131e-007 10.0109
-1.288131e-007 10.0835
-1.286131e-007 10.1822
-1.284131e-007 10.1888
-1.282131e-007 10.081
-1.280131e-007 9.95743
-1.278131e-007 9.95432
-1.276131e-007 10.071
-1.274131e-007 10.1522
-1.272131e-007 10.1266
-1.270131e-007 10.0593
-1.268131e-007 9.98264
-1.266131e-007 9.91427
-1.264131e-007 9.89459
-1.262131e-007 9.88872
-1.260131e-007 9.86973
-1.258131e-007 9.91911
-1.256131e-007 10.0085
-1.254131e-007 10.0206
-1.252131e-007 10.0158
-1.250131e-007 10.0669
-1.248131e-007 10.0976
-1.246131e-007 10.0569
-1.244131e-007 9.98954
-1.242131e-007 9.96019
-1.240131e-007 9.99541
-1.238131e-007 10.0375
-1.236131e-007 10.0603
-1.234131e-007 10.1083
-1.232131e-007 10.118
-1.230131e-007 10.0503
-1.228131e-007 10.0248
-1.226131e-007 10.041
-1.224131e-007 9.97746
-1.222131e-007 9.8832
-1.220131e-007 9.90702
-1.218131e-007 10.0458
-1.216131e-007 10.1256
-1.214131e-007 10.0379
-1.212131e-007 9.91738
-1.210131e-007 9.91047
-1.208131e-007 9.91634
-1.206131e-007 9.85178
-1.204131e-007 9.88147
-1.202131e-007 10.0248
-1.200131e-007 10.0721
-1.198131e-007 10.0265
-1.196131e-007 10.0085
-1.194131e-007 10.0099
-1.192131e-007 10.0154
-1.190131e-007 10.0161
-1.188131e-007 9.9709
-1.186131e-007 9.93326
-1.184131e-007 9.94776
-1.182131e-007 9.95398
-1.180131e-007 9.98264
-1.178131e-007 10.0669
-1.176131e-007 10.1404
-1.174131e-007 10.1794
-1.172131e-007 10.1145
-1.170131e-007 9.92739
-1.168131e-007 9.84418
-1.166131e-007 9.94673
-1.164131e-007 10.0503
-1.162131e-007 10.0569
-1.160131e-007 10.0248
-1.158131e-007 10.0254
-1.156131e-007 10.0268
-1.154131e-007 9.97124
-1.152131e-007 9.90806
-1.150131e-007 9.89563
-1.148131e-007 9.87974
-1.146131e-007 9.81138
-1.144131e-007 9.79308
-1.142131e-007 9.89873
-1.140131e-007 10.0268
-1.138131e-007 10.0755
-1.136131e-007 10.06
-1.134131e-007 10.0192
-1.132131e-007 9.96848
-1.130131e-007 9.95467
-1.128131e-007 10.0106
-1.126131e-007 10.0879
-1.124131e-007 10.0938
-1.122131e-007 10.0368
-1.120131e-007 10.0393
-1.118131e-007 10.0938
-1.116131e-007 10.0444
-1.114131e-007 9.93119
-1.112131e-007 9.94466
-1.110131e-007 10.0324
-1.108131e-007 10.0652
-1.106131e-007 10.0669
-1.104131e-007 10.069
-1.102131e-007 10.0921
-1.100131e-007 10.0993
-1.098131e-007 10.05
-1.096131e-007 10.031
-1.094131e-007 10.0317
-1.092131e-007 9.98264
-1.090131e-007 9.99783
-1.088131e-007 10.0862
-1.086131e-007 10.1097
-1.084131e-007 10.0862
-1.082131e-007 10.0175
-1.080131e-007 9.88354
-1.078131e-007 9.8611
-1.076131e-007 9.97677
-1.074131e-007 10.0313
-1.072131e-007 10.0182
-1.070131e-007 10.0192
-1.068131e-007 9.99334
-1.066131e-007 9.91842
-1.064131e-007 9.85799
-1.062131e-007 9.87491
-1.060131e-007 9.96572
-1.058131e-007 10.0434
-1.056131e-007 10.0268
-1.054131e-007 9.96296
-1.052131e-007 9.94949
-1.050131e-007 9.9892
-1.048131e-007 10.0168
-1.046131e-007 10.0113
-1.044131e-007 10.0116
-1.042131e-007 10.0472
-1.040131e-007 10.0486
-1.038131e-007 9.93775
-1.036131e-007 9.85661
-1.034131e-007 9.9343
-1.032131e-007 9.99817
-1.030131e-007 9.94569
-1.028131e-007 9.93948
-1.026131e-007 10.002
-1.024131e-007 10.0027
-1.022131e-007 9.97953
-1.020131e-007 10.0065
-1.018131e-007 10.0241
-1.016131e-007 10.0196
-1.014131e-007 10.0341
-1.012131e-007 10.0634
-1.010131e-007 10.0786
-1.008131e-007 10.0959
-1.006131e-007 10.1515
-1.004131e-007 10.1649
-1.002131e-007 10.1062
-1.000131e-007 10.0828
-9.981308e-008 10.042
-9.961308e-008 9.90391
-9.941308e-008 9.81552
-9.921308e-008 9.84522
-9.901308e-008 9.8939
-9.881308e-008 9.95191
-9.861308e-008 9.98747
-9.841308e-008 9.94776
-9.821308e-008 9.90115
-9.801308e-008 9.92221
-9.781308e-008 9.9999
-9.761308e-008 10.0831
-9.741308e-008 10.1276
-9.721308e-008 10.0935
-9.701308e-008 10.0027
-9.681308e-008 9.95225
-9.661308e-008 9.9999
-9.641308e-008 10.0752
-9.621308e-008 10.0607
-9.601308e-008 9.98574
-9.581308e-008 9.97884
-9.561308e-008 10.0248
-9.541308e-008 10.0192
-9.521308e-008 9.96744
-9.501308e-008 9.95329
-9.481308e-008 10.0106
-9.461308e-008 10.0776
-9.441308e-008 10.0576
-9.421308e-008 9.98436
-9.401308e-008 9.97953
-9.381308e-008 10.0254
-9.361308e-008 10.0192
-9.341308e-008 9.9892
-9.321308e-008 10.0151
-9.301308e-008 10.0351
-9.281308e-008 9.98781
-9.261308e-008 9.96503
-9.241308e-008 10.0513
-9.221308e-008 10.1642
-9.201308e-008 10.1276
-9.181308e-008 9.95639
-9.161308e-008 9.87077
-9.141308e-008 9.92394
-9.121308e-008 9.97918
-9.101308e-008 9.96503
-9.081308e-008 9.92014
-9.061308e-008 9.90046
-9.041308e-008 9.90978
-9.021308e-008 9.92946
-9.001308e-008 9.96503
-8.981308e-008 10.0251
-8.961308e-008 10.0769
-8.941308e-008 10.0524
-8.921308e-008 9.98333
-8.901308e-008 9.96986
-8.881308e-008 10.0227
-8.861308e-008 10.0652
-8.841308e-008 10.0275
-8.821308e-008 9.98989
-8.801308e-008 10.0572
-8.781308e-008 10.1366
-8.761308e-008 10.0838
-8.741308e-008 9.94051
-8.721308e-008 9.86939
-8.701308e-008 9.89528
-8.681308e-008 9.94742
-8.661308e-008 9.97538
-8.641308e-008 9.94535
-8.621308e-008 9.91531
-8.601308e-008 9.92774
-8.581308e-008 9.94224
-8.561308e-008 9.9633
-8.541308e-008 9.99852
-8.521308e-008 10.0034
-8.501308e-008 9.98194
-8.481308e-008 9.974
-8.461308e-008 9.97918
-8.441308e-008 10.0379
-8.421308e-008 10.1539
-8.401308e-008 10.2167
-8.381308e-008 10.176
-8.361308e-008 10.0555
-8.341308e-008 9.92152
-8.321308e-008 9.91807
-8.301308e-008 10.0054
-8.281308e-008 9.9671
-8.261308e-008 9.88907
-8.241308e-008 9.96641
-8.221308e-008 10.0855
-8.201308e-008 10.1069
-8.181308e-008 10.0406
-8.161308e-008 9.99196
-8.141308e-008 10.0545
-8.121308e-008 10.1245
-8.101308e-008 10.1024
-8.081308e-008 10.0714
-8.061308e-008 10.06
-8.041308e-008 10.0448
-8.021308e-008 10.0648
-8.001308e-008 10.0765
-7.981308e-008 10.0403
-7.961308e-008 10.0351
-7.941308e-008 10.0793
-7.921308e-008 10.1173
-7.901308e-008 10.1359
-7.881308e-008 10.1301
-7.861308e-008 10.1007
-7.841308e-008 10.0714
-7.821308e-008 10.0065
-7.801308e-008 9.89563
-7.781308e-008 9.86904
-7.761308e-008 9.9526
-7.741308e-008 10.0206
-7.721308e-008 10.0562
-7.701308e-008 10.1011
-7.681308e-008 10.1494
-7.661308e-008 10.1508
-7.641308e-008 10.0586
-7.621308e-008 9.95156
-7.601308e-008 9.92636
-7.581308e-008 9.96468
-7.561308e-008 10.0165
-7.541308e-008 10.0303
-7.521308e-008 9.96296
-7.501308e-008 9.88182
-7.481308e-008 9.90046
-7.461308e-008 9.97815
-7.441308e-008 9.99541
-7.421308e-008 9.97366
-7.401308e-008 9.98436
-7.381308e-008 10.0182
-7.361308e-008 10.0472
-7.341308e-008 10.0451
-7.321308e-008 10.0023
-7.301308e-008 9.93464
-7.281308e-008 9.90495
-7.261308e-008 9.98333
-7.241308e-008 10.052
-7.221308e-008 9.99161
-7.201308e-008 9.95916
-7.181308e-008 10.0265
-7.161308e-008 10.06
-7.141308e-008 10.0676
-7.121308e-008 10.071
-7.101308e-008 9.99437
-7.081308e-008 9.945
-7.061308e-008 10.0213
-7.041308e-008 10.0634
-7.021308e-008 10.0265
-7.001308e-008 10.0227
-6.981308e-008 10.0037
-6.961308e-008 9.96434
-6.941308e-008 10.0013
-6.921308e-008 10.0279
-6.901308e-008 9.95674
-6.881308e-008 9.94569
-6.861308e-008 10.0776
-6.841308e-008 10.1577
-6.821308e-008 10.0714
-6.801308e-008 9.94017
-6.781308e-008 9.87457
-6.761308e-008 9.87491
-6.741308e-008 9.93844
-6.721308e-008 10.002
-6.701308e-008 9.95709
-6.681308e-008 9.89839
-6.661308e-008 9.96226
-6.641308e-008 10.004
-6.621308e-008 9.88423
-6.601308e-008 9.78618
-6.581308e-008 9.84073
-6.561308e-008 9.90253
-6.541308e-008 9.92256
-6.521308e-008 9.9961
-6.501308e-008 10.1035
-6.481308e-008 10.1687
-6.461308e-008 10.1874
-6.441308e-008 10.1843
-6.421308e-008 10.1784
-6.401308e-008 10.1567
-6.381308e-008 10.0855
-6.361308e-008 10.0251
-6.341308e-008 10.0513
-6.321308e-008 10.0911
-6.301308e-008 10.0824
-6.281308e-008 10.0765
-6.261308e-008 10.09
-6.241308e-008 10.0962
-6.221308e-008 10.1152
-6.201308e-008 10.1201
-6.181308e-008 10.0275
-6.161308e-008 9.91842
-6.141308e-008 9.91427
-6.121308e-008 9.99334
-6.101308e-008 10.0841
-6.081308e-008 10.0866
-6.061308e-008 9.96952
-6.041308e-008 9.86593
-6.021308e-008 9.88354
-6.001308e-008 9.96744
-5.981308e-008 10.0085
-5.961308e-008 9.9816
-5.941308e-008 9.96019
-5.921308e-008 9.97469
-5.901308e-008 9.95398
-5.881308e-008 9.89735
-5.861308e-008 9.89666
-5.841308e-008 9.91634
-5.821308e-008 9.87802
-5.801308e-008 9.8794
-5.781308e-008 9.97055
-5.761308e-008 10.0223
-5.741308e-008 9.98505
-5.721308e-008 9.94535
-5.701308e-008 9.95778
-5.681308e-008 10.0192
-5.661308e-008 10.089
-5.641308e-008 10.1021
-5.621308e-008 10.0286
-5.601308e-008 9.93533
-5.581308e-008 9.93015
-5.561308e-008 9.96019
-5.541308e-008 9.91462
-5.521308e-008 9.87698
-5.501308e-008 9.93602
-5.481308e-008 10.0016
-5.461308e-008 9.99058
-5.441308e-008 9.92118
-5.421308e-008 9.81587
-5.401308e-008 9.76097
-5.381308e-008 9.82174
-5.361308e-008 9.91393
-5.341308e-008 9.99817
-5.321308e-008 10.0828
-5.301308e-008 10.0845
-5.281308e-008 9.98022
-5.261308e-008 9.90288
-5.241308e-008 9.90322
-5.221308e-008 9.90668
-5.201308e-008 9.916
-5.181308e-008 9.95087
-5.161308e-008 9.9595
-5.141308e-008 9.93913
-5.121308e-008 9.95191
-5.101308e-008 9.99679
-5.081308e-008 10.0068
-5.061308e-008 9.92912
-5.041308e-008 9.80171
-5.021308e-008 9.77547
-5.001308e-008 9.91945
-4.981308e-008 10.1056
-4.961308e-008 10.1491
-4.941308e-008 10.0465
-4.921308e-008 10.0009
-4.901308e-008 10.0786
-4.881308e-008 10.119
-4.861308e-008 10.0703
-4.841308e-008 10.0196
-4.821308e-008 10.021
-4.801308e-008 10.0821
-4.781308e-008 10.1339
-4.761308e-008 10.1076
-4.741308e-008 10.0489
-4.721308e-008 10.04
-4.701308e-008 10.0572
-4.681308e-008 10.0427
-4.661308e-008 10.042
-4.641308e-008 10.0586
-4.621308e-008 10.0206
-4.601308e-008 9.94673
-4.581308e-008 9.90288
-4.561308e-008 9.91358
-4.541308e-008 9.96365
-4.521308e-008 10.0192
-4.501308e-008 10.0748
-4.481308e-008 10.1301
-4.461308e-008 10.1308
-4.441308e-008 10.0797
-4.421308e-008 10.0745
-4.401308e-008 10.1024
-4.381308e-008 10.0576
-4.361308e-008 9.97746
-4.341308e-008 9.96675
-4.321308e-008 10.002
-4.301308e-008 10.0261
-4.281308e-008 10.0217
-4.261308e-008 9.96848
-4.241308e-008 9.90909
-4.221308e-008 9.91876
-4.201308e-008 10.0182
-4.181308e-008 10.1453
-4.161308e-008 10.1753
-4.141308e-008 10.0551
-4.121308e-008 9.91945
-4.101308e-008 9.92843
-4.081308e-008 10.0206
-4.061308e-008 10.023
-4.041308e-008 9.94707
-4.021308e-008 9.93361
-4.001308e-008 10.0006
-3.981308e-008 10.0368
-3.961308e-008 9.99196
-3.941308e-008 9.96537
-3.921308e-008 9.98436
-3.901308e-008 9.9557
-3.881308e-008 9.90529
-3.861308e-008 9.89908
-3.841308e-008 9.92532
-3.821308e-008 9.93499
-3.801308e-008 9.88492
-3.781308e-008 9.87595
-3.761308e-008 10.033
-3.741308e-008 10.1981
-3.721308e-008 10.1539
-3.701308e-008 10.0179
-3.681308e-008 10.0034
-3.661308e-008 10.0683
-3.641308e-008 10.1024
-3.621308e-008 10.1232
-3.601308e-008 10.1087
-3.581308e-008 10.0103
-3.561308e-008 9.86214
-3.541308e-008 9.76995
-3.521308e-008 9.82174
-3.501308e-008 9.85765
-3.481308e-008 9.76097
-3.461308e-008 9.77064
-3.441308e-008 9.96296
-3.421308e-008 10.0993
-3.401308e-008 10.0655
-3.381308e-008 9.9778
-3.361308e-008 9.97469
-3.341308e-008 10.0486
-3.321308e-008 10.1159
-3.301308e-008 10.1228
-3.281308e-008 10.0814
-3.261308e-008 10.0776
-3.241308e-008 10.1024
-3.221308e-008 10.0676
-3.201308e-008 9.99161
-3.181308e-008 9.95743
-3.161308e-008 9.99368
-3.141308e-008 10.0493
-3.121308e-008 10.0759
-3.101308e-008 10.0551
-3.081308e-008 9.9961
-3.061308e-008 9.98436
-3.041308e-008 10.0009
-3.021308e-008 9.97642
-3.001308e-008 9.98333
-2.981308e-008 10.0172
-2.961308e-008 9.99265
-2.941308e-008 9.98298
-2.921308e-008 10.0662
-2.901308e-008 10.1301
-2.881308e-008 10.1
-2.861308e-008 10.0469
-2.841308e-008 9.97642
-2.821308e-008 9.90495
-2.801308e-008 9.92601
-2.781308e-008 9.98989
-2.761308e-008 10.0237
-2.741308e-008 10.0893
-2.721308e-008 10.1453
-2.701308e-008 10.0762
-2.681308e-008 9.94673
-2.661308e-008 9.88561
-2.641308e-008 9.90909
-2.621308e-008 9.97918
-2.601308e-008 10.0365
-2.581308e-008 10.0313
-2.561308e-008 10.0002
-2.541308e-008 9.97124
-2.521308e-008 9.96157
-2.501308e-008 10.0334
-2.481308e-008 10.1042
-2.461308e-008 10.0479
-2.441308e-008 9.96123
-2.421308e-008 9.94293
-2.401308e-008 9.93395
-2.381308e-008 9.92359
-2.361308e-008 9.93361
-2.341308e-008 9.95156
-2.321308e-008 10.0082
-2.301308e-008 10.0762
-2.281308e-008 10.0686
-2.261308e-008 10.0103
-2.241308e-008 9.98436
-2.221308e-008 10.0071
-2.201308e-008 10.0227
-2.181308e-008 9.97538
-2.161308e-008 9.94293
-2.141308e-008 10.0151
-2.121308e-008 10.0938
-2.101308e-008 10.0831
-2.081308e-008 10.031
-2.061308e-008 9.98678
-2.041308e-008 9.97918
-2.021308e-008 10.0237
-2.001308e-008 10.0296
-1.981308e-008 9.97159
-1.961308e-008 9.98333
-1.941308e-008 10.0306
-1.921308e-008 9.96468
-1.901308e-008 9.85937
-1.881308e-008 9.82692
-1.861308e-008 9.86283
-1.841308e-008 9.94914
-1.821308e-008 9.98643
-1.801308e-008 9.92567
-1.781308e-008 9.91531
-1.761308e-008 10.0444
-1.741308e-008 10.1888
-1.721308e-008 10.1915
-1.701308e-008 10.0783
-1.681308e-008 10.021
-1.661308e-008 10.0538
-1.641308e-008 10.071
-1.621308e-008 10.0634
-1.601308e-008 10.0772
-1.581308e-008 10.0638
-1.561308e-008 9.97746
-1.541308e-008 9.89839
-1.521308e-008 9.88044
-1.501308e-008 9.88941
-1.481308e-008 9.93982
-1.461308e-008 10.0192
-1.441308e-008 10.0065
-1.421308e-008 9.90944
-1.401308e-008 9.8504
-1.381308e-008 9.8649
-1.361308e-008 9.96468
-1.341308e-008 10.0465
-1.321308e-008 9.98436
-1.301308e-008 9.92532
-1.281308e-008 9.98471
-1.261308e-008 10.0465
-1.241308e-008 10.0772
-1.221308e-008 10.0886
-1.201308e-008 10.0182
-1.181308e-008 9.91427
-1.161308e-008 9.89356
-1.141308e-008 9.97642
-1.121308e-008 10.0748
-1.101308e-008 10.0451
-1.081308e-008 9.91462
-1.061308e-008 9.8832
-1.041308e-008 9.97366
-1.021308e-008 10.023
-1.001308e-008 9.96261
-9.81308e-009 9.87215
-9.61308e-009 9.8535
-9.41308e-009 9.92187
-9.21308e-009 10.0147
-9.01308e-009 10.0324
-8.81308e-009 9.96296
-8.61308e-009 9.91393
-8.41308e-009 9.90081
-8.21308e-009 9.9122
-8.01308e-009 9.95191
-7.81308e-009 9.95018
-7.61308e-009 9.94638
-7.41308e-009 10.0123
-7.21308e-009 10.0472
-7.01308e-009 9.99161
-6.81308e-009 9.92912
-6.61308e-009 9.89597
-6.41308e-009 9.89494
-6.21308e-009 9.92636
-6.01308e-009 9.94742
-5.81308e-009 9.98678
-5.61308e-009 10.0482
-5.41308e-009 10.0558
-5.21308e-009 10.0482
-5.01308e-009 10.0558
-4.81308e-009 10.0286
-4.61308e-009 10.0054
-4.41308e-009 10.051
-4.21308e-009 10.1073
-4.01308e-009 10.0765
-3.81308e-009 10.0141
-3.61308e-009 10.0165
-3.41308e-009 10.05
-3.21308e-009 10.0151
-3.01308e-009 9.86006
-2.81308e-009 9.71125
-2.61308e-009 9.75856
-2.41308e-009 9.93361
-2.21308e-009 10.0044
-2.01308e-009 9.95605
-1.81308e-009 9.8535
-1.61308e-009 9.5545
-1.41308e-009 8.88709
-1.21308e-009 7.81365
-1.01308e-009 6.49851
-8.130803e-010 5.23655
-6.130803e-010 4.17692
-4.130803e-010 3.33446
-2.130803e-010 2.62596
-1.308032e-011 2.01103
1.869197e-010 1.66991
3.869197e-010 1.60085
5.869197e-010 1.55079
7.869197e-010 1.48208
9.869197e-010 1.47448
1.18692e-009 1.47345
1.38692e-009 1.41924
1.58692e-009 1.32429
1.78692e-009 1.26767
1.98692e-009 1.28079
2.18692e-009 1.24868
2.38692e-009 1.17617
2.58692e-009 1.1962
2.78692e-009 1.23936
2.98692e-009 1.22278
3.18692e-009 1.23452
3.38692e-009 1.26801
3.58692e-009 1.23107
3.78692e-009 1.17375
3.98692e-009 1.16858
4.18692e-009 1.19723
4.38692e-009 1.24005
4.58692e-009 1.22244
4.78692e-009 1.12507
4.98692e-009 1.09952
5.18692e-009 1.20172
5.38692e-009 1.33051
5.58692e-009 1.39162
5.78692e-009 1.32533
5.98692e-009 1.19689
6.18692e-009 1.16788
6.38692e-009 1.20241
6.58692e-009 1.18826
6.78692e-009 1.20241
6.98692e-009 1.29011
7.18692e-009 1.38023
7.38692e-009 1.42338
7.58692e-009 1.39749
7.78692e-009 1.34294
7.98692e-009 1.33465
8.18692e-009 1.37298
8.38692e-009 1.38713
8.58692e-009 1.34535
8.78692e-009 1.2725
8.98692e-009 1.20828
9.18692e-009 1.21139
9.38692e-009 1.27734
9.58692e-009 1.30772
9.78692e-009 1.25075
9.98692e-009 1.17824
1.018692e-008 1.20794
1.038692e-008 1.30806
1.058692e-008 1.29667
1.078692e-008 1.18101
1.098692e-008 1.18101
1.118692e-008 1.31014
1.138692e-008 1.39473
1.158692e-008 1.38782
1.178692e-008 1.32602
1.198692e-008 1.22244
1.218692e-008 1.13267
1.238692e-008 1.14855
1.258692e-008 1.21588
1.278692e-008 1.18722
1.298692e-008 1.08744
1.318692e-008 1.05498
1.338692e-008 1.07915
1.358692e-008 1.05256
1.378692e-008 1.03323
1.398692e-008 1.14648
1.418692e-008 1.31152
1.438692e-008 1.38126
1.458692e-008 1.32705
1.478692e-008 1.17893
1.498692e-008 1.02978
1.518692e-008 1.04152
1.538692e-008 1.22589
1.558692e-008 1.33534
1.578692e-008 1.22969
1.598692e-008 1.1047
1.618692e-008 1.12542
1.638692e-008 1.19654
1.658692e-008 1.17686
1.678692e-008 1.123
1.698692e-008 1.15753
1.718692e-008 1.1993
1.738692e-008 1.16685
1.758692e-008 1.1306
1.778692e-008 1.07673
1.798692e-008 0.961068
1.818692e-008 0.906861
1.838692e-008 1.00492
1.858692e-008 1.14233
1.878692e-008 1.19585
1.898692e-008 1.16719
1.918692e-008 1.13163
1.938692e-008 1.16374
1.958692e-008 1.22002
1.978692e-008 1.18273
1.998692e-008 1.07432
2.018692e-008 0.986618
2.038692e-008 0.951055
2.058692e-008 0.978331
2.078692e-008 1.01942
2.098692e-008 1.01182
2.118692e-008 0.994904
2.138692e-008 1.01493
2.158692e-008 1.0498
2.178692e-008 1.09745
2.198692e-008 1.15649
2.218692e-008 1.17168
2.238692e-008 1.10228
2.258692e-008 0.976605
2.278692e-008 0.893395
2.298692e-008 0.941042
2.318692e-008 1.08191
2.338692e-008 1.17583
2.358692e-008 1.11506
2.378692e-008 0.965902
2.398692e-008 0.939661
2.418692e-008 1.08122
2.438692e-008 1.18929
2.458692e-008 1.14164
2.478692e-008 1.02494
2.498692e-008 0.95071
2.518692e-008 0.933446
2.538692e-008 0.951055
2.558692e-008 0.971771
2.578692e-008 0.972117
2.598692e-008 1.00872
2.618692e-008 1.08744
2.638692e-008 1.0902
2.658692e-008 1.00941
2.678692e-008 0.971771
2.698692e-008 1.01044
2.718692e-008 1.04566
2.738692e-008 1.0536
2.758692e-008 1.07708
2.778692e-008 1.12749
2.798692e-008 1.13612
2.818692e-008 1.04531
2.838692e-008 0.936209
2.858692e-008 0.920671
2.878692e-008 1.00699
2.898692e-008 1.10436
2.918692e-008 1.10608
2.938692e-008 1.06292
2.958692e-008 1.06154
2.978692e-008 1.03323
2.998692e-008 0.989725
3.018692e-008 1.06154
3.038692e-008 1.18826
3.058692e-008 1.18273
3.078692e-008 1.0826
3.098692e-008 1.0757
3.118692e-008 1.14233
3.138692e-008 1.14303
3.158692e-008 1.07501
3.178692e-008 1.0208
3.198692e-008 1.03772
3.218692e-008 1.094
3.238692e-008 1.09434
3.258692e-008 1.07466
3.278692e-008 1.09123
3.298692e-008 1.06051
3.318692e-008 0.999738
3.338692e-008 1.00112
3.358692e-008 1.01217
3.378692e-008 0.9697
3.398692e-008 0.940352
3.418692e-008 0.956925
3.438692e-008 0.971771
3.458692e-008 0.991797
3.478692e-008 1.01562
3.498692e-008 1.0063
3.518692e-008 1.00561
3.538692e-008 1.0643
3.558692e-008 1.13888
3.578692e-008 1.16512
3.598692e-008 1.11609
3.618692e-008 1.01597
3.638692e-008 0.923434
3.658692e-008 0.915838
3.678692e-008 1.01976
3.698692e-008 1.13198
3.718692e-008 1.14337
3.738692e-008 1.09883
3.758692e-008 1.0719
3.778692e-008 1.0467
3.798692e-008 1.05705
3.818692e-008 1.11299
3.838692e-008 1.10574
3.858692e-008 1.01769
3.878692e-008 0.948293
3.898692e-008 0.98869
3.918692e-008 1.09054
3.938692e-008 1.10884
3.958692e-008 1.07915
3.978692e-008 1.10919
3.998692e-008 1.13094
4.018692e-008 1.1047
4.038692e-008 1.09987
4.058692e-008 1.09745
4.078692e-008 1.0429
4.098692e-008 1.00319
4.118692e-008 1.04186
4.138692e-008 1.08985
4.158692e-008 1.08019
4.178692e-008 1.02771
4.198692e-008 1.01458
4.218692e-008 1.10539
4.238692e-008 1.19413
4.258692e-008 1.16961
4.278692e-008 1.10988
4.298692e-008 1.07915
4.318692e-008 1.03496
4.338692e-008 1.00733
4.358692e-008 1.08916
4.378692e-008 1.23521
4.398692e-008 1.26594
4.418692e-008 1.11678
4.438692e-008 0.949674
4.458692e-008 0.925505
4.478692e-008 0.962449
4.498692e-008 0.98938
4.518692e-008 1.0826
4.538692e-008 1.14993
4.558692e-008 1.08537
4.578692e-008 1.04152
4.598692e-008 1.13957
4.618692e-008 1.26352
4.638692e-008 1.2801
4.658692e-008 1.22209
4.678692e-008 1.19965
4.698692e-008 1.22485
4.718692e-008 1.21795
4.738692e-008 1.20552
4.758692e-008 1.23728
4.778692e-008 1.17652
4.798692e-008 1.00146
4.818692e-008 0.953472
4.838692e-008 1.06396
4.858692e-008 1.13612
4.878692e-008 1.14095
4.898692e-008 1.1306
4.918692e-008 1.11678
4.938692e-008 1.1268
4.958692e-008 1.11333
4.978692e-008 1.06085
4.998692e-008 1.04808
5.018692e-008 1.06223
5.038692e-008 1.05912
5.058692e-008 1.07432
5.078692e-008 1.14648
5.098692e-008 1.28597
5.118692e-008 1.42822
5.138692e-008 1.42891
5.158692e-008 1.25075
5.178692e-008 1.07363
5.198692e-008 1.05567
5.218692e-008 1.09745
5.238692e-008 1.10159
5.258692e-008 1.16374
5.278692e-008 1.26111
5.298692e-008 1.25075
5.318692e-008 1.13716
5.338692e-008 1.0284
5.358692e-008 0.999393
5.378692e-008 1.02529
5.398692e-008 1.07397
5.418692e-008 1.12404
5.438692e-008 1.09193
5.458692e-008 1.00941
5.478692e-008 0.983511
5.498692e-008 0.981439
5.518692e-008 0.955198
5.538692e-008 0.923779
5.558692e-008 0.91204
5.578692e-008 0.972807
5.598692e-008 1.12818
5.618692e-008 1.23556
5.638692e-008 1.1634
5.658692e-008 1.02805
5.678692e-008 1.00008
5.698692e-008 1.08088
5.718692e-008 1.14751
5.738692e-008 1.07466
5.758692e-008 0.940697
5.778692e-008 0.94484
5.798692e-008 1.03634
5.818692e-008 1.08398
5.838692e-008 1.14372
5.858692e-008 1.18239
5.878692e-008 1.15373
5.898692e-008 1.15338
5.918692e-008 1.16512
5.938692e-008 1.16823
5.958692e-008 1.20863
5.978692e-008 1.20034
5.998692e-008 1.09538
6.018692e-008 1.00906
6.038692e-008 1.017
6.058692e-008 1.09158
6.078692e-008 1.13336
6.098692e-008 1.06638
6.118692e-008 0.997667
6.138692e-008 1.03254
6.158692e-008 1.08916
6.178692e-008 1.1268
6.198692e-008 1.21829
6.218692e-008 1.31428
6.238692e-008 1.29356
6.258692e-008 1.2214
6.278692e-008 1.20725
6.298692e-008 1.18446
6.318692e-008 1.11402
6.338692e-008 1.1192
6.358692e-008 1.21139
6.378692e-008 1.22831
6.398692e-008 1.14613
6.418692e-008 1.10366
6.438692e-008 1.13025
6.458692e-008 1.14164
6.478692e-008 1.12335
6.498692e-008 1.11402
6.518692e-008 1.12852
6.538692e-008 1.16927
6.558692e-008 1.22106
6.578692e-008 1.21381
6.598692e-008 1.07363
6.618692e-008 0.920671
6.638692e-008 0.929303
6.658692e-008 1.03841
6.678692e-008 1.14441
6.698692e-008 1.26145
6.718692e-008 1.33223
6.738692e-008 1.26283
6.758692e-008 1.12956
6.778692e-008 1.10021
6.798692e-008 1.14717
6.818692e-008 1.12645
6.838692e-008 1.11195
6.858692e-008 1.1924
6.878692e-008 1.21381
6.898692e-008 1.10436
6.918692e-008 1.00664
6.938692e-008 0.991797
6.958692e-008 1.00768
6.978692e-008 1.02632
6.998692e-008 1.03737
7.018692e-008 1.06776
7.038692e-008 1.11851
7.058692e-008 1.09262
7.078692e-008 1.02253
7.098692e-008 1.02011
7.118692e-008 1.05498
7.138692e-008 1.08744
7.158692e-008 1.12956
7.178692e-008 1.17686
7.198692e-008 1.20069
7.218692e-008 1.16029
7.238692e-008 1.06292
7.258692e-008 0.979367
7.278692e-008 0.973843
7.298692e-008 1.02115
7.318692e-008 1.03668
7.338692e-008 1.01389
7.358692e-008 1.01251
7.378692e-008 1.03185
7.398692e-008 1.03841
7.418692e-008 1.03357
7.438692e-008 1.05187
7.458692e-008 1.11471
7.478692e-008 1.16236
7.498692e-008 1.15649
7.518692e-008 1.14993
7.538692e-008 1.14061
7.558692e-008 1.09572
7.578692e-008 1.07259
7.598692e-008 1.09158
7.618692e-008 1.08329
7.638692e-008 1.04013
7.658692e-008 1.01769
7.678692e-008 1.00388
7.698692e-008 0.983856
7.718692e-008 1.0467
7.738692e-008 1.16271
7.758692e-008 1.17928
7.778692e-008 1.14441
7.798692e-008 1.1848
7.818692e-008 1.24453
7.838692e-008 1.22762
7.858692e-008 1.17962
7.878692e-008 1.20379
7.898692e-008 1.28355
7.918692e-008 1.31186
7.938692e-008 1.26042
7.958692e-008 1.19136
7.978692e-008 1.15442
7.998692e-008 1.16512
8.018692e-008 1.19102
8.038692e-008 1.16202
8.058692e-008 1.09952
8.078692e-008 1.08916
8.098692e-008 1.11851
8.118692e-008 1.1413
8.138692e-008 1.13819
8.158692e-008 1.08606
8.178692e-008 1.01528
8.198692e-008 0.97695
8.218692e-008 0.999048
8.238692e-008 1.05084
8.258692e-008 1.07052
8.278692e-008 1.09158
8.298692e-008 1.13716
8.318692e-008 1.14579
8.338692e-008 1.14372
8.358692e-008 1.16305
8.378692e-008 1.14924
8.398692e-008 1.13716
8.418692e-008 1.14959
8.438692e-008 1.12507
8.458692e-008 1.11161
8.478692e-008 1.12749
8.498692e-008 1.09331
8.518692e-008 1.0208
8.538692e-008 0.997667
8.558692e-008 1.05878
8.578692e-008 1.15131
8.598692e-008 1.19309
8.618692e-008 1.12127
8.638692e-008 1.01873
8.658692e-008 1.02184
8.678692e-008 1.0795
8.698692e-008 1.07363
8.718692e-008 1.0284
8.738692e-008 1.0826
8.758692e-008 1.22624
8.778692e-008 1.30945
8.798692e-008 1.2984
8.818692e-008 1.21415
8.838692e-008 1.08295
8.858692e-008 1.02425
8.878692e-008 1.08191
8.898692e-008 1.10815
8.918692e-008 1.03979
8.938692e-008 1.01942
8.958692e-008 1.08157
8.978692e-008 1.1192
8.998692e-008 1.10884
9.018692e-008 1.05015
9.038692e-008 0.969354
9.058692e-008 1.00595
9.078692e-008 1.16616
9.098692e-008 1.23832
9.118692e-008 1.18411
9.138692e-008 1.14441
9.158692e-008 1.10919
9.178692e-008 1.07708
9.198692e-008 1.12093
9.218692e-008 1.14682
9.238692e-008 1.05153
9.258692e-008 0.934137
9.278692e-008 0.918254
9.298692e-008 0.996286
9.318692e-008 1.0795
9.338692e-008 1.1123
9.358692e-008 1.12818
9.378692e-008 1.17928
9.398692e-008 1.25731
9.418692e-008 1.27734
9.438692e-008 1.19171
9.458692e-008 1.11402
9.478692e-008 1.16236
9.498692e-008 1.25938
9.518692e-008 1.229
9.538692e-008 1.1085
9.558692e-008 1.07017
9.578692e-008 1.11057
9.598692e-008 1.14579
9.618692e-008 1.14199
9.638692e-008 1.08537
9.658692e-008 1.0574
9.678692e-008 1.1665
9.698692e-008 1.31083
9.718692e-008 1.2763
9.738692e-008 1.11713
9.758692e-008 1.06845
9.778692e-008 1.1413
9.798692e-008 1.17893
9.818692e-008 1.16409
9.838692e-008 1.21277
9.858692e-008 1.30185
9.878692e-008 1.27043
9.898692e-008 1.13094
9.918692e-008 1.04221
9.938692e-008 1.07259
9.958692e-008 1.14337
9.978692e-008 1.13232
9.998692e-008 1.07086
1.001869e-007 1.08847
1.003869e-007 1.14959
1.005869e-007 1.14026
1.007869e-007 1.09365
1.009869e-007 1.09365
1.011869e-007 1.09952
1.013869e-007 1.03461
1.015869e-007 0.944495
1.017869e-007 0.959342
1.019869e-007 1.12576
1.021869e-007 1.27354
1.023869e-007 1.20966
1.025869e-007 1.06258
1.027869e-007 1.05084
1.029869e-007 1.09849
1.031869e-007 1.08157
1.033869e-007 1.06914
1.035869e-007 1.094
1.037869e-007 1.13957
1.039869e-007 1.22209
1.041869e-007 1.23487
1.043869e-007 1.12335
1.045869e-007 1.05015
1.047869e-007 1.09849
1.049869e-007 1.18204
1.051869e-007 1.21277
1.053869e-007 1.16167
1.055869e-007 1.08088
1.057869e-007 1.04013
1.059869e-007 1.03185
1.061869e-007 1.05222
1.063869e-007 1.1154
1.065869e-007 1.17341
1.067869e-007 1.19274
1.069869e-007 1.18031
1.071869e-007 1.11644
1.073869e-007 1.06672
1.075869e-007 1.11609
1.077869e-007 1.15994
1.079869e-007 1.123
1.081869e-007 1.09572
1.083869e-007 1.07915
1.085869e-007 1.02805
1.087869e-007 1.02598
1.089869e-007 1.06568
1.091869e-007 1.02356
1.093869e-007 0.983856
1.095869e-007 1.08467
1.097869e-007 1.20932
1.099869e-007 1.22485
1.101869e-007 1.24281
1.103869e-007 1.36711
1.105869e-007 1.4479
1.107869e-007 1.31083
1.109869e-007 1.11817
1.111869e-007 1.14786
1.113869e-007 1.27837
1.115869e-007 1.23038
1.117869e-007 1.09054
1.119869e-007 1.05326
1.121869e-007 1.10056
1.123869e-007 1.18066
1.125869e-007 1.25524
1.127869e-007 1.30772
1.129869e-007 1.33396
1.131869e-007 1.27181
1.133869e-007 1.17686
1.135869e-007 1.15684
1.137869e-007 1.14993
1.139869e-007 1.0971
1.141869e-007 1.09158
1.143869e-007 1.17445
1.145869e-007 1.25766
1.147869e-007 1.32153
1.149869e-007 1.34881
1.151869e-007 1.28286
1.153869e-007 1.21968
1.155869e-007 1.23349
1.157869e-007 1.20483
1.159869e-007 1.10056
1.161869e-007 1.0536
1.163869e-007 1.13992
1.165869e-007 1.30323
1.167869e-007 1.35951
1.169869e-007 1.20241
1.171869e-007 1.02356
1.173869e-007 1.0101
1.175869e-007 1.07639
1.177869e-007 1.07673
1.179869e-007 1.01942
1.181869e-007 1.03427
1.183869e-007 1.13681
1.185869e-007 1.19758
1.187869e-007 1.19274
1.189869e-007 1.19378
1.191869e-007 1.19792
1.193869e-007 1.19896
1.195869e-007 1.20863
1.197869e-007 1.15718
1.199869e-007 1.08157
1.201869e-007 1.10712
1.203869e-007 1.15269
1.205869e-007 1.12404
1.207869e-007 1.08744
1.209869e-007 1.04324
1.211869e-007 0.974879
1.213869e-007 0.955198
1.215869e-007 0.961068
1.217869e-007 0.95727
1.219869e-007 0.985582
1.221869e-007 1.00802
1.223869e-007 1.03806
1.225869e-007 1.12852
1.227869e-007 1.18204
1.229869e-007 1.15787
1.231869e-007 1.16547
1.233869e-007 1.22244
1.235869e-007 1.26007
1.237869e-007 1.28562
1.239869e-007 1.27147
1.241869e-007 1.20379
1.243869e-007 1.15373
1.245869e-007 1.12818
1.247869e-007 1.13508
1.249869e-007 1.15649
1.251869e-007 1.10574
1.253869e-007 1.09158
1.255869e-007 1.22589
1.257869e-007 1.27561
1.259869e-007 1.13439
1.261869e-007 1.0719
1.263869e-007 1.15787
1.265869e-007 1.21691
1.267869e-007 1.23659
1.269869e-007 1.25731
1.271869e-007 1.21553
1.273869e-007 1.13957
1.275869e-007 1.11851
1.277869e-007 1.12645
1.279869e-007 1.13474
1.281869e-007 1.1665
1.283869e-007 1.19654
1.285869e-007 1.16305
1.287869e-007 1.0978
1.289869e-007 1.09918
1.291869e-007 1.15546
1.293869e-007 1.18273
1.295869e-007 1.17203
1.297869e-007 1.14924
1.299869e-007 1.09158
1.301869e-007 1.03599
1.303869e-007 1.13508
1.305869e-007 1.35157
1.307869e-007 1.43202
1.309869e-007 1.35122
1.311869e-007 1.30116
1.313869e-007 1.30461
1.315869e-007 1.26732
1.317869e-007 1.20759
1.319869e-007 1.20103
1.321869e-007 1.25179
1.323869e-007 1.31359
1.325869e-007 1.37056
1.327869e-007 1.42408
1.329869e-007 1.41268
1.331869e-007 1.32567
1.333869e-007 1.2687
1.335869e-007 1.25869
1.337869e-007 1.21864
1.339869e-007 1.19585
1.341869e-007 1.25662
1.343869e-007 1.29563
1.345869e-007 1.25351
1.347869e-007 1.23763
1.349869e-007 1.30323
1.351869e-007 1.39576
1.353869e-007 1.41406
1.355869e-007 1.2908
1.357869e-007 1.13543
1.359869e-007 1.12714
1.361869e-007 1.26456
1.363869e-007 1.4189
1.365869e-007 1.47656
1.367869e-007 1.42269
1.369869e-007 1.36607
1.371869e-007 1.34639
1.373869e-007 1.31462
1.375869e-007 1.2763
1.377869e-007 1.23038
1.379869e-007 1.20586
1.381869e-007 1.26732
1.383869e-007 1.36158
1.385869e-007 1.43616
1.387869e-007 1.48415
1.389869e-007 1.4548
1.391869e-007 1.3968
1.393869e-007 1.37815
1.395869e-007 1.34812
1.397869e-007 1.29943
1.399869e-007 1.29253
1.401869e-007 1.33983
1.403869e-007 1.40094
1.405869e-007 1.4479
1.407869e-007 1.43271
1.409869e-007 1.34673
1.411869e-007 1.335
1.413869e-007 1.40543
1.415869e-007 1.43133
1.417869e-007 1.49037
1.419869e-007 1.61294
1.421869e-007 1.64539
1.423869e-007 1.57012
1.425869e-007 1.50349
1.427869e-007 1.54181
1.429869e-007 1.67474
1.431869e-007 1.74863
1.433869e-007 1.69373
1.435869e-007 1.6088
1.437869e-007 1.56909
1.439869e-007 1.61708
1.441869e-007 1.711
1.443869e-007 1.68096
1.445869e-007 1.50694
1.447869e-007 1.38471
1.449869e-007 1.40474
1.451869e-007 1.50521
1.453869e-007 1.58325
1.455869e-007 1.54147
1.457869e-007 1.44721
1.459869e-007 1.44341
1.461869e-007 1.51868
1.463869e-007 1.5867
1.465869e-007 1.6264
1.467869e-007 1.65023
1.469869e-007 1.67923
1.471869e-007 1.7362
1.473869e-007 1.73516
1.475869e-007 1.62778
1.477869e-007 1.56011
1.479869e-007 1.54319
1.481869e-007 1.49313
1.483869e-007 1.50142
1.485869e-007 1.58773
1.487869e-007 1.65644
1.489869e-007 1.6706
1.491869e-007 1.58808
1.493869e-007 1.44721
1.495869e-007 1.39645
1.497869e-007 1.47138
1.499869e-007 1.62019
1.501869e-007 1.77349
1.503869e-007 1.78557
1.505869e-007 1.66231
1.507869e-007 1.59844
1.509869e-007 1.62157
1.511869e-007 1.63814
1.513869e-007 1.65506
1.515869e-007 1.6668
1.517869e-007 1.64332
1.519869e-007 1.66404
1.521869e-007 1.73482
1.523869e-007 1.74
1.525869e-007 1.69477
1.527869e-007 1.66853
1.529869e-007 1.66542
1.531869e-007 1.67232
1.533869e-007 1.65333
1.535869e-007 1.63331
1.537869e-007 1.67681
1.539869e-007 1.73171
1.541869e-007 1.75553
1.543869e-007 1.82183
1.545869e-007 1.88121
1.547869e-007 1.8567
1.549869e-007 1.82839
1.551869e-007 1.79697
1.553869e-007 1.74103
1.555869e-007 1.7324
1.557869e-007 1.74863
1.559869e-007 1.76658
1.561869e-007 1.79938
1.563869e-007 1.78281
1.565869e-007 1.71134
1.567869e-007 1.69339
1.569869e-007 1.74587
1.571869e-007 1.76796
1.573869e-007 1.78868
1.575869e-007 1.86568
1.577869e-007 1.87465
1.579869e-007 1.76313
1.581869e-007 1.64747
1.583869e-007 1.6157
1.585869e-007 1.71963
1.587869e-007 1.90504
1.589869e-007 2.02864
1.591869e-007 2.07215
1.593869e-007 2.05937
1.595869e-007 1.9772
1.597869e-007 1.90055
1.599869e-007 1.8491
1.601869e-007 1.78039
1.603869e-007 1.78385
1.605869e-007 1.87362
1.607869e-007 1.92334
1.609869e-007 1.92955
1.611869e-007 1.92713
1.613869e-007 1.8712
1.615869e-007 1.76589
1.617869e-007 1.67336
1.619869e-007 1.6561
1.621869e-007 1.74621
1.623869e-007 1.8895
1.625869e-007 1.98203
1.627869e-007 1.97547
1.629869e-007 1.933
1.631869e-007 1.95648
1.633869e-007 2.01276
1.635869e-007 2.02208
1.637869e-007 2.02761
1.639869e-007 2.00586
1.641869e-007 1.89882
1.643869e-007 1.82597
1.645869e-007 1.87189
1.647869e-007 1.91091
1.649869e-007 1.87258
1.651869e-007 1.84669
1.653869e-007 1.8857
1.655869e-007 1.96201
1.657869e-007 2.0169
1.659869e-007 2.00931
1.661869e-007 1.96719
1.663869e-007 1.93542
1.665869e-007 1.90676
1.667869e-007 1.87431
1.669869e-007 1.85083
1.671869e-007 1.84254
1.673869e-007 1.89088
1.675869e-007 1.99722
1.677869e-007 2.07042
1.679869e-007 2.08043
1.681869e-007 2.04971
1.683869e-007 1.99412
1.685869e-007 1.99757
1.687869e-007 2.0504
1.689869e-007 2.03313
1.691869e-007 1.96442
1.693869e-007 1.97029
1.695869e-007 2.05143
1.697869e-007 2.08596
1.699869e-007 2.0794
1.701869e-007 2.10011
1.703869e-007 2.11047
1.705869e-007 2.08458
1.707869e-007 2.07249
1.709869e-007 2.14362
1.711869e-007 2.23719
1.713869e-007 2.2213
1.715869e-007 2.15121
1.717869e-007 2.11427
1.719869e-007 2.0718
1.721869e-007 2.0466
1.723869e-007 2.07387
1.725869e-007 2.10219
1.727869e-007 2.0901
1.729869e-007 2.05488
1.731869e-007 2.03693
1.733869e-007 2.06524
1.735869e-007 2.12394
1.737869e-007 2.15501
1.739869e-007 2.15639
1.741869e-007 2.16917
1.743869e-007 2.19575
1.745869e-007 2.25514
1.747869e-007 2.3532
1.749869e-007 2.41017
1.751869e-007 2.39601
1.753869e-007 2.35147
1.755869e-007 2.26688
1.757869e-007 2.20991
1.759869e-007 2.25238
1.761869e-007 2.27413
1.763869e-007 2.24271
1.765869e-007 2.2579
1.767869e-007 2.28622
1.769869e-007 2.32212
1.771869e-007 2.40085
1.773869e-007 2.40499
1.775869e-007 2.31349
1.777869e-007 2.26101
1.779869e-007 2.24375
1.781869e-007 2.23235
1.783869e-007 2.28725
1.785869e-007 2.35354
1.787869e-007 2.34526
1.789869e-007 2.3418
1.791869e-007 2.4112
1.793869e-007 2.44711
1.795869e-007 2.40119
1.797869e-007 2.38565
1.799869e-007 2.41983
1.801869e-007 2.39221
1.803869e-007 2.29347
1.805869e-007 2.24858
1.807869e-007 2.29001
1.809869e-007 2.31763
1.811869e-007 2.31038
1.813869e-007 2.32109
1.815869e-007 2.29554
1.817869e-007 2.23891
1.819869e-007 2.2617
1.821869e-007 2.32212
1.823869e-007 2.35492
1.825869e-007 2.36666
1.827869e-007 2.31694
1.829869e-007 2.25307
1.831869e-007 2.28207
1.833869e-007 2.32489
1.835869e-007 2.28345
1.837869e-007 2.2762
1.839869e-007 2.35561
1.841869e-007 2.39532
1.843869e-007 2.36873
1.845869e-007 2.34767
1.847869e-007 2.37322
1.849869e-007 2.42156
1.851869e-007 2.40637
1.853869e-007 2.36252
1.855869e-007 2.43088
1.857869e-007 2.52445
1.859869e-007 2.47611
1.861869e-007 2.40568
1.863869e-007 2.43468
1.865869e-007 2.51237
1.867869e-007 2.61353
1.869869e-007 2.65393
1.871869e-007 2.579
1.873869e-007 2.49787
1.875869e-007 2.46576
1.877869e-007 2.47093
1.879869e-007 2.51444
1.881869e-007 2.52687
1.883869e-007 2.46058
1.885869e-007 2.40223
1.887869e-007 2.40637
1.889869e-007 2.43779
1.891869e-007 2.47819
1.893869e-007 2.45885
1.895869e-007 2.35113
1.897869e-007 2.27896
1.899869e-007 2.34698
1.901869e-007 2.5462
1.903869e-007 2.69674
1.905869e-007 2.63494
1.907869e-007 2.52134
1.909869e-007 2.56381
1.911869e-007 2.61802
1.913869e-007 2.56312
1.915869e-007 2.56934
1.917869e-007 2.61491
1.919869e-007 2.6049
1.921869e-007 2.63977
1.923869e-007 2.67844
1.925869e-007 2.65738
1.927869e-007 2.62596
1.929869e-007 2.58039
1.931869e-007 2.5538
1.933869e-007 2.61457
1.935869e-007 2.70917
1.937869e-007 2.71884
1.939869e-007 2.61353
1.941869e-007 2.52169
1.943869e-007 2.57279
1.945869e-007 2.65289
1.947869e-007 2.6156
1.949869e-007 2.54241
1.951869e-007 2.58764
1.953869e-007 2.70537
1.955869e-007 2.72713
1.957869e-007 2.66049
1.959869e-007 2.56761
1.961869e-007 2.49545
1.963869e-007 2.50201
1.965869e-007 2.48406
1.967869e-007 2.44055
1.969869e-007 2.56278
1.971869e-007 2.77339
1.973869e-007 2.78893
1.975869e-007 2.6125
1.977869e-007 2.49821
1.979869e-007 2.54517
1.981869e-007 2.6194
1.983869e-007 2.59143
1.985869e-007 2.50166
1.987869e-007 2.46161
1.989869e-007 2.46852
1.991869e-007 2.46092
1.993869e-007 2.45436
1.995869e-007 2.48785
1.997869e-007 2.61077
1.999869e-007 2.80412
2.001869e-007 2.88181
2.003869e-007 2.82035
2.005869e-007 2.75509
2.007869e-007 2.65945
2.009869e-007 2.56105
2.011869e-007 2.60317
2.013869e-007 2.73817
2.015869e-007 2.80965
2.017869e-007 2.81931
2.019869e-007 2.81172
2.021869e-007 2.78617
2.023869e-007 2.791
2.025869e-007 2.8131
2.027869e-007 2.77408
2.029869e-007 2.72022
2.031869e-007 2.74922
2.033869e-007 2.81034
2.035869e-007 2.79722
2.037869e-007 2.77167
2.039869e-007 2.8238
2.041869e-007 2.89458
2.043869e-007 2.89907
2.045869e-007 2.86558
2.047869e-007 2.87628
2.049869e-007 2.90356
2.051869e-007 2.8642
2.053869e-007 2.79756
2.055869e-007 2.76787
2.057869e-007 2.76959
2.059869e-007 2.82277
2.061869e-007 2.90459
2.063869e-007 2.89216
2.065869e-007 2.81586
2.067869e-007 2.82933
2.069869e-007 2.86144
2.071869e-007 2.84348
2.073869e-007 2.90218
2.075869e-007 2.99575
2.077869e-007 2.95121
2.079869e-007 2.81655
2.081869e-007 2.77823
2.083869e-007 2.85626
2.085869e-007 2.89286
2.087869e-007 2.83243
2.089869e-007 2.77857
2.091869e-007 2.79445
2.093869e-007 2.86109
2.095869e-007 2.90943
2.097869e-007 2.89147
2.099869e-007 2.90218
2.101869e-007 2.99057
2.103869e-007 3.00576
2.105869e-007 2.92427
2.107869e-007 2.95915
2.109869e-007 3.08862
2.111869e-007 3.06342
2.113869e-007 2.92151
2.115869e-007 2.86385
2.117869e-007 2.86213
2.119869e-007 2.8345
2.121869e-007 2.8345
2.123869e-007 2.86627
2.125869e-007 2.86558
2.127869e-007 2.86454
2.129869e-007 2.88733
2.131869e-007 2.88457
2.133869e-007 2.8863
2.135869e-007 2.91046
2.137869e-007 2.89631
2.139869e-007 2.86075
2.141869e-007 2.89803
2.143869e-007 2.99989
2.145869e-007 3.02026
2.147869e-007 2.91495
2.149869e-007 2.88526
2.151869e-007 3.03407
2.153869e-007 3.12591
2.155869e-007 3.05859
2.157869e-007 3.0175
2.159869e-007 3.06376
2.161869e-007 3.10312
2.163869e-007 3.05513
2.165869e-007 2.96018
2.167869e-007 2.96778
2.169869e-007 3.04754
2.171869e-007 3.00369
2.173869e-007 2.88319
2.175869e-007 2.8711
2.177869e-007 2.94223
2.179869e-007 2.97814
2.181869e-007 2.95328
2.183869e-007 2.92324
2.185869e-007 2.9336
2.187869e-007 3.00231
2.189869e-007 3.0755
2.191869e-007 3.08724
2.193869e-007 3.11038
2.195869e-007 3.18185
2.197869e-007 3.20947
2.199869e-007 3.13903
2.201869e-007 3.05237
2.203869e-007 3.04892
2.205869e-007 3.06618
2.207869e-007 3.05962
2.209869e-007 3.10554
2.211869e-007 3.18979
2.213869e-007 3.20187
2.215869e-007 3.12246
2.217869e-007 3.03856
2.219869e-007 3.0175
2.221869e-007 3.09242
2.223869e-007 3.25435
2.225869e-007 3.38038
2.227869e-007 3.37831
2.229869e-007 3.32582
2.231869e-007 3.29061
2.233869e-007 3.26506
2.235869e-007 3.25608
2.237869e-007 3.2616
2.239869e-007 3.29855
2.241869e-007 3.33066
2.243869e-007 3.29579
2.245869e-007 3.25159
2.247869e-007 3.23882
2.249869e-007 3.26057
2.251869e-007 3.31478
2.253869e-007 3.30338
2.255869e-007 3.14974
2.257869e-007 2.99333
2.259869e-007 3.00576
2.261869e-007 3.09518
2.263869e-007 3.12729
2.265869e-007 3.19324
2.267869e-007 3.33825
2.269869e-007 3.36519
2.271869e-007 3.1929
2.273869e-007 3.05202
2.275869e-007 3.13213
2.277869e-007 3.30407
2.279869e-007 3.34067
2.281869e-007 3.26022
2.283869e-007 3.1922
2.285869e-007 3.17736
2.287869e-007 3.22708
2.289869e-007 3.302
2.291869e-007 3.331
2.293869e-007 3.27196
2.295869e-007 3.15595
2.297869e-007 3.10554
2.299869e-007 3.16148
2.301869e-007 3.20602
2.303869e-007 3.18875
2.305869e-007 3.17908
2.307869e-007 3.19462
2.309869e-007 3.23536
2.311869e-007 3.3638
2.313869e-007 3.51365
2.315869e-007 3.49811
2.317869e-007 3.37658
2.319869e-007 3.33446
2.321869e-007 3.29786
2.323869e-007 3.22086
2.325869e-007 3.23847
2.327869e-007 3.29371
2.329869e-007 3.29268
2.331869e-007 3.38176
2.333869e-007 3.52401
2.335869e-007 3.45323
2.337869e-007 3.21637
2.339869e-007 3.12108
2.341869e-007 3.29233
2.343869e-007 3.53126
2.345869e-007 3.55923
2.347869e-007 3.43286
2.349869e-007 3.3973
2.351869e-007 3.44322
2.353869e-007 3.44598
2.355869e-007 3.38556
2.357869e-007 3.28854
2.359869e-007 3.25539
2.361869e-007 3.33204
2.363869e-007 3.40006
2.365869e-007 3.41663
2.367869e-007 3.42146
2.369869e-007 3.38694
2.371869e-007 3.32997
2.373869e-007 3.33411
2.375869e-007 3.42043
2.377869e-007 3.50157
2.379869e-007 3.48741
2.381869e-007 3.4446
2.383869e-007 3.4812
2.385869e-007 3.56372
2.387869e-007 3.62103
2.389869e-007 3.62276
2.391869e-007 3.5834
2.393869e-007 3.58167
2.395869e-007 3.61758
2.397869e-007 3.58547
2.399869e-007 3.45254
2.401869e-007 3.30994
2.403869e-007 3.27576
2.405869e-007 3.38797
2.407869e-007 3.53264
2.409869e-007 3.56268
2.411869e-007 3.52366
2.413869e-007 3.52574
2.415869e-007 3.54162
2.417869e-007 3.47981
2.419869e-007 3.36519
2.421869e-007 3.38176
2.423869e-007 3.56889
2.425869e-007 3.71115
2.427869e-007 3.67075
2.429869e-007 3.56717
2.431869e-007 3.57269
2.433869e-007 3.63277
2.435869e-007 3.58271
2.437869e-007 3.47843
2.439869e-007 3.46221
2.441869e-007 3.51503
2.443869e-007 3.5903
2.445869e-007 3.65107
2.447869e-007 3.58098
2.449869e-007 3.39522
2.451869e-007 3.29302
2.453869e-007 3.33411
2.455869e-007 3.42319
2.457869e-007 3.52297
2.459869e-007 3.61343
2.461869e-007 3.66592
2.463869e-007 3.66522
2.465869e-007 3.5941
2.467869e-007 3.5171
2.469869e-007 3.53817
2.471869e-007 3.60377
2.473869e-007 3.58374
2.475869e-007 3.50985
2.477869e-007 3.48292
2.479869e-007 3.52159
2.481869e-007 3.58616
2.483869e-007 3.63691
2.485869e-007 3.68698
2.487869e-007 3.69837
2.489869e-007 3.60964
2.491869e-007 3.51089
2.493869e-007 3.53126
2.495869e-007 3.60446
2.497869e-007 3.58616
2.499869e-007 3.53195
2.501869e-007 3.54404
2.503869e-007 3.57856
2.505869e-007 3.61689
2.507869e-007 3.67248
2.509869e-007 3.71149
2.511869e-007 3.72772
2.513869e-007 3.72081
2.515869e-007 3.71391
2.517869e-007 3.7474
2.519869e-007 3.71736
2.521869e-007 3.56406
