-2.480449e-007 9.92049
-2.478449e-007 9.9122
-2.476449e-007 9.96813
-2.474449e-007 10.0217
-2.472449e-007 9.98678
-2.470449e-007 9.95709
-2.468449e-007 10.0486
-2.466449e-007 10.1225
-2.464449e-007 10.0703
-2.462449e-007 10.0607
-2.460449e-007 10.177
-2.458449e-007 10.2409
-2.456449e-007 10.1439
-2.454449e-007 9.99265
-2.452449e-007 9.92325
-2.450449e-007 9.91876
-2.448449e-007 9.88285
-2.446449e-007 9.85937
-2.444449e-007 9.94017
-2.442449e-007 10.052
-2.440449e-007 10.1149
-2.438449e-007 10.1422
-2.436449e-007 10.0886
-2.434449e-007 9.99679
-2.432449e-007 10.0182
-2.430449e-007 10.09
-2.428449e-007 10.0931
-2.426449e-007 10.1342
-2.424449e-007 10.1929
-2.422449e-007 10.1221
-2.420449e-007 10.0448
-2.418449e-007 10.1004
-2.416449e-007 10.1891
-2.414449e-007 10.2081
-2.412449e-007 10.1839
-2.410449e-007 10.1715
-2.408449e-007 10.1767
-2.406449e-007 10.1604
-2.404449e-007 10.098
-2.402449e-007 10.0389
-2.400449e-007 10.0189
-2.398449e-007 10.0096
-2.396449e-007 9.97918
-2.394449e-007 9.93879
-2.392449e-007 9.97918
-2.390449e-007 10.0942
-2.388449e-007 10.1397
-2.386449e-007 10.1038
-2.384449e-007 10.0786
-2.382449e-007 10.0624
-2.380449e-007 9.98885
-2.378449e-007 9.91358
-2.376449e-007 9.97953
-2.374449e-007 10.1256
-2.372449e-007 10.1494
-2.370449e-007 10.0413
-2.368449e-007 9.9999
-2.366449e-007 10.0803
-2.364449e-007 10.1087
-2.362449e-007 10.0334
-2.360449e-007 9.9778
-2.358449e-007 9.99783
-2.356449e-007 10.0772
-2.354449e-007 10.1608
-2.352449e-007 10.118
-2.350449e-007 9.96606
-2.348449e-007 9.93188
-2.346449e-007 10.0179
-2.344449e-007 10.0006
-2.342449e-007 9.91842
-2.340449e-007 9.96468
-2.338449e-007 10.119
-2.336449e-007 10.2727
-2.334449e-007 10.3365
-2.332449e-007 10.253
-2.330449e-007 10.1404
-2.328449e-007 10.1339
-2.326449e-007 10.1701
-2.324449e-007 10.1594
-2.322449e-007 10.1207
-2.320449e-007 10.0686
-2.318449e-007 10.0099
-2.316449e-007 9.99645
-2.314449e-007 10.0334
-2.312449e-007 10.0382
-2.310449e-007 9.94983
-2.308449e-007 9.85316
-2.306449e-007 9.90668
-2.304449e-007 10.0776
-2.302449e-007 10.1901
-2.300449e-007 10.1687
-2.298449e-007 10.0165
-2.296449e-007 9.85558
-2.294449e-007 9.87629
-2.292449e-007 10.003
-2.290449e-007 10.0337
-2.288449e-007 10.0099
-2.286449e-007 10.0161
-2.284449e-007 10.0282
-2.282449e-007 10.0182
-2.280449e-007 9.97815
-2.278449e-007 9.97918
-2.276449e-007 10.0593
-2.274449e-007 10.1287
-2.272449e-007 10.1891
-2.270449e-007 10.3072
-2.268449e-007 10.3607
-2.266449e-007 10.2402
-2.264449e-007 10.128
-2.262449e-007 10.1135
-2.260449e-007 10.0579
-2.258449e-007 10.0189
-2.256449e-007 10.0904
-2.254449e-007 10.1604
-2.252449e-007 10.1245
-2.250449e-007 10.0127
-2.248449e-007 9.95639
-2.246449e-007 10.0096
-2.244449e-007 10.023
-2.242449e-007 9.91911
-2.240449e-007 9.84729
-2.238449e-007 9.88251
-2.236449e-007 9.96123
-2.234449e-007 10.0496
-2.232449e-007 10.0962
-2.230449e-007 10.1045
-2.228449e-007 10.1694
-2.226449e-007 10.2668
-2.224449e-007 10.2768
-2.222449e-007 10.1708
-2.220449e-007 10.0355
-2.218449e-007 9.95122
-2.216449e-007 9.92463
-2.214449e-007 9.93084
-2.212449e-007 9.92912
-2.210449e-007 9.93602
-2.208449e-007 9.99403
-2.206449e-007 10.0548
-2.204449e-007 10.0441
-2.202449e-007 9.95467
-2.200449e-007 9.89701
-2.198449e-007 9.97469
-2.196449e-007 10.0962
-2.194449e-007 10.1297
-2.192449e-007 10.0451
-2.190449e-007 9.89839
-2.188449e-007 9.8687
-2.186449e-007 10.0075
-2.184449e-007 10.1049
-2.182449e-007 10.0437
-2.180449e-007 9.95847
-2.178449e-007 9.94362
-2.176449e-007 9.96779
-2.174449e-007 10.0548
-2.172449e-007 10.1194
-2.170449e-007 10.0234
-2.168449e-007 9.93671
-2.166449e-007 10.0531
-2.164449e-007 10.2198
-2.162449e-007 10.2216
-2.160449e-007 10.0886
-2.158449e-007 9.99299
-2.156449e-007 10.041
-2.154449e-007 10.1428
-2.152449e-007 10.1466
-2.150449e-007 10.1339
-2.148449e-007 10.2081
-2.146449e-007 10.2381
-2.144449e-007 10.156
-2.142449e-007 10.0534
-2.140449e-007 10.0051
-2.138449e-007 10.0234
-2.136449e-007 10.033
-2.134449e-007 10.0065
-2.132449e-007 10.0379
-2.130449e-007 10.1131
-2.128449e-007 10.138
-2.126449e-007 10.1308
-2.124449e-007 10.0565
-2.122449e-007 9.91393
-2.120449e-007 9.93533
-2.118449e-007 10.1342
-2.116449e-007 10.2557
-2.114449e-007 10.2043
-2.112449e-007 10.0721
-2.110449e-007 10.0493
-2.108449e-007 10.1642
-2.106449e-007 10.1863
-2.104449e-007 10.0531
-2.102449e-007 9.96986
-2.100449e-007 10.023
-2.098449e-007 10.1004
-2.096449e-007 10.0942
-2.094449e-007 10.0217
-2.092449e-007 10.0123
-2.090449e-007 10.1118
-2.088449e-007 10.2015
-2.086449e-007 10.1853
-2.084449e-007 10.0955
-2.082449e-007 10.0296
-2.080449e-007 10.0175
-2.078449e-007 10.0016
-2.076449e-007 9.98747
-2.074449e-007 10.0427
-2.072449e-007 10.1207
-2.070449e-007 10.1163
-2.068449e-007 10.0444
-2.066449e-007 9.98022
-2.064449e-007 9.96226
-2.062449e-007 9.99886
-2.060449e-007 10.0379
-2.058449e-007 10.0375
-2.056449e-007 10.0458
-2.054449e-007 10.0942
-2.052449e-007 10.1401
-2.050449e-007 10.139
-2.048449e-007 10.1121
-2.046449e-007 10.127
-2.044449e-007 10.1525
-2.042449e-007 10.0786
-2.040449e-007 9.92463
-2.038449e-007 9.84418
-2.036449e-007 9.89217
-2.034449e-007 9.97677
-2.032449e-007 10.0078
-2.030449e-007 9.97815
-2.028449e-007 9.98125
-2.026449e-007 10.0596
-2.024449e-007 10.0738
-2.022449e-007 9.97366
-2.020449e-007 9.94742
-2.018449e-007 10.0517
-2.016449e-007 10.1159
-2.014449e-007 10.0772
-2.012449e-007 10.0002
-2.010449e-007 9.92428
-2.008449e-007 9.93602
-2.006449e-007 10.0524
-2.004449e-007 10.1297
-2.002449e-007 10.1142
-2.000449e-007 10.0952
-1.998449e-007 10.108
-1.996449e-007 10.1187
-1.994449e-007 10.128
-1.992449e-007 10.1276
-1.990449e-007 10.1135
-1.988449e-007 10.109
-1.986449e-007 10.0911
-1.984449e-007 10.0531
-1.982449e-007 10.0465
-1.980449e-007 10.0793
-1.978449e-007 10.0917
-1.976449e-007 10.0403
-1.974449e-007 9.96434
-1.972449e-007 9.93568
-1.970449e-007 9.98436
-1.968449e-007 10.0855
-1.966449e-007 10.1346
-1.964449e-007 10.0835
-1.962449e-007 10.0292
-1.960449e-007 10.0638
-1.958449e-007 10.1808
-1.956449e-007 10.2509
-1.954449e-007 10.1787
-1.952449e-007 10.1211
-1.950449e-007 10.1953
-1.948449e-007 10.2395
-1.946449e-007 10.1715
-1.944449e-007 10.0797
-1.942449e-007 10.0196
-1.940449e-007 10.041
-1.938449e-007 10.1
-1.936449e-007 10.089
-1.934449e-007 10.0641
-1.932449e-007 10.0945
-1.930449e-007 10.0917
-1.928449e-007 10.0462
-1.926449e-007 10.0545
-1.924449e-007 10.0845
-1.922449e-007 10.0469
-1.920449e-007 9.95778
-1.918449e-007 9.93084
-1.916449e-007 10.0182
-1.914449e-007 10.1097
-1.912449e-007 10.1525
-1.910449e-007 10.2236
-1.908449e-007 10.2792
-1.906449e-007 10.2084
-1.904449e-007 10.0569
-1.902449e-007 9.945
-1.900449e-007 9.95916
-1.898449e-007 10.033
-1.896449e-007 9.99507
-1.894449e-007 9.91186
-1.892449e-007 9.95398
-1.890449e-007 10.0413
-1.888449e-007 10.0641
-1.886449e-007 10.0745
-1.884449e-007 10.0507
-1.882449e-007 9.96296
-1.880449e-007 9.9198
-1.878449e-007 9.94707
-1.876449e-007 10.0023
-1.874449e-007 10.0099
-1.872449e-007 9.90599
-1.870449e-007 9.86904
-1.868449e-007 9.9816
-1.866449e-007 10.0962
-1.864449e-007 10.1591
-1.862449e-007 10.1642
-1.860449e-007 10.1687
-1.858449e-007 10.225
-1.856449e-007 10.2319
-1.854449e-007 10.1487
-1.852449e-007 10.0538
-1.850449e-007 9.98609
-1.848449e-007 9.96192
-1.846449e-007 10.0078
-1.844449e-007 10.0741
-1.842449e-007 10.0576
-1.840449e-007 9.99645
-1.838449e-007 10.0272
-1.836449e-007 10.1466
-1.834449e-007 10.2402
-1.832449e-007 10.2409
-1.830449e-007 10.1998
-1.828449e-007 10.1777
-1.826449e-007 10.1087
-1.824449e-007 9.97159
-1.822449e-007 9.90495
-1.820449e-007 9.95156
-1.818449e-007 9.99852
-1.816449e-007 10.05
-1.814449e-007 10.1069
-1.812449e-007 10.0548
-1.810449e-007 9.98471
-1.808449e-007 10.0251
-1.806449e-007 10.041
-1.804449e-007 9.96434
-1.802449e-007 9.94397
-1.800449e-007 10.0203
-1.798449e-007 10.1169
-1.796449e-007 10.1981
-1.794449e-007 10.1715
-1.792449e-007 10.0596
-1.790449e-007 10.0548
-1.788449e-007 10.1698
-1.786449e-007 10.2185
-1.784449e-007 10.1276
-1.782449e-007 10.0496
-1.780449e-007 10.1118
-1.778449e-007 10.235
-1.776449e-007 10.2416
-1.774449e-007 10.081
-1.772449e-007 9.93982
-1.770449e-007 9.96054
-1.768449e-007 10.069
-1.766449e-007 10.1377
-1.764449e-007 10.1118
-1.762449e-007 10.0486
-1.760449e-007 10.0165
-1.758449e-007 10.0168
-1.756449e-007 10.0375
-1.754449e-007 10.0106
-1.752449e-007 9.92843
-1.750449e-007 9.94327
-1.748449e-007 10.0645
-1.746449e-007 10.1532
-1.744449e-007 10.1725
-1.742449e-007 10.1183
-1.740449e-007 9.97538
-1.738449e-007 9.81552
-1.736449e-007 9.79964
-1.734449e-007 9.95709
-1.732449e-007 10.0555
-1.730449e-007 9.97711
-1.728449e-007 9.88665
-1.726449e-007 9.8977
-1.724449e-007 9.96503
-1.722449e-007 9.98125
-1.720449e-007 9.90806
-1.718449e-007 9.8573
-1.716449e-007 9.86697
-1.714449e-007 9.86455
-1.712449e-007 9.89148
-1.710449e-007 9.9892
-1.708449e-007 10.0783
-1.706449e-007 10.0962
-1.704449e-007 10.0075
-1.702449e-007 9.84246
-1.700449e-007 9.76373
-1.698449e-007 9.84867
-1.696449e-007 9.98851
-1.694449e-007 10.0469
-1.692449e-007 9.98609
-1.690449e-007 9.93741
-1.688449e-007 10.021
-1.686449e-007 10.1422
-1.684449e-007 10.1518
-1.682449e-007 10.0593
-1.680449e-007 10.0165
-1.678449e-007 10.1232
-1.676449e-007 10.2599
-1.674449e-007 10.234
-1.672449e-007 10.0589
-1.670449e-007 9.93568
-1.668449e-007 9.94535
-1.666449e-007 9.98781
-1.664449e-007 10.0172
-1.662449e-007 10.0337
-1.660449e-007 10.0303
-1.658449e-007 10.0237
-1.656449e-007 9.97987
-1.654449e-007 9.9015
-1.652449e-007 9.86835
-1.650449e-007 9.84038
-1.648449e-007 9.78583
-1.646449e-007 9.81967
-1.644449e-007 9.97021
-1.642449e-007 10.1173
-1.640449e-007 10.158
-1.638449e-007 10.1014
-1.636449e-007 10.0389
-1.634449e-007 10.0393
-1.632449e-007 10.0603
-1.630449e-007 10.0437
-1.628449e-007 10.0303
-1.626449e-007 10.0217
-1.624449e-007 9.97918
-1.622449e-007 9.91289
-1.620449e-007 9.85074
-1.618449e-007 9.89563
-1.616449e-007 10.0845
-1.614449e-007 10.2402
-1.612449e-007 10.1939
-1.610449e-007 10.0071
-1.608449e-007 9.88838
-1.606449e-007 9.92463
-1.604449e-007 9.99645
-1.602449e-007 9.99334
-1.600449e-007 9.95639
-1.598449e-007 9.94673
-1.596449e-007 9.96813
-1.594449e-007 10.032
-1.592449e-007 10.1335
-1.590449e-007 10.1895
-1.588449e-007 10.1957
-1.586449e-007 10.235
-1.584449e-007 10.2264
-1.582449e-007 10.1111
-1.580449e-007 10.0431
-1.578449e-007 10.0503
-1.576449e-007 10.0631
-1.574449e-007 10.0845
-1.572449e-007 10.0548
-1.570449e-007 9.98264
-1.568449e-007 9.96917
-1.566449e-007 10.0009
-1.564449e-007 10.0144
-1.562449e-007 9.97435
-1.560449e-007 9.85834
-1.558449e-007 9.77893
-1.556449e-007 9.8794
-1.554449e-007 10.0596
-1.552449e-007 10.148
-1.550449e-007 10.138
-1.548449e-007 10.0862
-1.546449e-007 10.042
-1.544449e-007 10.0455
-1.542449e-007 10.0828
-1.540449e-007 10.1038
-1.538449e-007 10.0869
-1.536449e-007 10.0417
-1.534449e-007 10.0002
-1.532449e-007 9.99092
-1.530449e-007 10.0123
-1.528449e-007 10.0545
-1.526449e-007 10.0938
-1.524449e-007 10.06
-1.522449e-007 9.95881
-1.520449e-007 9.94845
-1.518449e-007 10.0462
-1.516449e-007 10.1021
-1.514449e-007 10.0855
-1.512449e-007 10.0299
-1.510449e-007 9.97469
-1.508449e-007 10.0082
-1.506449e-007 10.1145
-1.504449e-007 10.1591
-1.502449e-007 10.1042
-1.500449e-007 10.0175
-1.498449e-007 9.96572
-1.496449e-007 9.99921
-1.494449e-007 10.0379
-1.492449e-007 9.96123
-1.490449e-007 9.91047
-1.488449e-007 10.0206
-1.486449e-007 10.129
-1.484449e-007 10.1249
-1.482449e-007 10.0437
-1.480449e-007 9.97711
-1.478449e-007 10.0596
-1.476449e-007 10.1974
-1.474449e-007 10.2126
-1.472449e-007 10.1594
-1.470449e-007 10.118
-1.468449e-007 10.0911
-1.466449e-007 10.0841
-1.464449e-007 10.0793
-1.462449e-007 10.0576
-1.460449e-007 10.0513
-1.458449e-007 10.0683
-1.456449e-007 10.0534
-1.454449e-007 10.0424
-1.452449e-007 10.1097
-1.450449e-007 10.1801
-1.448449e-007 10.1687
-1.446449e-007 10.1194
-1.444449e-007 10.098
-1.442449e-007 10.108
-1.440449e-007 10.0959
-1.438449e-007 10.0437
-1.436449e-007 9.98678
-1.434449e-007 9.96399
-1.432449e-007 9.99714
-1.430449e-007 10.0368
-1.428449e-007 10.0051
-1.426449e-007 9.91531
-1.424449e-007 9.84246
-1.422449e-007 9.82726
-1.420449e-007 9.90012
-1.418449e-007 10.0486
-1.416449e-007 10.1491
-1.414449e-007 10.1211
-1.412449e-007 10.0358
-1.410449e-007 9.96537
-1.408449e-007 9.91669
-1.406449e-007 9.93361
-1.404449e-007 10.0317
-1.402449e-007 10.1011
-1.400449e-007 10.0683
-1.398449e-007 10.0127
-1.396449e-007 10.0078
-1.394449e-007 9.9816
-1.392449e-007 9.90737
-1.390449e-007 9.91289
-1.388449e-007 10.0282
-1.386449e-007 10.0966
-1.384449e-007 10.0344
-1.382449e-007 9.95916
-1.380449e-007 9.95778
-1.378449e-007 9.99403
-1.376449e-007 10.0372
-1.374449e-007 10.0172
-1.372449e-007 9.91911
-1.370449e-007 9.87215
-1.368449e-007 9.89114
-1.366449e-007 9.92256
-1.364449e-007 9.95778
-1.362449e-007 9.93706
-1.360449e-007 9.91807
-1.358449e-007 10.0185
-1.356449e-007 10.1138
-1.354449e-007 10.0662
-1.352449e-007 9.9961
-1.350449e-007 9.9816
-1.348449e-007 9.97884
-1.346449e-007 10.0351
-1.344449e-007 10.1207
-1.342449e-007 10.1187
-1.340449e-007 10.0341
-1.338449e-007 9.95398
-1.336449e-007 9.92428
-1.334449e-007 9.88596
-1.332449e-007 9.82657
-1.330449e-007 9.86248
-1.328449e-007 9.97193
-1.326449e-007 10.0054
-1.324449e-007 9.97849
-1.322449e-007 9.98194
-1.320449e-007 10.0051
-1.318449e-007 9.9999
-1.316449e-007 9.96813
-1.314449e-007 9.9488
-1.312449e-007 9.97538
-1.310449e-007 10.0344
-1.308449e-007 10.0444
-1.306449e-007 9.99437
-1.304449e-007 9.97538
-1.302449e-007 10.0092
-1.300449e-007 10.0589
-1.298449e-007 10.0848
-1.296449e-007 10.0658
-1.294449e-007 10.0734
-1.292449e-007 10.138
-1.290449e-007 10.1138
-1.288449e-007 9.98367
-1.286449e-007 9.96054
-1.284449e-007 9.99921
-1.282449e-007 9.89701
-1.280449e-007 9.80309
-1.278449e-007 9.90737
-1.276449e-007 10.0945
-1.274449e-007 10.1943
-1.272449e-007 10.175
-1.270449e-007 10.1487
-1.268449e-007 10.1933
-1.266449e-007 10.2071
-1.264449e-007 10.0962
-1.262449e-007 9.96744
-1.260449e-007 9.97435
-1.258449e-007 10.0966
-1.256449e-007 10.176
-1.254449e-007 10.1152
-1.252449e-007 9.98194
-1.250449e-007 9.89528
-1.248449e-007 9.91186
-1.246449e-007 9.9778
-1.244449e-007 9.99161
-1.242449e-007 9.99472
-1.240449e-007 10.0693
-1.238449e-007 10.138
-1.236449e-007 10.1128
-1.234449e-007 10.0596
-1.232449e-007 10.0745
-1.230449e-007 10.109
-1.228449e-007 10.081
-1.226449e-007 10.0593
-1.224449e-007 10.0959
-1.222449e-007 10.0938
-1.220449e-007 10.0462
-1.218449e-007 10.0538
-1.216449e-007 10.0952
-1.214449e-007 10.1163
-1.212449e-007 10.0976
-1.210449e-007 10.0524
-1.208449e-007 10.0765
-1.206449e-007 10.1339
-1.204449e-007 10.0886
-1.202449e-007 9.98747
-1.200449e-007 9.94914
-1.198449e-007 9.99299
-1.196449e-007 10.041
-1.194449e-007 10.051
-1.192449e-007 10.0714
-1.190449e-007 10.0652
-1.188449e-007 10.0016
-1.186449e-007 9.98229
-1.184449e-007 10.0424
-1.182449e-007 10.1118
-1.180449e-007 10.1567
-1.178449e-007 10.1708
-1.176449e-007 10.0959
-1.174449e-007 9.95743
-1.172449e-007 9.92636
-1.170449e-007 10.0075
-1.168449e-007 10.0313
-1.166449e-007 9.96537
-1.164449e-007 9.89287
-1.162449e-007 9.89252
-1.160449e-007 10.0258
-1.158449e-007 10.1898
-1.156449e-007 10.1867
-1.154449e-007 10.0541
-1.152449e-007 9.95985
-1.150449e-007 9.97573
-1.148449e-007 10.0765
-1.146449e-007 10.1245
-1.144449e-007 10.0503
-1.142449e-007 10.0103
-1.140449e-007 10.0797
-1.138449e-007 10.1052
-1.136449e-007 10.0434
-1.134449e-007 10.0372
-1.132449e-007 10.1128
-1.130449e-007 10.1501
-1.128449e-007 10.1024
-1.126449e-007 10.042
-1.124449e-007 10.04
-1.122449e-007 10.0486
-1.120449e-007 9.98505
-1.118449e-007 9.91634
-1.116449e-007 9.9488
-1.114449e-007 10.0482
-1.112449e-007 10.1125
-1.110449e-007 10.11
-1.108449e-007 10.1
-1.106449e-007 10.1214
-1.104449e-007 10.1321
-1.102449e-007 10.1169
-1.100449e-007 10.0976
-1.098449e-007 10.0531
-1.096449e-007 10.0116
-1.094449e-007 10.0237
-1.092449e-007 10.0527
-1.090449e-007 10.0569
-1.088449e-007 10.07
-1.086449e-007 10.1066
-1.084449e-007 10.0821
-1.082449e-007 9.98402
-1.080449e-007 9.91669
-1.078449e-007 9.92843
-1.076449e-007 9.99748
-1.074449e-007 10.0368
-1.072449e-007 10.0037
-1.070449e-007 9.99092
-1.068449e-007 9.9999
-1.066449e-007 9.95225
-1.064449e-007 9.91013
-1.062449e-007 9.92428
-1.060449e-007 9.94293
-1.058449e-007 9.97573
-1.056449e-007 10.0569
-1.054449e-007 10.139
-1.052449e-007 10.128
-1.050449e-007 9.99852
-1.048449e-007 9.88423
-1.046449e-007 9.92428
-1.044449e-007 10.0085
-1.042449e-007 9.97573
-1.040449e-007 9.91289
-1.038449e-007 9.91703
-1.036449e-007 9.95087
-1.034449e-007 10.0137
-1.032449e-007 10.0562
-1.030449e-007 10.0051
-1.028449e-007 9.97435
-1.026449e-007 10.0272
-1.024449e-007 10.0441
-1.022449e-007 10.0189
-1.020449e-007 10.0272
-1.018449e-007 10.04
-1.016449e-007 10.0078
-1.014449e-007 9.9923
-1.012449e-007 10.0645
-1.010449e-007 10.1159
-1.008449e-007 10.0413
-1.006449e-007 9.96641
-1.004449e-007 9.98022
-1.002449e-007 9.97746
-1.000449e-007 9.96882
-9.984494e-008 10.033
-9.964494e-008 10.0579
-9.944494e-008 10.0103
-9.924494e-008 10.0196
-9.904494e-008 10.0952
-9.884494e-008 10.1604
-9.864494e-008 10.1663
-9.844494e-008 10.0928
-9.824494e-008 10.0234
-9.804494e-008 10.0593
-9.784494e-008 10.1601
-9.764494e-008 10.245
-9.744494e-008 10.2713
-9.724494e-008 10.2091
-9.704494e-008 10.0828
-9.684494e-008 10.0078
-9.664494e-008 10.0372
-9.644494e-008 10.0596
-9.624494e-008 9.98885
-9.604494e-008 9.88078
-9.584494e-008 9.89183
-9.564494e-008 10.0745
-9.544494e-008 10.2281
-9.524494e-008 10.2043
-9.504494e-008 10.1567
-9.484494e-008 10.1867
-9.464494e-008 10.148
-9.444494e-008 10.0569
-9.424494e-008 10.0948
-9.404494e-008 10.1946
-9.384494e-008 10.1577
-9.364494e-008 10.0009
-9.344494e-008 9.8977
-9.324494e-008 9.92912
-9.304494e-008 9.99437
-9.284494e-008 10.002
-9.264494e-008 10.0037
-9.244494e-008 10.0147
-9.224494e-008 9.98505
-9.204494e-008 9.96019
-9.184494e-008 9.97366
-9.164494e-008 9.94293
-9.144494e-008 9.85005
-9.124494e-008 9.84073
-9.104494e-008 9.96848
-9.084494e-008 10.0676
-9.064494e-008 10.0548
-9.044494e-008 10.0292
-9.024494e-008 10.0282
-9.004494e-008 10.004
-8.984494e-008 9.98436
-8.964494e-008 10.0517
-8.944494e-008 10.1252
-8.924494e-008 10.06
-8.904494e-008 9.97987
-8.884494e-008 10.0113
-8.864494e-008 10.0272
-8.844494e-008 9.95363
-8.824494e-008 9.8466
-8.804494e-008 9.80448
-8.784494e-008 9.88113
-8.764494e-008 9.98505
-8.744494e-008 10.0462
-8.724494e-008 10.0862
-8.704494e-008 10.1138
-8.684494e-008 10.1435
-8.664494e-008 10.156
-8.644494e-008 10.1176
-8.624494e-008 10.1118
-8.604494e-008 10.1677
-8.584494e-008 10.1007
-8.564494e-008 9.89321
-8.544494e-008 9.83693
-8.524494e-008 9.95639
-8.504494e-008 9.96813
-8.484494e-008 9.87215
-8.464494e-008 9.90391
-8.444494e-008 10.0593
-8.424494e-008 10.1093
-8.404494e-008 10.0272
-8.384494e-008 10.0075
-8.364494e-008 10.032
-8.344494e-008 9.94707
-8.324494e-008 9.8535
-8.304494e-008 9.94017
-8.284494e-008 10.1107
-8.264494e-008 10.1567
-8.244494e-008 10.1135
-8.224494e-008 10.098
-8.204494e-008 10.0879
-8.184494e-008 10.0234
-8.164494e-008 9.92808
-8.144494e-008 9.93982
-8.124494e-008 10.0859
-8.104494e-008 10.1508
-8.084494e-008 10.0658
-8.064494e-008 10.0065
-8.044494e-008 9.99748
-8.024494e-008 9.94776
-8.004494e-008 9.91013
-7.984494e-008 9.95847
-7.964494e-008 10.0966
-7.944494e-008 10.2343
-7.924494e-008 10.1787
-7.904494e-008 9.98264
-7.884494e-008 9.93982
-7.864494e-008 10.0382
-7.844494e-008 10.0817
-7.824494e-008 10.0921
-7.804494e-008 10.1156
-7.784494e-008 10.1214
-7.764494e-008 10.1259
-7.744494e-008 10.1263
-7.724494e-008 10.1138
-7.704494e-008 10.0879
-7.684494e-008 10.0071
-7.664494e-008 9.93361
-7.644494e-008 9.94776
-7.624494e-008 9.96606
-7.604494e-008 9.96468
-7.584494e-008 9.99092
-7.564494e-008 9.93568
-7.544494e-008 9.83072
-7.524494e-008 9.88078
-7.504494e-008 9.95639
-7.484494e-008 9.89563
-7.464494e-008 9.88113
-7.444494e-008 9.97711
-7.424494e-008 10.0355
-7.404494e-008 9.99817
-7.384494e-008 9.92359
-7.364494e-008 9.93499
-7.344494e-008 10.0741
-7.324494e-008 10.1591
-7.304494e-008 10.062
-7.284494e-008 9.93637
-7.264494e-008 9.92014
-7.244494e-008 9.96813
-7.224494e-008 10.0085
-7.204494e-008 10.0044
-7.184494e-008 9.97884
-7.164494e-008 10.0275
-7.144494e-008 10.1515
-7.124494e-008 10.2084
-7.104494e-008 10.1629
-7.084494e-008 10.1301
-7.064494e-008 10.1266
-7.044494e-008 10.0486
-7.024494e-008 9.94535
-7.004494e-008 9.95985
-6.984494e-008 10.0327
-6.964494e-008 10.0275
-6.944494e-008 9.9778
-6.924494e-008 9.98678
-6.904494e-008 10.0403
-6.884494e-008 10.0541
-6.864494e-008 10.0179
-6.844494e-008 9.99092
-6.824494e-008 9.99541
-6.804494e-008 10.0058
-6.784494e-008 10.0175
-6.764494e-008 10.0507
-6.744494e-008 10.0911
-6.724494e-008 10.1149
-6.704494e-008 10.1425
-6.684494e-008 10.177
-6.664494e-008 10.1691
-6.644494e-008 10.089
-6.624494e-008 9.98885
-6.604494e-008 9.91807
-6.584494e-008 9.89459
-6.564494e-008 9.94189
-6.544494e-008 9.98643
-6.524494e-008 9.96192
-6.504494e-008 9.96054
-6.484494e-008 10.0358
-6.464494e-008 10.1052
-6.444494e-008 10.1125
-6.424494e-008 10.0703
-6.404494e-008 9.98989
-6.384494e-008 9.945
-6.364494e-008 10.023
-6.344494e-008 10.129
-6.324494e-008 10.147
-6.304494e-008 10.1494
-6.284494e-008 10.2019
-6.264494e-008 10.2088
-6.244494e-008 10.1266
-6.224494e-008 10.0648
-6.204494e-008 10.0406
-6.184494e-008 9.96503
-6.164494e-008 9.88044
-6.144494e-008 9.89977
-6.124494e-008 9.96744
-6.104494e-008 9.9595
-6.084494e-008 9.96503
-6.064494e-008 10.1031
-6.044494e-008 10.2029
-6.024494e-008 10.0893
-6.004494e-008 9.90875
-5.984494e-008 9.89114
-5.964494e-008 10.002
-5.944494e-008 10.0299
-5.924494e-008 9.98747
-5.904494e-008 10.0538
-5.884494e-008 10.1256
-5.864494e-008 10.0268
-5.844494e-008 9.93568
-5.824494e-008 9.99714
-5.804494e-008 10.0375
-5.784494e-008 9.97159
-5.764494e-008 9.91427
-5.744494e-008 9.9526
-5.724494e-008 10.0172
-5.704494e-008 9.98022
-5.684494e-008 9.9015
-5.664494e-008 9.90081
-5.644494e-008 9.91703
-5.624494e-008 9.92049
-5.604494e-008 9.98091
-5.584494e-008 10.0669
-5.564494e-008 10.0962
-5.544494e-008 10.0551
-5.524494e-008 10.0002
-5.504494e-008 9.97538
-5.484494e-008 9.99645
-5.464494e-008 10.0765
-5.444494e-008 10.1066
-5.424494e-008 10.023
-5.404494e-008 9.97469
-5.384494e-008 10.0113
-5.364494e-008 10.05
-5.344494e-008 10.1028
-5.324494e-008 10.1518
-5.304494e-008 10.1073
-5.284494e-008 10.0099
-5.264494e-008 9.99437
-5.244494e-008 10.0776
-5.224494e-008 10.1308
-5.204494e-008 10.1073
-5.184494e-008 10.1152
-5.164494e-008 10.128
-5.144494e-008 10.0634
-5.124494e-008 10.0586
-5.104494e-008 10.168
-5.084494e-008 10.1839
-5.064494e-008 10.0403
-5.044494e-008 9.94466
-5.024494e-008 10.0299
-5.004494e-008 10.177
-4.984494e-008 10.2043
-4.964494e-008 10.1304
-4.944494e-008 10.0886
-4.924494e-008 10.08
-4.904494e-008 10.0576
-4.884494e-008 10.0513
-4.864494e-008 10.09
-4.844494e-008 10.1266
-4.824494e-008 10.0814
-4.804494e-008 9.95536
-4.784494e-008 9.89701
-4.764494e-008 9.99748
-4.744494e-008 10.1149
-4.724494e-008 10.128
-4.704494e-008 10.0817
-4.684494e-008 10.0648
-4.664494e-008 10.1201
-4.644494e-008 10.1874
-4.624494e-008 10.168
-4.604494e-008 10.0406
-4.584494e-008 9.92946
-4.564494e-008 9.93671
-4.544494e-008 9.95398
-4.524494e-008 9.94293
-4.504494e-008 10.0199
-4.484494e-008 10.1276
-4.464494e-008 10.1473
-4.444494e-008 10.0955
-4.424494e-008 9.99748
-4.404494e-008 9.92877
-4.384494e-008 9.98264
-4.364494e-008 10.0886
-4.344494e-008 10.1035
-4.324494e-008 10.0279
-4.304494e-008 9.97815
-4.284494e-008 10.0106
-4.264494e-008 10.0814
-4.244494e-008 10.0921
-4.224494e-008 10.0386
-4.204494e-008 10.0182
-4.184494e-008 10.0096
-4.164494e-008 9.93568
-4.144494e-008 9.88009
-4.124494e-008 9.93119
-4.104494e-008 9.99921
-4.084494e-008 9.98091
-4.064494e-008 9.94017
-4.044494e-008 9.97884
-4.024494e-008 10.05
-4.004494e-008 10.0917
-3.984494e-008 10.147
-3.964494e-008 10.2078
-3.944494e-008 10.1881
-3.924494e-008 10.1062
-3.904494e-008 10.0327
-3.884494e-008 9.98194
-3.864494e-008 9.96675
-3.844494e-008 9.9557
-3.824494e-008 9.96675
-3.804494e-008 10.0286
-3.784494e-008 10.0348
-3.764494e-008 9.98194
-3.744494e-008 9.9961
-3.724494e-008 10.0969
-3.704494e-008 10.1684
-3.684494e-008 10.1024
-3.664494e-008 9.96952
-3.644494e-008 9.92808
-3.624494e-008 9.99299
-3.604494e-008 10.0479
-3.584494e-008 10.0527
-3.564494e-008 10.0911
-3.544494e-008 10.1263
-3.524494e-008 10.0589
-3.504494e-008 10.0023
-3.484494e-008 10.0631
-3.464494e-008 10.1677
-3.444494e-008 10.2129
-3.424494e-008 10.1377
-3.404494e-008 10.033
-3.384494e-008 10.0258
-3.364494e-008 10.0372
-3.344494e-008 10.0078
-3.324494e-008 10.0258
-3.304494e-008 10.0434
-3.284494e-008 9.96537
-3.264494e-008 9.91082
-3.244494e-008 9.96468
-3.224494e-008 10.0334
-3.204494e-008 10.0576
-3.184494e-008 10.0427
-3.164494e-008 9.99817
-3.144494e-008 9.97815
-3.124494e-008 10.0413
-3.104494e-008 10.1239
-3.084494e-008 10.1176
-3.064494e-008 10.0765
-3.044494e-008 10.089
-3.024494e-008 10.0973
-3.004494e-008 10.0286
-2.984494e-008 9.88251
-2.964494e-008 9.7917
-2.944494e-008 9.92049
-2.924494e-008 10.1245
-2.904494e-008 10.156
-2.884494e-008 10.042
-2.864494e-008 9.94327
-2.844494e-008 9.92981
-2.824494e-008 9.91393
-2.804494e-008 9.83382
-2.784494e-008 9.85489
-2.764494e-008 10.033
-2.744494e-008 10.1166
-2.724494e-008 10.0051
-2.704494e-008 9.89804
-2.684494e-008 9.92636
-2.664494e-008 10.0044
-2.644494e-008 10.0175
-2.624494e-008 9.96192
-2.604494e-008 9.92946
-2.584494e-008 9.98264
-2.564494e-008 10.0545
-2.544494e-008 10.0589
-2.524494e-008 9.9816
-2.504494e-008 9.91186
-2.484494e-008 9.97055
-2.464494e-008 10.0465
-2.444494e-008 9.98367
-2.424494e-008 9.92532
-2.404494e-008 9.98505
-2.384494e-008 10.0248
-2.364494e-008 10.004
-2.344494e-008 10.0061
-2.324494e-008 10.0158
-2.304494e-008 10.0393
-2.284494e-008 10.0876
-2.264494e-008 10.0745
-2.244494e-008 10.0092
-2.224494e-008 9.97124
-2.204494e-008 9.9816
-2.184494e-008 10.0185
-2.164494e-008 10.0154
-2.144494e-008 9.99023
-2.124494e-008 9.98402
-2.104494e-008 9.94742
-2.084494e-008 9.91427
-2.064494e-008 9.916
-2.044494e-008 9.90564
-2.024494e-008 9.93326
-2.004494e-008 10.0555
-1.984494e-008 10.1857
-1.964494e-008 10.2195
-1.944494e-008 10.1767
-1.924494e-008 10.1211
-1.904494e-008 10.0748
-1.884494e-008 10.0451
-1.864494e-008 10.05
-1.844494e-008 10.0938
-1.824494e-008 10.139
-1.804494e-008 10.1169
-1.784494e-008 10.0289
-1.764494e-008 9.98609
-1.744494e-008 10.0027
-1.724494e-008 9.98851
-1.704494e-008 9.96503
-1.684494e-008 9.98471
-1.664494e-008 10.0431
-1.644494e-008 10.1207
-1.624494e-008 10.1052
-1.604494e-008 9.97504
-1.584494e-008 9.92739
-1.564494e-008 10.0016
-1.544494e-008 10.0296
-1.524494e-008 9.98885
-1.504494e-008 10.0106
-1.484494e-008 10.1211
-1.464494e-008 10.1825
-1.444494e-008 10.11
-1.424494e-008 10.022
-1.404494e-008 10.0203
-1.384494e-008 9.96226
-1.364494e-008 9.82001
-1.344494e-008 9.8573
-1.324494e-008 10.0948
-1.304494e-008 10.2133
-1.284494e-008 10.1031
-1.264494e-008 10.0078
-1.244494e-008 10.0841
-1.224494e-008 10.1746
-1.204494e-008 10.1097
-1.184494e-008 9.98022
-1.164494e-008 9.95122
-1.144494e-008 9.95363
-1.124494e-008 9.88458
-1.104494e-008 9.86973
-1.084494e-008 9.92256
-1.064494e-008 9.88941
-1.044494e-008 9.86904
-1.024494e-008 10.0179
-1.004494e-008 10.2171
-9.844939e-009 10.2858
-9.644939e-009 10.2088
-9.444939e-009 10.109
-9.244939e-009 10.0503
-9.044939e-009 9.98781
-8.844939e-009 9.94051
-8.644939e-009 9.9671
-8.444939e-009 9.96952
-8.244939e-009 9.9046
-8.044939e-009 9.93671
-7.844939e-009 10.0807
-7.644939e-009 10.1494
-7.444939e-009 10.0672
-7.244939e-009 9.96365
-7.044939e-009 9.96019
-6.844939e-009 10.0051
-6.644939e-009 10.0075
-6.444939e-009 10.0027
-6.244939e-009 10.0997
-6.044939e-009 10.1898
-5.844939e-009 10.0873
-5.644939e-009 9.96744
-5.444939e-009 9.99921
-5.244939e-009 10.0503
-5.044939e-009 10.0527
-4.844939e-009 10.0358
-4.644939e-009 10.0306
-4.444939e-009 10.0462
-4.244939e-009 10.031
-4.044939e-009 10.0199
-3.844939e-009 10.0441
-3.644939e-009 10.0448
-3.444939e-009 10.0472
-3.244939e-009 10.081
-3.044939e-009 10.1138
-2.844939e-009 10.1456
-2.644939e-009 10.1674
-2.444939e-009 10.1425
-2.244939e-009 10.0835
-2.044939e-009 9.99645
-1.844939e-009 9.82347
-1.644939e-009 9.48821
-1.444939e-009 8.85464
-1.244939e-009 7.81468
-1.044939e-009 6.49782
-8.449387e-010 5.20202
-6.449387e-010 4.15447
-4.449387e-010 3.31754
-2.449387e-010 2.56174
-4.493873e-011 1.99412
1.550613e-010 1.73033
3.550613e-010 1.63676
5.550613e-010 1.56218
7.550613e-010 1.52938
9.550613e-010 1.5425
1.155061e-009 1.49106
1.355061e-009 1.40198
1.555061e-009 1.41234
1.755061e-009 1.47932
1.955061e-009 1.43029
2.155061e-009 1.3022
2.355061e-009 1.27768
2.555061e-009 1.32567
2.755061e-009 1.33603
2.955061e-009 1.31048
3.155061e-009 1.27734
3.355061e-009 1.27561
3.555061e-009 1.25351
3.755061e-009 1.19102
3.955061e-009 1.21001
4.155061e-009 1.26076
4.355061e-009 1.22555
4.555061e-009 1.18446
4.755061e-009 1.1741
4.955061e-009 1.14061
5.155061e-009 1.14233
5.355061e-009 1.23141
5.555061e-009 1.33672
5.755061e-009 1.41682
5.955061e-009 1.43098
6.155061e-009 1.33361
6.355061e-009 1.26456
6.555061e-009 1.3312
6.755061e-009 1.40923
6.955061e-009 1.42028
7.155061e-009 1.40888
7.355061e-009 1.39231
7.555061e-009 1.35847
7.755061e-009 1.29805
7.955061e-009 1.25627
8.155061e-009 1.28459
8.355061e-009 1.37298
8.555061e-009 1.43547
8.755061e-009 1.37125
8.955061e-009 1.27457
9.155061e-009 1.29943
9.355061e-009 1.35191
9.555061e-009 1.28182
9.755061e-009 1.17375
9.955061e-009 1.15269
1.015506e-008 1.17168
1.035506e-008 1.18239
1.055506e-008 1.21139
1.075506e-008 1.2397
1.095506e-008 1.2176
1.115506e-008 1.20034
1.135506e-008 1.258
1.155506e-008 1.29425
1.175506e-008 1.26352
1.195506e-008 1.26318
1.215506e-008 1.28666
1.235506e-008 1.29356
1.255506e-008 1.3312
1.275506e-008 1.3861
1.295506e-008 1.40232
1.315506e-008 1.3785
1.335506e-008 1.32222
1.355506e-008 1.22485
1.375506e-008 1.14544
1.395506e-008 1.20621
1.415506e-008 1.32947
1.435506e-008 1.29287
1.455506e-008 1.17168
1.475506e-008 1.17997
1.495506e-008 1.23659
1.515506e-008 1.20586
1.535506e-008 1.15304
1.555506e-008 1.15856
1.575506e-008 1.18964
1.595506e-008 1.17479
1.615506e-008 1.12576
1.635506e-008 1.09365
1.655506e-008 1.05602
1.675506e-008 1.04255
1.695506e-008 1.18135
1.715506e-008 1.39645
1.735506e-008 1.41993
1.755506e-008 1.23418
1.775506e-008 1.05912
1.795506e-008 1.00181
1.815506e-008 1.03979
1.835506e-008 1.07915
1.855506e-008 1.03357
1.875506e-008 0.993523
1.895506e-008 1.04152
1.915506e-008 1.10366
1.935506e-008 1.13923
1.955506e-008 1.13025
1.975506e-008 1.02909
1.995506e-008 0.933101
2.015506e-008 0.980058
2.035506e-008 1.0719
2.055506e-008 1.094
2.075506e-008 1.08088
2.095506e-008 1.01631
2.115506e-008 0.934482
2.135506e-008 0.983511
2.155506e-008 1.1375
2.175506e-008 1.19205
2.195506e-008 1.10159
2.215506e-008 1.01182
2.235506e-008 1.02632
2.255506e-008 1.094
2.275506e-008 1.09814
2.295506e-008 1.06465
2.315506e-008 1.0864
2.335506e-008 1.10643
2.355506e-008 1.06051
2.375506e-008 1.02736
2.395506e-008 1.03323
2.415506e-008 1.03496
2.435506e-008 1.1085
2.455506e-008 1.23176
2.475506e-008 1.21484
2.495506e-008 1.0902
2.515506e-008 1.01355
2.535506e-008 1.0101
2.555506e-008 1.05464
2.575506e-008 1.07984
2.595506e-008 1.0612
2.615506e-008 1.06879
2.635506e-008 1.11195
2.655506e-008 1.1451
2.675506e-008 1.152
2.695506e-008 1.10021
2.715506e-008 1.01528
2.735506e-008 1.00492
2.755506e-008 1.06361
2.775506e-008 1.12852
2.795506e-008 1.20552
2.815506e-008 1.23211
2.835506e-008 1.16098
2.855506e-008 1.10712
2.875506e-008 1.1482
2.895506e-008 1.22313
2.915506e-008 1.27595
2.935506e-008 1.26836
2.955506e-008 1.16132
2.975506e-008 1.05291
2.995506e-008 1.06465
3.015506e-008 1.13785
3.035506e-008 1.18791
3.055506e-008 1.18998
3.075506e-008 1.14199
3.095506e-008 1.10436
3.115506e-008 1.11989
3.135506e-008 1.1703
3.155506e-008 1.18066
3.175506e-008 1.10125
3.195506e-008 1.02771
3.215506e-008 1.0208
3.235506e-008 0.999048
3.255506e-008 0.970045
3.275506e-008 1.02218
3.295506e-008 1.1482
3.315506e-008 1.29184
3.335506e-008 1.36262
3.355506e-008 1.26214
3.375506e-008 1.0864
3.395506e-008 0.999048
3.415506e-008 0.986273
3.435506e-008 1.00802
3.455506e-008 1.06085
3.475506e-008 1.10366
3.495506e-008 1.13267
3.515506e-008 1.15028
3.535506e-008 1.11471
3.555506e-008 0.998702
3.575506e-008 0.884763
3.595506e-008 0.919636
3.615506e-008 1.04566
3.635506e-008 1.08364
3.655506e-008 1.04117
3.675506e-008 1.01666
3.695506e-008 1.03565
3.715506e-008 1.0826
3.735506e-008 1.13474
3.755506e-008 1.17997
3.775506e-008 1.18895
3.795506e-008 1.14441
3.815506e-008 1.10539
3.835506e-008 1.1085
3.855506e-008 1.13336
3.875506e-008 1.13957
3.895506e-008 1.07811
3.915506e-008 0.968319
3.935506e-008 0.898229
3.955506e-008 0.94484
3.975506e-008 1.07017
3.995506e-008 1.17065
4.015506e-008 1.21553
4.035506e-008 1.23141
4.055506e-008 1.22347
4.075506e-008 1.15131
4.095506e-008 1.07501
4.115506e-008 1.12921
4.135506e-008 1.21726
4.155506e-008 1.17065
4.175506e-008 1.09158
4.195506e-008 1.11678
4.215506e-008 1.16374
4.235506e-008 1.13577
4.255506e-008 1.07673
4.275506e-008 1.0574
4.295506e-008 1.06016
4.315506e-008 1.02287
4.335506e-008 0.964521
4.355506e-008 0.969009
4.375506e-008 1.01251
4.395506e-008 1.05671
4.415506e-008 1.16547
4.435506e-008 1.27561
4.455506e-008 1.25351
4.475506e-008 1.15476
4.495506e-008 1.07777
4.515506e-008 1.0536
4.535506e-008 1.12473
4.555506e-008 1.23211
4.575506e-008 1.22037
4.595506e-008 1.12507
4.615506e-008 1.12162
4.635506e-008 1.16581
4.655506e-008 1.13577
4.675506e-008 1.09814
4.695506e-008 1.13025
4.715506e-008 1.19758
4.735506e-008 1.18618
4.755506e-008 1.08226
4.775506e-008 1.03116
4.795506e-008 1.05084
4.815506e-008 1.07294
4.835506e-008 1.1047
4.855506e-008 1.15166
4.875506e-008 1.21173
4.895506e-008 1.25973
4.915506e-008 1.26698
4.935506e-008 1.22106
4.955506e-008 1.17134
4.975506e-008 1.20414
4.995506e-008 1.23176
5.015506e-008 1.15166
5.035506e-008 1.02771
5.055506e-008 0.960377
5.075506e-008 0.990761
5.095506e-008 1.04359
5.115506e-008 1.08122
5.135506e-008 1.11955
5.155506e-008 1.10988
5.175506e-008 1.094
5.195506e-008 1.13681
5.215506e-008 1.16788
5.235506e-008 1.11886
5.255506e-008 1.02667
5.275506e-008 0.970045
5.295506e-008 1.00423
5.315506e-008 1.11022
5.335506e-008 1.16512
5.355506e-008 1.12473
5.375506e-008 1.07225
5.395506e-008 1.01631
5.415506e-008 0.971081
5.435506e-008 1.01769
5.455506e-008 1.12507
5.475506e-008 1.18722
5.495506e-008 1.18204
5.515506e-008 1.16098
5.535506e-008 1.13577
5.555506e-008 1.09089
5.575506e-008 1.07294
5.595506e-008 1.11506
5.615506e-008 1.16754
5.635506e-008 1.15856
5.655506e-008 1.10539
5.675506e-008 1.08088
5.695506e-008 1.04773
5.715506e-008 0.956579
5.735506e-008 0.881656
5.755506e-008 0.898919
5.775506e-008 1.00561
5.795506e-008 1.13198
5.815506e-008 1.16996
5.835506e-008 1.09676
5.855506e-008 1.02909
5.875506e-008 1.04428
5.895506e-008 1.094
5.915506e-008 1.10332
5.935506e-008 1.03427
5.955506e-008 0.975915
5.975506e-008 1.01389
5.995506e-008 1.05705
6.015506e-008 1.08882
6.035506e-008 1.19447
6.055506e-008 1.29702
6.075506e-008 1.29494
6.095506e-008 1.27112
6.115506e-008 1.29978
6.135506e-008 1.30737
6.155506e-008 1.22244
6.175506e-008 1.08226
6.195506e-008 1.05395
6.215506e-008 1.19067
6.235506e-008 1.2656
6.255506e-008 1.16443
6.275506e-008 1.08467
6.295506e-008 1.17272
6.315506e-008 1.2946
6.335506e-008 1.2801
6.355506e-008 1.16823
6.375506e-008 1.08398
6.395506e-008 1.06258
6.415506e-008 1.08226
6.435506e-008 1.09434
6.455506e-008 1.06879
6.475506e-008 1.07811
6.495506e-008 1.16719
6.515506e-008 1.29184
6.535506e-008 1.39024
6.555506e-008 1.40301
6.575506e-008 1.32153
6.595506e-008 1.19343
6.615506e-008 1.10297
6.635506e-008 1.08329
6.655506e-008 1.08329
6.675506e-008 1.06603
6.695506e-008 1.04842
6.715506e-008 1.08122
6.735506e-008 1.16409
6.755506e-008 1.17997
6.775506e-008 1.05809
6.795506e-008 0.958306
6.815506e-008 1.00146
6.835506e-008 1.04911
6.855506e-008 1.03565
6.875506e-008 1.06948
6.895506e-008 1.16409
6.915506e-008 1.22762
6.935506e-008 1.20517
6.955506e-008 1.1665
6.975506e-008 1.22865
6.995506e-008 1.29633
7.015506e-008 1.20863
7.035506e-008 1.0574
7.055506e-008 1.01735
7.075506e-008 1.09952
7.095506e-008 1.18135
7.115506e-008 1.2
7.135506e-008 1.20138
7.155506e-008 1.19723
7.175506e-008 1.18549
7.195506e-008 1.20448
7.215506e-008 1.22624
7.235506e-008 1.18273
7.255506e-008 1.14959
7.275506e-008 1.24177
7.295506e-008 1.37159
7.315506e-008 1.3709
7.335506e-008 1.23901
7.355506e-008 1.14337
7.375506e-008 1.20207
7.395506e-008 1.25282
7.415506e-008 1.15891
7.435506e-008 1.08778
7.455506e-008 1.09918
7.475506e-008 1.0826
7.495506e-008 1.03737
7.515506e-008 0.984892
7.535506e-008 0.971426
7.555506e-008 1.0391
7.575506e-008 1.10953
7.595506e-008 1.16305
7.615506e-008 1.24557
7.635506e-008 1.28942
7.655506e-008 1.23245
7.675506e-008 1.16685
7.695506e-008 1.19896
7.715506e-008 1.28666
7.735506e-008 1.29218
7.755506e-008 1.18687
7.775506e-008 1.09676
7.795506e-008 1.08226
7.815506e-008 1.09607
7.835506e-008 1.11402
7.855506e-008 1.11471
7.875506e-008 1.10884
7.895506e-008 1.16167
7.915506e-008 1.22589
7.935506e-008 1.1848
7.955506e-008 1.07259
7.975506e-008 1.01804
7.995506e-008 1.06085
8.015506e-008 1.12438
8.035506e-008 1.12921
8.055506e-008 1.08709
8.075506e-008 1.08398
8.095506e-008 1.16374
8.115506e-008 1.28907
8.135506e-008 1.36883
8.155506e-008 1.28769
8.175506e-008 1.10366
8.195506e-008 1.05049
8.215506e-008 1.17306
8.235506e-008 1.28321
8.255506e-008 1.27492
8.275506e-008 1.18135
8.295506e-008 1.0902
8.315506e-008 1.10332
8.335506e-008 1.19274
8.355506e-008 1.22693
8.375506e-008 1.14095
8.395506e-008 1.01458
8.415506e-008 1.00319
8.435506e-008 1.06465
8.455506e-008 1.04221
8.475506e-008 1.03357
8.495506e-008 1.14959
8.515506e-008 1.21415
8.535506e-008 1.13923
8.555506e-008 1.10436
8.575506e-008 1.16547
8.595506e-008 1.21864
8.615506e-008 1.24626
8.635506e-008 1.21657
8.655506e-008 1.12162
8.675506e-008 1.07881
8.695506e-008 1.08675
8.715506e-008 1.06948
8.735506e-008 1.08088
8.755506e-008 1.13508
8.775506e-008 1.13819
8.795506e-008 1.08709
8.815506e-008 1.05912
8.835506e-008 1.1009
8.855506e-008 1.18929
8.875506e-008 1.2145
8.895506e-008 1.17065
8.915506e-008 1.17099
8.935506e-008 1.18791
8.955506e-008 1.1375
8.975506e-008 1.05947
8.995506e-008 1.02978
9.015506e-008 1.11161
9.035506e-008 1.24661
9.055506e-008 1.24039
9.075506e-008 1.13716
9.095506e-008 1.11886
9.115506e-008 1.11748
9.135506e-008 1.09849
9.155506e-008 1.15718
9.175506e-008 1.18446
9.195506e-008 1.10643
9.215506e-008 1.10401
9.235506e-008 1.22002
9.255506e-008 1.25835
9.275506e-008 1.17479
9.295506e-008 1.15718
9.315506e-008 1.24833
9.335506e-008 1.2946
9.355506e-008 1.23314
9.375506e-008 1.13232
9.395506e-008 1.11057
9.415506e-008 1.1596
9.435506e-008 1.18135
9.455506e-008 1.2031
9.475506e-008 1.22589
9.495506e-008 1.20483
9.515506e-008 1.17893
9.535506e-008 1.13474
9.555506e-008 1.05222
9.575506e-008 1.00595
9.595506e-008 1.00802
9.615506e-008 1.02287
9.635506e-008 1.08019
9.655506e-008 1.17099
9.675506e-008 1.2473
9.695506e-008 1.31877
9.715506e-008 1.38402
9.735506e-008 1.39404
9.755506e-008 1.34294
9.775506e-008 1.26939
9.795506e-008 1.20828
9.815506e-008 1.16892
9.835506e-008 1.10953
9.855506e-008 1.05809
9.875506e-008 1.10401
9.895506e-008 1.19171
9.915506e-008 1.20345
9.935506e-008 1.17686
9.955506e-008 1.14441
9.975506e-008 1.06707
9.995506e-008 1.05118
1.001551e-007 1.14924
1.003551e-007 1.19723
1.005551e-007 1.13405
1.007551e-007 1.06499
1.009551e-007 1.06603
1.011551e-007 1.13301
1.013551e-007 1.20794
1.015551e-007 1.20966
1.017551e-007 1.15235
1.019551e-007 1.12335
1.021551e-007 1.11264
1.023551e-007 1.11748
1.025551e-007 1.19861
1.027551e-007 1.27906
1.029551e-007 1.24453
1.031551e-007 1.14061
1.033551e-007 1.06534
1.035551e-007 1.05429
1.037551e-007 1.06361
1.039551e-007 1.0795
1.041551e-007 1.14648
1.043551e-007 1.20794
1.045551e-007 1.21588
1.047551e-007 1.27492
1.049551e-007 1.41406
1.051551e-007 1.46309
1.053551e-007 1.33258
1.055551e-007 1.19792
1.057551e-007 1.17893
1.059551e-007 1.17341
1.061551e-007 1.14164
1.063551e-007 1.15373
1.065551e-007 1.18031
1.067551e-007 1.11851
1.069551e-007 1.04428
1.071551e-007 1.09641
1.073551e-007 1.15062
1.075551e-007 1.11506
1.077551e-007 1.12852
1.079551e-007 1.21312
1.081551e-007 1.30185
1.083551e-007 1.35675
1.085551e-007 1.31324
1.087551e-007 1.22658
1.089551e-007 1.2252
1.091551e-007 1.28735
1.093551e-007 1.31773
1.095551e-007 1.28355
1.097551e-007 1.20828
1.099551e-007 1.17375
1.101551e-007 1.22106
1.103551e-007 1.25835
1.105551e-007 1.25282
1.107551e-007 1.28251
1.109551e-007 1.28493
1.111551e-007 1.19861
1.113551e-007 1.17962
1.115551e-007 1.22658
1.117551e-007 1.18135
1.119551e-007 1.1154
1.121551e-007 1.16512
1.123551e-007 1.30289
1.125551e-007 1.36331
1.127551e-007 1.25904
1.129551e-007 1.17272
1.131551e-007 1.25904
1.133551e-007 1.37159
1.135551e-007 1.34363
1.137551e-007 1.25179
1.139551e-007 1.20138
1.141551e-007 1.17272
1.143551e-007 1.16754
1.145551e-007 1.1962
1.147551e-007 1.229
1.149551e-007 1.22969
1.151551e-007 1.16443
1.153551e-007 1.10988
1.155551e-007 1.14786
1.157551e-007 1.17859
1.159551e-007 1.152
1.161551e-007 1.13267
1.163551e-007 1.14751
1.165551e-007 1.20241
1.167551e-007 1.22624
1.169551e-007 1.14959
1.171551e-007 1.08329
1.173551e-007 1.13301
1.175551e-007 1.22624
1.177551e-007 1.29287
1.179551e-007 1.34881
1.181551e-007 1.35778
1.183551e-007 1.25524
1.185551e-007 1.14199
1.187551e-007 1.12991
1.189551e-007 1.13094
1.191551e-007 1.09918
1.193551e-007 1.08778
1.195551e-007 1.09503
1.197551e-007 1.12265
1.199551e-007 1.15097
1.201551e-007 1.12921
1.203551e-007 1.0795
1.205551e-007 1.07121
1.207551e-007 1.14026
1.209551e-007 1.23107
1.211551e-007 1.20414
1.213551e-007 1.05498
1.215551e-007 0.961413
1.217551e-007 1.00457
1.219551e-007 1.08157
1.221551e-007 1.11126
1.223551e-007 1.09469
1.225551e-007 1.02632
1.227551e-007 0.965902
1.229551e-007 1.0132
1.231551e-007 1.08191
1.233551e-007 1.0429
1.235551e-007 1.01666
1.237551e-007 1.11126
1.239551e-007 1.2069
1.241551e-007 1.23728
1.243551e-007 1.25973
1.245551e-007 1.29218
1.247551e-007 1.28528
1.249551e-007 1.25006
1.251551e-007 1.26318
1.253551e-007 1.25835
1.255551e-007 1.19654
1.257551e-007 1.20966
1.259551e-007 1.25869
1.261551e-007 1.2252
1.263551e-007 1.2069
1.265551e-007 1.25835
1.267551e-007 1.27043
1.269551e-007 1.20103
1.271551e-007 1.1085
1.273551e-007 1.10263
1.275551e-007 1.19723
1.277551e-007 1.21829
1.279551e-007 1.12542
1.281551e-007 1.06707
1.283551e-007 1.09227
1.285551e-007 1.19551
1.287551e-007 1.32913
1.289551e-007 1.3823
1.291551e-007 1.36607
1.293551e-007 1.36711
1.295551e-007 1.37505
1.297551e-007 1.37712
1.299551e-007 1.38575
1.301551e-007 1.33361
1.303551e-007 1.2473
1.305551e-007 1.22555
1.307551e-007 1.21553
1.309551e-007 1.20586
1.311551e-007 1.23867
1.313551e-007 1.22002
1.315551e-007 1.11437
1.317551e-007 1.03116
1.319551e-007 1.11644
1.321551e-007 1.34777
1.323551e-007 1.4372
1.325551e-007 1.27768
1.327551e-007 1.14268
1.329551e-007 1.18964
1.331551e-007 1.28286
1.333551e-007 1.32636
1.335551e-007 1.3526
1.337551e-007 1.37056
1.339551e-007 1.34673
1.341551e-007 1.31117
1.343551e-007 1.31877
1.345551e-007 1.35571
1.347551e-007 1.40785
1.349551e-007 1.43478
1.351551e-007 1.36055
1.353551e-007 1.2504
1.355551e-007 1.20759
1.357551e-007 1.25248
1.359551e-007 1.3892
1.361551e-007 1.51661
1.363551e-007 1.51246
1.365551e-007 1.42511
1.367551e-007 1.3678
1.369551e-007 1.37988
1.371551e-007 1.43478
1.373551e-007 1.46931
1.375551e-007 1.43996
1.377551e-007 1.3861
1.379551e-007 1.35744
1.381551e-007 1.35537
1.383551e-007 1.39611
1.385551e-007 1.48622
1.387551e-007 1.55735
1.389551e-007 1.5173
1.391551e-007 1.39335
1.393551e-007 1.3457
1.395551e-007 1.44928
1.397551e-007 1.55321
1.399551e-007 1.528
1.401551e-007 1.4517
1.403551e-007 1.41648
1.405551e-007 1.47448
1.407551e-007 1.60327
1.409551e-007 1.64747
1.411551e-007 1.58463
1.413551e-007 1.50763
1.415551e-007 1.46136
1.417551e-007 1.51523
1.419551e-007 1.62468
1.421551e-007 1.60845
1.423551e-007 1.49934
1.425551e-007 1.51454
1.427551e-007 1.60293
1.429551e-007 1.58083
1.431551e-007 1.50867
1.433551e-007 1.47276
1.435551e-007 1.45342
1.437551e-007 1.49002
1.439551e-007 1.55217
1.441551e-007 1.52697
1.443551e-007 1.48588
1.445551e-007 1.52662
1.447551e-007 1.60914
1.449551e-007 1.69822
1.451551e-007 1.7545
1.453551e-007 1.74414
1.455551e-007 1.69028
1.457551e-007 1.63331
1.459551e-007 1.62226
1.461551e-007 1.68096
1.463551e-007 1.7255
1.465551e-007 1.68614
1.467551e-007 1.60396
1.469551e-007 1.51488
1.471551e-007 1.48001
1.473551e-007 1.51972
1.475551e-007 1.53249
1.477551e-007 1.51005
1.479551e-007 1.5211
1.481551e-007 1.52248
1.483551e-007 1.51799
1.485551e-007 1.57116
1.487551e-007 1.61259
1.489551e-007 1.59671
1.491551e-007 1.61052
1.493551e-007 1.67681
1.495551e-007 1.72722
1.497551e-007 1.74241
1.499551e-007 1.68786
1.501551e-007 1.57807
1.503551e-007 1.57116
1.505551e-007 1.66162
1.507551e-007 1.71376
1.509551e-007 1.72032
1.511551e-007 1.71756
1.513551e-007 1.74828
1.515551e-007 1.79317
1.517551e-007 1.75346
1.519551e-007 1.66991
1.521551e-007 1.67888
1.523551e-007 1.75484
1.525551e-007 1.77487
1.527551e-007 1.73275
1.529551e-007 1.66956
1.531551e-007 1.65299
1.533551e-007 1.75623
1.535551e-007 1.86119
1.537551e-007 1.85946
1.539551e-007 1.8239
1.541551e-007 1.76106
1.543551e-007 1.67578
1.545551e-007 1.66818
1.547551e-007 1.74897
1.549551e-007 1.83184
1.551551e-007 1.83046
1.553551e-007 1.74794
1.555551e-007 1.68993
1.557551e-007 1.7324
1.559551e-007 1.8422
1.561551e-007 1.94992
1.563551e-007 2.00309
1.565551e-007 1.97478
1.567551e-007 1.95993
1.569551e-007 2.04315
1.571551e-007 2.06559
1.573551e-007 1.9116
1.575551e-007 1.79835
1.577551e-007 1.87051
1.579551e-007 1.89917
1.581551e-007 1.78108
1.583551e-007 1.74276
1.585551e-007 1.87189
1.587551e-007 2.02485
1.589551e-007 2.07284
1.591551e-007 2.02692
1.593551e-007 1.9658
1.595551e-007 1.90849
1.597551e-007 1.85497
1.599551e-007 1.80077
1.601551e-007 1.75623
1.603551e-007 1.79144
1.605551e-007 1.90538
1.607551e-007 1.98514
1.609551e-007 2.00482
1.611551e-007 2.05178
1.613551e-007 2.12877
1.615551e-007 2.16088
1.617551e-007 2.1343
1.619551e-007 2.0504
1.621551e-007 1.92334
1.623551e-007 1.85428
1.625551e-007 1.86326
1.627551e-007 1.85497
1.629551e-007 1.82459
1.631551e-007 1.79559
1.633551e-007 1.78557
1.635551e-007 1.85704
1.637551e-007 1.91712
1.639551e-007 1.85704
1.641551e-007 1.84945
1.643551e-007 2.00137
1.645551e-007 2.15294
1.647551e-007 2.20439
1.649551e-007 2.14983
1.651551e-007 2.05178
1.653551e-007 2.03935
1.655551e-007 2.03624
1.657551e-007 1.92748
1.659551e-007 1.86878
1.661551e-007 1.94267
1.663551e-007 1.99722
1.665551e-007 1.98687
1.667551e-007 1.9879
1.669551e-007 2.00447
1.671551e-007 1.9879
1.673551e-007 1.93231
1.675551e-007 1.89813
1.677551e-007 1.91678
1.679551e-007 1.98859
1.681551e-007 2.08182
1.683551e-007 2.13188
1.685551e-007 2.13948
1.687551e-007 2.0939
1.689551e-007 1.98997
1.691551e-007 1.92713
1.693551e-007 1.96373
1.695551e-007 2.07249
1.697551e-007 2.14914
1.699551e-007 2.09355
1.701551e-007 1.98445
1.703551e-007 1.92575
1.705551e-007 1.94336
1.707551e-007 2.02208
1.709551e-007 2.05178
1.711551e-007 2.00137
1.713551e-007 1.98618
1.715551e-007 2.04418
1.717551e-007 2.11151
1.719551e-007 2.14604
1.721551e-007 2.14604
1.723551e-007 2.12497
1.725551e-007 2.09666
1.727551e-007 2.10564
1.729551e-007 2.20577
1.731551e-007 2.33421
1.733551e-007 2.3532
1.735551e-007 2.27275
1.737551e-007 2.16572
1.739551e-007 2.08216
1.741551e-007 2.10081
1.743551e-007 2.1778
1.745551e-007 2.20577
1.747551e-007 2.19886
1.749551e-007 2.1999
1.751551e-007 2.1816
1.753551e-007 2.16399
1.755551e-007 2.17538
1.757551e-007 2.1526
1.759551e-007 2.12877
1.761551e-007 2.20577
1.763551e-007 2.32765
1.765551e-007 2.39532
1.767551e-007 2.39877
1.769551e-007 2.34629
1.771551e-007 2.28552
1.773551e-007 2.27275
1.775551e-007 2.24513
1.777551e-007 2.18402
1.779551e-007 2.19403
1.781551e-007 2.26274
1.783551e-007 2.30279
1.785551e-007 2.31349
1.787551e-007 2.31591
1.789551e-007 2.30313
1.791551e-007 2.28725
1.793551e-007 2.29726
1.795551e-007 2.29554
1.797551e-007 2.2579
1.799551e-007 2.23477
1.801551e-007 2.26239
1.803551e-007 2.34457
1.805551e-007 2.39498
1.807551e-007 2.35044
1.809551e-007 2.30866
1.811551e-007 2.34457
1.813551e-007 2.37081
1.815551e-007 2.32178
1.817551e-007 2.29657
1.819551e-007 2.31729
1.821551e-007 2.28863
1.823551e-007 2.22648
1.825551e-007 2.24893
1.827551e-007 2.37668
1.829551e-007 2.45402
1.831551e-007 2.39152
1.833551e-007 2.3021
1.835551e-007 2.30728
1.837551e-007 2.37253
1.839551e-007 2.37944
1.841551e-007 2.35803
1.843551e-007 2.42674
1.845551e-007 2.51306
1.847551e-007 2.4951
1.849551e-007 2.45989
1.851551e-007 2.50063
1.853551e-007 2.53792
1.855551e-007 2.48026
1.857551e-007 2.36079
1.859551e-007 2.309
1.861551e-007 2.37633
1.863551e-007 2.48026
1.865551e-007 2.51168
1.867551e-007 2.41051
1.869551e-007 2.25825
1.871551e-007 2.18919
1.873551e-007 2.24996
1.875551e-007 2.4005
1.877551e-007 2.50443
1.879551e-007 2.48751
1.881551e-007 2.492
1.883551e-007 2.6232
1.885551e-007 2.70986
1.887551e-007 2.6377
1.889551e-007 2.56347
1.891551e-007 2.59972
1.893551e-007 2.64806
1.895551e-007 2.58349
1.897551e-007 2.47957
1.899551e-007 2.50132
1.901551e-007 2.57728
1.903551e-007 2.55967
1.905551e-007 2.51547
1.907551e-007 2.49821
1.909551e-007 2.45333
1.911551e-007 2.39912
1.913551e-007 2.38531
1.915551e-007 2.38807
1.917551e-007 2.38116
1.919551e-007 2.37737
1.921551e-007 2.3677
1.923551e-007 2.40913
1.925551e-007 2.55794
1.927551e-007 2.70296
1.929551e-007 2.76545
1.931551e-007 2.78271
1.933551e-007 2.79204
1.935551e-007 2.7803
1.937551e-007 2.65324
1.939551e-007 2.48336
1.941551e-007 2.47024
1.943551e-007 2.57831
1.945551e-007 2.63701
1.947551e-007 2.59523
1.949551e-007 2.53032
1.951551e-007 2.53585
1.953551e-007 2.61457
1.955551e-007 2.6705
1.957551e-007 2.67223
1.959551e-007 2.67672
1.961551e-007 2.63597
1.963551e-007 2.53308
1.965551e-007 2.49062
1.967551e-007 2.47957
1.969551e-007 2.44435
1.971551e-007 2.51099
1.973551e-007 2.6339
1.975551e-007 2.65082
1.977551e-007 2.65773
1.979551e-007 2.75578
1.981551e-007 2.79894
1.983551e-007 2.72367
1.985551e-007 2.685
1.987551e-007 2.73334
1.989551e-007 2.77236
1.991551e-007 2.75613
1.993551e-007 2.70503
1.995551e-007 2.66187
1.997551e-007 2.65427
1.999551e-007 2.64392
2.001551e-007 2.60904
2.003551e-007 2.62216
2.005551e-007 2.71573
2.007551e-007 2.84003
2.009551e-007 2.9039
2.011551e-007 2.87283
2.013551e-007 2.87525
2.015551e-007 2.9115
2.017551e-007 2.8566
2.019551e-007 2.79169
2.021551e-007 2.77961
2.023551e-007 2.74301
2.025551e-007 2.74335
2.027551e-007 2.81103
2.029551e-007 2.77857
2.031551e-007 2.67741
2.033551e-007 2.66705
2.035551e-007 2.66705
2.037551e-007 2.62354
2.039551e-007 2.6522
2.041551e-007 2.74301
2.043551e-007 2.78479
2.045551e-007 2.77754
2.047551e-007 2.78479
2.049551e-007 2.84555
2.051551e-007 2.99471
2.053551e-007 3.17701
2.055551e-007 3.24192
2.057551e-007 3.0938
2.059551e-007 2.86109
2.061551e-007 2.79307
2.063551e-007 2.90425
2.065551e-007 3.01474
2.067551e-007 3.0099
2.069551e-007 2.89527
2.071551e-007 2.79549
2.073551e-007 2.83554
2.075551e-007 2.96916
2.077551e-007 3.01957
2.079551e-007 2.92393
2.081551e-007 2.83312
2.083551e-007 2.86005
2.085551e-007 2.92151
2.087551e-007 2.9298
2.089551e-007 2.93291
2.091551e-007 2.98746
2.093551e-007 3.08172
2.095551e-007 3.12729
2.097551e-007 3.05582
2.099551e-007 2.98504
2.101551e-007 3.02061
2.103551e-007 3.06756
2.105551e-007 3.003
2.107551e-007 2.85557
2.109551e-007 2.78617
2.111551e-007 2.85729
2.113551e-007 2.95708
2.115551e-007 2.97434
2.117551e-007 2.91357
2.119551e-007 2.8894
2.121551e-007 2.93636
2.123551e-007 2.93774
2.125551e-007 2.88768
2.127551e-007 2.8711
2.129551e-007 2.86213
2.131551e-007 2.88526
2.133551e-007 2.98332
2.135551e-007 3.01922
2.137551e-007 2.94223
2.139551e-007 2.93809
2.141551e-007 3.04236
2.143551e-007 3.07757
2.145551e-007 3.04063
2.147551e-007 3.01819
2.149551e-007 3.00334
2.151551e-007 3.04892
2.153551e-007 3.17839
2.155551e-007 3.24952
2.157551e-007 3.17391
2.159551e-007 3.0389
2.161551e-007 2.98919
2.163551e-007 3.07343
2.165551e-007 3.14905
2.167551e-007 3.12108
2.169551e-007 3.08655
2.171551e-007 3.10899
2.173551e-007 3.13938
2.175551e-007 3.15146
2.177551e-007 3.17805
2.179551e-007 3.15112
2.181551e-007 3.03442
2.183551e-007 3.01543
2.185551e-007 3.14905
2.187551e-007 3.23087
2.189551e-007 3.19911
2.191551e-007 3.17321
2.193551e-007 3.16769
2.195551e-007 3.1197
2.197551e-007 3.09346
2.199551e-007 3.17805
2.201551e-007 3.29164
2.203551e-007 3.32099
2.205551e-007 3.25953
2.207551e-007 3.14421
2.209551e-007 3.08379
2.211551e-007 3.16873
2.213551e-007 3.28163
2.215551e-007 3.28784
2.217551e-007 3.21879
2.219551e-007 3.1525
2.221551e-007 3.15526
2.223551e-007 3.18875
2.225551e-007 3.14283
2.227551e-007 3.07136
2.229551e-007 3.10796
2.231551e-007 3.2326
2.233551e-007 3.29268
2.235551e-007 3.2364
2.237551e-007 3.14456
2.239551e-007 3.06963
2.241551e-007 3.0648
2.243551e-007 3.13109
2.245551e-007 3.18599
2.247551e-007 3.22431
2.249551e-007 3.29579
2.251551e-007 3.37382
2.253551e-007 3.39764
2.255551e-007 3.36898
2.257551e-007 3.30925
2.259551e-007 3.22362
2.261551e-007 3.12764
2.263551e-007 3.06929
2.265551e-007 3.12488
2.267551e-007 3.26057
2.269551e-007 3.31788
2.271551e-007 3.24641
2.273551e-007 3.15043
2.275551e-007 3.1563
2.277551e-007 3.25642
2.279551e-007 3.29682
2.281551e-007 3.23053
2.283551e-007 3.1853
2.285551e-007 3.22777
2.287551e-007 3.28957
2.289551e-007 3.32686
2.291551e-007 3.37313
2.293551e-007 3.37727
2.295551e-007 3.31961
2.297551e-007 3.34309
2.299551e-007 3.41629
2.301551e-007 3.38728
2.303551e-007 3.30787
2.305551e-007 3.28232
2.307551e-007 3.33446
2.309551e-007 3.38072
2.311551e-007 3.32272
2.313551e-007 3.2219
2.315551e-007 3.20947
2.317551e-007 3.31685
2.319551e-007 3.42043
2.321551e-007 3.43838
2.323551e-007 3.42146
2.325551e-007 3.39039
2.327551e-007 3.40834
2.329551e-007 3.51227
2.331551e-007 3.57373
2.333551e-007 3.51365
2.335551e-007 3.39764
2.337551e-007 3.33791
2.339551e-007 3.35759
2.341551e-007 3.3607
2.343551e-007 3.35241
2.345551e-007 3.3821
2.347551e-007 3.37347
2.349551e-007 3.30476
2.351551e-007 3.28543
2.353551e-007 3.33584
2.355551e-007 3.36933
2.357551e-007 3.37278
2.359551e-007 3.35241
2.361551e-007 3.34516
2.363551e-007 3.43735
2.365551e-007 3.54783
2.367551e-007 3.57373
2.369551e-007 3.57822
2.371551e-007 3.59548
2.373551e-007 3.60066
2.375551e-007 3.57442
2.377551e-007 3.47705
2.379551e-007 3.36553
2.381551e-007 3.39453
2.383551e-007 3.51849
2.385551e-007 3.57994
2.387551e-007 3.58961
2.389551e-007 3.60722
2.391551e-007 3.64451
2.393551e-007 3.66212
2.395551e-007 3.61171
2.397551e-007 3.55612
2.399551e-007 3.56682
2.401551e-007 3.57822
2.403551e-007 3.52194
2.405551e-007 3.466
2.407551e-007 3.47843
2.409551e-007 3.50157
2.411551e-007 3.50295
2.413551e-007 3.5392
2.415551e-007 3.57373
2.417551e-007 3.5506
2.419551e-007 3.50951
2.421551e-007 3.47187
2.423551e-007 3.50606
2.425551e-007 3.62828
2.427551e-007 3.68974
2.429551e-007 3.65659
2.431551e-007 3.58305
2.433551e-007 3.49535
2.435551e-007 3.51262
2.437551e-007 3.61343
2.439551e-007 3.58478
2.441551e-007 3.4515
2.443551e-007 3.39695
2.445551e-007 3.41525
2.447551e-007 3.44805
2.449551e-007 3.50536
2.451551e-007 3.56855
2.453551e-007 3.60308
2.455551e-007 3.58305
2.457551e-007 3.54369
2.459551e-007 3.59306
2.461551e-007 3.67835
2.463551e-007 3.63381
2.465551e-007 3.56717
2.467551e-007 3.65038
2.469551e-007 3.72392
2.471551e-007 3.65141
2.473551e-007 3.55854
2.475551e-007 3.53333
2.477551e-007 3.53437
2.479551e-007 3.49742
2.481551e-007 3.45047
2.483551e-007 3.5026
2.485551e-007 3.65625
2.487551e-007 3.79815
2.489551e-007 3.80368
2.491551e-007 3.66039
2.493551e-007 3.53747
2.495551e-007 3.57994
2.497551e-007 3.71115
2.499551e-007 3.75879
2.501551e-007 3.6963
2.503551e-007 3.61758
2.505551e-007 3.59306
2.507551e-007 3.60031
2.509551e-007 3.57649
2.511551e-007 3.5651
2.513551e-007 3.62448
2.515551e-007 3.68111
2.517551e-007 3.65694
2.519551e-007 3.61861
2.521551e-007 3.66005
