-2.28632e-008 9.88596
-2.26632e-008 9.9854
-2.24632e-008 10.0327
-2.22632e-008 10.06
-2.20632e-008 10.099
-2.18632e-008 10.224
-2.16632e-008 10.2975
-2.14632e-008 10.2129
-2.12632e-008 10.1173
-2.10632e-008 10.052
-2.08632e-008 9.97435
-2.06632e-008 9.93568
-2.04632e-008 9.9267
-2.02632e-008 9.91324
-2.00632e-008 9.95432
-1.98632e-008 10.0386
-1.96632e-008 10.0631
-1.94632e-008 9.97677
-1.92632e-008 9.83175
-1.90632e-008 9.781
-1.88632e-008 9.8794
-1.86632e-008 9.93775
-1.84632e-008 9.86628
-1.82632e-008 9.85592
-1.80632e-008 9.93499
-1.78632e-008 9.93084
-1.76632e-008 9.88941
-1.74632e-008 9.9229
-1.72632e-008 9.97124
-1.70632e-008 9.9961
-1.68632e-008 10.0427
-1.66632e-008 10.0841
-1.64632e-008 10.071
-1.62632e-008 10.0531
-1.60632e-008 10.0748
-1.58632e-008 10.0993
-1.56632e-008 10.0993
-1.54632e-008 10.0911
-1.52632e-008 10.0562
-1.50632e-008 9.9709
-1.48632e-008 9.95398
-1.46632e-008 10.0762
-1.44632e-008 10.1546
-1.42632e-008 10.0821
-1.40632e-008 9.9778
-1.38632e-008 9.9381
-1.36632e-008 9.95985
-1.34632e-008 10.0006
-1.32632e-008 10.0272
-1.30632e-008 10.0548
-1.28632e-008 10.0341
-1.26632e-008 9.9198
-1.24632e-008 9.86662
-1.22632e-008 9.94397
-1.20632e-008 9.97538
-1.18632e-008 9.92359
-1.16632e-008 9.94051
-1.14632e-008 10.0206
-1.12632e-008 10.0296
-1.10632e-008 9.96054
-1.08632e-008 9.91393
-1.06632e-008 9.95639
-1.04632e-008 10.051
-1.02632e-008 10.1214
-1.00632e-008 10.1453
-9.86323e-009 10.1418
-9.66323e-009 10.1121
-9.46323e-009 10.0496
-9.26323e-009 10.0275
-9.06323e-009 10.0966
-8.86323e-009 10.1591
-8.66323e-009 10.1656
-8.46323e-009 10.1473
-8.26323e-009 10.0969
-8.06323e-009 10.032
-7.86323e-009 9.96192
-7.66323e-009 9.89425
-7.46323e-009 9.90529
-7.26323e-009 9.99714
-7.06323e-009 10.0551
-6.86323e-009 10.0096
-6.66323e-009 9.94258
-6.46323e-009 9.9709
-6.26323e-009 10.0472
-6.06323e-009 10.1049
-5.86323e-009 10.1522
-5.66323e-009 10.1173
-5.46323e-009 9.94811
-5.26323e-009 9.78376
-5.06323e-009 9.79861
-4.86323e-009 9.93464
-4.66323e-009 10.0362
-4.46323e-009 10.0879
-4.26323e-009 10.051
-4.06323e-009 9.91393
-3.86323e-009 9.85972
-3.66323e-009 9.95501
-3.46323e-009 10.0582
-3.26323e-009 10.0897
-3.06323e-009 10.0334
-2.86323e-009 9.96226
-2.66323e-009 9.99196
-2.46323e-009 9.99368
-2.26323e-009 9.8176
-2.06323e-009 9.65877
-1.86323e-009 9.67914
-1.66323e-009 9.58557
-1.46323e-009 9.01761
-1.26323e-009 7.98352
-1.06323e-009 6.7181
-8.63228e-010 5.43991
-6.63228e-010 4.31433
-4.63228e-010 3.44563
-2.63228e-010 2.77339
-6.32278e-011 2.17849
1.36772e-010 1.75381
3.36772e-010 1.61708
5.36772e-010 1.57461
7.36772e-010 1.44376
9.36772e-010 1.35468
1.13677e-009 1.40336
1.33677e-009 1.45929
1.53677e-009 1.39266
1.73677e-009 1.24143
1.93677e-009 1.14993
2.13677e-009 1.20414
2.33677e-009 1.32775
2.53677e-009 1.41303
2.73677e-009 1.46482
2.93677e-009 1.42269
3.13677e-009 1.23936
3.33677e-009 1.10574
3.53677e-009 1.16858
3.73677e-009 1.33154
3.93677e-009 1.4479
4.13677e-009 1.39783
4.33677e-009 1.21242
4.53677e-009 1.1596
4.73677e-009 1.32705
4.93677e-009 1.48588
5.13677e-009 1.48864
5.33677e-009 1.37159
5.53677e-009 1.26974
5.73677e-009 1.28838
5.93677e-009 1.32809
6.13677e-009 1.31014
6.33677e-009 1.31186
6.53677e-009 1.32015
6.73677e-009 1.30012
6.93677e-009 1.31186
7.13677e-009 1.33465
7.33677e-009 1.32636
7.53677e-009 1.33776
7.73677e-009 1.37781
7.93677e-009 1.39818
8.13677e-009 1.40198
8.33677e-009 1.36434
8.53677e-009 1.20897
8.73677e-009 1.03806
8.93677e-009 0.991107
9.13677e-009 1.03219
9.33677e-009 1.15615
9.53677e-009 1.31324
9.73677e-009 1.36745
9.93677e-009 1.36538
1.01368e-008 1.38264
1.03368e-008 1.34743
1.05368e-008 1.25282
1.07368e-008 1.18964
1.09368e-008 1.19033
1.11368e-008 1.18895
1.13368e-008 1.16409
1.15368e-008 1.2107
1.17368e-008 1.31221
1.19368e-008 1.30772
1.21368e-008 1.20517
1.23368e-008 1.18549
1.25368e-008 1.23797
1.27368e-008 1.23797
1.29368e-008 1.24005
1.31368e-008 1.26422
1.33368e-008 1.23901
1.35368e-008 1.15615
1.37368e-008 1.0284
1.39368e-008 0.981094
1.41368e-008 1.11748
1.43368e-008 1.26525
1.45368e-008 1.26491
1.47368e-008 1.20448
1.49368e-008 1.17755
1.51368e-008 1.14682
1.53368e-008 1.11126
1.55368e-008 1.14199
1.57368e-008 1.20828
1.59368e-008 1.18618
1.61368e-008 1.046
1.63368e-008 0.953472
1.65368e-008 1.03737
1.67368e-008 1.16098
1.69368e-008 1.15925
1.71368e-008 1.09434
1.73368e-008 1.13094
1.75368e-008 1.2656
1.77368e-008 1.28562
1.79368e-008 1.13577
1.81368e-008 1.03703
1.83368e-008 1.08019
1.85368e-008 1.1154
1.87368e-008 1.08675
1.89368e-008 1.10919
1.91368e-008 1.17203
1.93368e-008 1.16305
1.95368e-008 1.11575
1.97368e-008 1.094
1.99368e-008 1.05947
2.01368e-008 0.98869
2.03368e-008 0.954163
2.05368e-008 1.03254
2.07368e-008 1.16788
2.09368e-008 1.21795
2.11368e-008 1.1665
2.13368e-008 1.15649
2.15368e-008 1.20621
2.17368e-008 1.1817
2.19368e-008 1.12231
2.21368e-008 1.14475
2.23368e-008 1.15166
2.25368e-008 1.10056
2.27368e-008 1.13543
2.29368e-008 1.23176
2.31368e-008 1.229
2.33368e-008 1.11748
2.35368e-008 1.05049
2.37368e-008 1.11161
2.39368e-008 1.16443
2.41368e-008 1.12542
2.43368e-008 1.08398
2.45368e-008 1.06361
2.47368e-008 1.04877
2.49368e-008 1.07155
2.51368e-008 1.09503
2.53368e-008 1.06154
2.55368e-008 1.05326
2.57368e-008 1.12852
2.59368e-008 1.17859
2.61368e-008 1.14613
2.63368e-008 1.09745
2.65368e-008 1.05015
2.67368e-008 0.974534
2.69368e-008 0.909277
2.71368e-008 0.945531
2.73368e-008 1.05567
