-4.79258e-008 9.92359
-4.77258e-008 9.95398
-4.75258e-008 10.0037
-4.73258e-008 10.0296
-4.71258e-008 9.98885
-4.69258e-008 9.9015
-4.67258e-008 9.89804
-4.65258e-008 9.95985
-4.63258e-008 9.95812
-4.61258e-008 9.91289
-4.59258e-008 9.87802
-4.57258e-008 9.86076
-4.55258e-008 9.92049
-4.53258e-008 10.0227
-4.51258e-008 10.0248
-4.49258e-008 9.89183
-4.47258e-008 9.75061
-4.45258e-008 9.78272
-4.43258e-008 9.95053
-4.41258e-008 9.99196
-4.39258e-008 9.89183
-4.37258e-008 9.88009
-4.35258e-008 9.94638
-4.33258e-008 9.916
-4.31258e-008 9.85903
-4.29258e-008 9.90702
-4.27258e-008 9.97642
-4.25258e-008 9.99161
-4.23258e-008 9.96261
-4.21258e-008 9.91634
-4.19258e-008 9.94431
-4.17258e-008 10.0244
-4.15258e-008 10.0513
-4.13258e-008 10.0431
-4.11258e-008 10.0548
-4.09258e-008 10.1173
-4.07258e-008 10.167
-4.05258e-008 10.0527
-4.03258e-008 9.82278
-4.01258e-008 9.72092
-3.99258e-008 9.8207
-3.97258e-008 9.93913
-3.95258e-008 9.99507
-3.93258e-008 10.04
-3.91258e-008 10.0496
-3.89258e-008 10.0821
-3.87258e-008 10.1784
-3.85258e-008 10.233
-3.83258e-008 10.2067
-3.81258e-008 10.1156
-3.79258e-008 10.0406
-3.77258e-008 10.0693
-3.75258e-008 10.1142
-3.73258e-008 10.0952
-3.71258e-008 10.0403
-3.69258e-008 10.0082
-3.67258e-008 10.0161
-3.65258e-008 10.0292
-3.63258e-008 10.0185
-3.61258e-008 9.9671
-3.59258e-008 9.95329
-3.57258e-008 10.0327
-3.55258e-008 10.0852
-3.53258e-008 10.0738
-3.51258e-008 10.0206
-3.49258e-008 9.87733
-3.47258e-008 9.75925
-3.45258e-008 9.83486
-3.43258e-008 9.99714
-3.41258e-008 10.0441
-3.39258e-008 9.9488
-3.37258e-008 9.83866
-3.35258e-008 9.85868
-3.33258e-008 9.97884
-3.31258e-008 10.0424
-3.29258e-008 10.032
-3.27258e-008 10.031
-3.25258e-008 10.0472
-3.23258e-008 10.0638
-3.21258e-008 10.0527
-3.19258e-008 9.9778
-3.17258e-008 9.93499
-3.15258e-008 9.99058
-3.13258e-008 10.0123
-3.11258e-008 9.96537
-3.09258e-008 9.97573
-3.07258e-008 10.0296
-3.05258e-008 10.0213
-3.03258e-008 9.95536
-3.01258e-008 9.93741
-2.99258e-008 9.98781
-2.97258e-008 9.96606
-2.95258e-008 9.89597
-2.93258e-008 9.94673
-2.91258e-008 10.0327
-2.89258e-008 10.0306
-2.87258e-008 10.0548
-2.85258e-008 10.1428
-2.83258e-008 10.1646
-2.81258e-008 10.0862
-2.79258e-008 9.9557
-2.77258e-008 9.85281
-2.75258e-008 9.89494
-2.73258e-008 10.0303
-2.71258e-008 10.1235
-2.69258e-008 10.1625
-2.67258e-008 10.1463
-2.65258e-008 10.1183
-2.63258e-008 10.1487
-2.61258e-008 10.1687
-2.59258e-008 10.0983
-2.57258e-008 9.96952
-2.55258e-008 9.85316
-2.53258e-008 9.84694
-2.51258e-008 9.97021
-2.49258e-008 10.0441
-2.47258e-008 9.98091
-2.45258e-008 9.94707
-2.43258e-008 9.94983
-2.41258e-008 9.86283
-2.39258e-008 9.84177
-2.37258e-008 9.96434
-2.35258e-008 10.0444
-2.33258e-008 10.0482
-2.31258e-008 10.0462
-2.29258e-008 10.0793
-2.27258e-008 10.1352
-2.25258e-008 10.099
-2.23258e-008 10.0016
-2.21258e-008 9.99403
-2.19258e-008 10.0037
-2.17258e-008 9.94155
-2.15258e-008 9.93775
-2.13258e-008 10.0362
-2.11258e-008 10.1021
-2.09258e-008 10.0344
-2.07258e-008 9.91358
-2.05258e-008 9.89873
-2.03258e-008 9.92463
-2.01258e-008 9.84798
-1.99258e-008 9.73508
-1.97258e-008 9.73577
-1.95258e-008 9.84004
-1.93258e-008 9.916
-1.91258e-008 9.95881
-1.89258e-008 10.0254
-1.87258e-008 10.0683
-1.85258e-008 10.0489
-1.83258e-008 9.9854
-1.81258e-008 9.93879
-1.79258e-008 10.0109
-1.77258e-008 10.1487
-1.75258e-008 10.158
-1.73258e-008 10.0586
-1.71258e-008 10.0362
-1.69258e-008 10.0759
-1.67258e-008 10.0728
-1.65258e-008 10.0127
-1.63258e-008 9.90737
-1.61258e-008 9.82726
-1.59258e-008 9.84694
-1.57258e-008 9.9122
-1.55258e-008 9.94707
-1.53258e-008 9.95743
-1.51258e-008 9.95053
-1.49258e-008 9.93464
-1.47258e-008 9.93188
-1.45258e-008 9.90391
-1.43258e-008 9.88389
-1.41258e-008 9.9633
-1.39258e-008 10.041
-1.37258e-008 10.0054
-1.35258e-008 9.94535
-1.33258e-008 9.96192
-1.31258e-008 10.0431
-1.29258e-008 10.0955
-1.27258e-008 10.052
-1.25258e-008 9.96606
-1.23258e-008 9.92118
-1.21258e-008 9.92463
-1.19258e-008 9.98333
-1.17258e-008 10.0441
-1.15258e-008 9.97884
-1.13258e-008 9.85937
-1.11258e-008 9.84384
-1.09258e-008 9.89079
-1.07258e-008 9.96365
-1.05258e-008 10.0254
-1.03258e-008 9.97815
-1.01258e-008 9.9198
-9.92576e-009 9.96261
-9.72576e-009 10.0406
-9.52576e-009 10.1049
-9.32576e-009 10.1542
-9.12576e-009 10.1397
-8.92576e-009 10.0206
-8.72576e-009 9.93154
-8.52576e-009 9.99852
-8.32576e-009 10.1156
-8.12576e-009 10.1508
-7.92576e-009 10.0893
-7.72576e-009 9.98298
-7.52576e-009 9.90426
-7.32576e-009 9.92463
-7.12576e-009 10.0444
-6.92576e-009 10.1411
-6.72576e-009 10.1318
-6.52576e-009 10.0969
-6.32576e-009 10.1024
-6.12576e-009 10.1166
-5.92576e-009 10.1404
-5.72576e-009 10.176
-5.52576e-009 10.1584
-5.32576e-009 10.0531
-5.12576e-009 9.91496
-4.92576e-009 9.82899
-4.72576e-009 9.90046
-4.52576e-009 10.0724
-4.32576e-009 10.1245
-4.12576e-009 10.0821
-3.92576e-009 10.0759
-3.72576e-009 10.069
-3.52576e-009 10.0676
-3.32576e-009 10.1021
-3.12576e-009 10.0596
-2.92576e-009 9.91255
-2.72576e-009 9.86732
-2.52576e-009 9.99127
-2.32576e-009 10.0786
-2.12576e-009 10.062
-1.92576e-009 10.0286
-1.72576e-009 9.85143
-1.52576e-009 9.30004
-1.32576e-009 8.32258
-1.12576e-009 7.05682
-9.25765e-010 5.73685
-7.25765e-010 4.51148
-5.25765e-010 3.44909
-3.25765e-010 2.62493
-1.25765e-010 2.08838
7.42353e-011 1.82045
2.74235e-010 1.66818
4.74235e-010 1.55424
6.74235e-010 1.49624
8.74235e-010 1.393
1.07424e-009 1.26594
1.27424e-009 1.21381
1.47424e-009 1.20656
1.67424e-009 1.24039
1.87424e-009 1.27526
2.07424e-009 1.23072
2.27424e-009 1.17134
2.47424e-009 1.17893
2.67424e-009 1.22347
2.87424e-009 1.28873
3.07424e-009 1.37159
3.27424e-009 1.39991
3.47424e-009 1.38126
3.67424e-009 1.41096
3.87424e-009 1.45066
4.07424e-009 1.40957
4.27424e-009 1.32705
4.47424e-009 1.27147
4.67424e-009 1.26974
4.87424e-009 1.3198
5.07424e-009 1.35744
5.27424e-009 1.36331
5.47424e-009 1.3312
5.67424e-009 1.23211
5.87424e-009 1.17686
6.07424e-009 1.25835
6.27424e-009 1.35813
6.47424e-009 1.40474
6.67424e-009 1.47414
6.87424e-009 1.53905
7.07424e-009 1.49382
7.27424e-009 1.38057
7.47424e-009 1.31635
7.67424e-009 1.3015
7.87424e-009 1.22865
8.07424e-009 1.07604
8.27424e-009 1.00595
8.47424e-009 1.10021
8.67424e-009 1.16443
8.87424e-009 1.10643
9.07424e-009 1.09849
9.27424e-009 1.19551
9.47424e-009 1.29563
9.67424e-009 1.35986
9.87424e-009 1.39231
1.00742e-008 1.39438
1.02742e-008 1.36331
1.04742e-008 1.32015
1.06742e-008 1.32775
1.08742e-008 1.34501
1.10742e-008 1.25938
1.12742e-008 1.12576
1.14742e-008 1.11126
1.16742e-008 1.2069
1.18742e-008 1.26283
1.20742e-008 1.29011
1.22742e-008 1.33707
1.24742e-008 1.31221
1.26742e-008 1.20034
1.28742e-008 1.10677
1.30742e-008 1.11437
1.32742e-008 1.16927
1.34742e-008 1.16063
1.36742e-008 1.13785
1.38742e-008 1.18964
1.40742e-008 1.24799
1.42742e-008 1.22693
1.44742e-008 1.17824
1.46742e-008 1.15994
1.48742e-008 1.1489
1.50742e-008 1.17203
1.52742e-008 1.21622
1.54742e-008 1.17893
1.56742e-008 1.07466
1.58742e-008 0.998702
1.60742e-008 0.97695
1.62742e-008 0.98282
1.64742e-008 1.00112
1.66742e-008 1.04842
1.68742e-008 1.11264
1.70742e-008 1.12921
1.72742e-008 1.06914
1.74742e-008 0.990071
1.76742e-008 0.974188
1.78742e-008 1.0391
1.80742e-008 1.1413
1.82742e-008 1.1741
1.84742e-008 1.07397
1.86742e-008 1.00906
1.88742e-008 1.10021
1.90742e-008 1.1962
1.92742e-008 1.18273
1.94742e-008 1.08088
1.96742e-008 0.966247
1.98742e-008 0.963485
2.00742e-008 1.06638
2.02742e-008 1.12127
2.04742e-008 1.02598
2.06742e-008 0.889252
2.08742e-008 0.933101
2.10742e-008 1.12576
2.12742e-008 1.20483
2.14742e-008 1.1306
2.16742e-008 1.10401
2.18742e-008 1.16823
2.20742e-008 1.18653
2.22742e-008 1.12507
2.24742e-008 1.05567
2.26742e-008 1.05464
2.28742e-008 1.13232
2.30742e-008 1.15718
2.32742e-008 1.05015
2.34742e-008 0.952091
2.36742e-008 1.00146
2.38742e-008 1.09469
2.40742e-008 1.08398
2.42742e-008 1.02598
2.44742e-008 1.00181
2.46742e-008 1.01458
2.48742e-008 1.08019
2.50742e-008 1.17375
2.52742e-008 1.22624
2.54742e-008 1.20138
2.56742e-008 1.13301
2.58742e-008 1.13129
2.60742e-008 1.23107
2.62742e-008 1.30772
2.64742e-008 1.27595
2.66742e-008 1.19654
2.68742e-008 1.16132
2.70742e-008 1.17721
2.72742e-008 1.17099
2.74742e-008 1.12921
2.76742e-008 1.09572
2.78742e-008 1.08847
2.80742e-008 1.09676
2.82742e-008 1.06845
2.84742e-008 1.02253
2.86742e-008 1.0284
2.88742e-008 1.02425
2.90742e-008 0.986618
2.92742e-008 0.996976
2.94742e-008 1.04704
2.96742e-008 1.09193
2.98742e-008 1.12231
3.00742e-008 1.13992
3.02742e-008 1.13612
3.04742e-008 1.08606
3.06742e-008 1.02701
3.08742e-008 1.00285
3.10742e-008 1.01458
3.12742e-008 1.05809
3.14742e-008 1.0681
3.16742e-008 1.03427
3.18742e-008 1.06396
3.20742e-008 1.1306
3.22742e-008 1.11989
3.24742e-008 1.09262
3.26742e-008 1.11126
3.28742e-008 1.10539
3.30742e-008 1.09572
3.32742e-008 1.13854
3.34742e-008 1.17859
3.36742e-008 1.17652
3.38742e-008 1.15166
3.40742e-008 1.1123
3.42742e-008 1.0643
3.44742e-008 1.03944
3.46742e-008 1.06879
3.48742e-008 1.0864
3.50742e-008 1.02667
3.52742e-008 0.98938
3.54742e-008 1.04255
3.56742e-008 1.07259
3.58742e-008 1.05153
3.60742e-008 1.08951
3.62742e-008 1.12231
3.64742e-008 1.04255
3.66742e-008 0.98282
3.68742e-008 1.04635
3.70742e-008 1.13163
3.72742e-008 1.15753
3.74742e-008 1.1375
3.76742e-008 1.06948
3.78742e-008 0.977641
3.80742e-008 0.937244
3.82742e-008 1.00941
3.84742e-008 1.14406
3.86742e-008 1.1741
3.88742e-008 1.0612
3.90742e-008 0.950019
3.92742e-008 0.899265
3.94742e-008 0.864047
3.96742e-008 0.866809
3.98742e-008 0.944495
4.00742e-008 1.04566
4.02742e-008 1.07397
4.04742e-008 0.994904
4.06742e-008 0.927922
4.08742e-008 1.01079
4.10742e-008 1.1703
4.12742e-008 1.23694
4.14742e-008 1.18239
4.16742e-008 1.12265
4.18742e-008 1.16754
4.20742e-008 1.30116
4.22742e-008 1.36193
4.24742e-008 1.23728
4.26742e-008 1.06741
4.28742e-008 1.01251
4.30742e-008 1.02978
4.32742e-008 1.03944
4.34742e-008 1.05636
4.36742e-008 1.08122
4.38742e-008 1.06189
4.40742e-008 1.04704
4.42742e-008 1.08226
4.44742e-008 1.11022
4.46742e-008 1.09572
4.48742e-008 1.03772
4.50742e-008 1.02425
4.52742e-008 1.11609
4.54742e-008 1.18411
4.56742e-008 1.19516
4.58742e-008 1.24281
4.60742e-008 1.25731
4.62742e-008 1.17997
4.64742e-008 1.09469
4.66742e-008 1.07225
4.68742e-008 1.09296
4.70742e-008 1.07294
4.72742e-008 1.03599
4.74742e-008 1.07466
4.76742e-008 1.11195
4.78742e-008 1.06568
4.80742e-008 1.01562
4.82742e-008 1.02736
4.84742e-008 1.02632
4.86742e-008 0.933101
4.88742e-008 0.857832
4.90742e-008 0.898574
4.92742e-008 0.958996
4.94742e-008 0.973498
4.96742e-008 1.00112
4.98742e-008 1.07294
5.00742e-008 1.12093
5.02742e-008 1.11195
5.04742e-008 1.12645
5.06742e-008 1.17997
5.08742e-008 1.19274
5.10742e-008 1.14544
5.12742e-008 1.0826
5.14742e-008 1.10021
5.16742e-008 1.19343
5.18742e-008 1.18411
5.20742e-008 1.07155
5.22742e-008 1.017
