-2.28426e-008 5.05636
-2.26426e-008 5.05636
-2.24426e-008 5.05636
-2.22426e-008 5.05627
-2.20426e-008 5.05636
-2.18426e-008 5.05636
-2.16426e-008 5.05636
-2.14426e-008 5.05636
-2.12426e-008 5.05636
-2.10426e-008 5.05636
-2.08426e-008 5.05636
-2.06426e-008 5.05636
-2.04426e-008 5.05636
-2.02426e-008 5.05636
-2.00426e-008 5.05636
-1.98426e-008 5.05636
-1.96426e-008 5.05636
-1.94426e-008 5.05636
-1.92426e-008 5.05636
-1.90426e-008 5.05636
-1.88426e-008 5.05636
-1.86426e-008 5.05636
-1.84426e-008 5.05636
-1.82426e-008 5.05636
-1.80426e-008 5.05636
-1.78426e-008 5.05636
-1.76426e-008 5.05636
-1.74426e-008 5.05636
-1.72426e-008 5.05636
-1.70426e-008 5.05636
-1.68426e-008 5.05636
-1.66426e-008 5.05636
-1.64426e-008 5.05636
-1.62426e-008 5.05636
-1.60426e-008 5.05636
-1.58426e-008 5.05636
-1.56426e-008 5.05636
-1.54426e-008 5.05636
-1.52426e-008 5.05636
-1.50426e-008 5.05636
-1.48426e-008 5.05636
-1.46426e-008 5.05636
-1.44426e-008 5.05636
-1.42426e-008 5.05636
-1.40426e-008 5.05636
-1.38426e-008 5.05636
-1.36426e-008 5.05636
-1.34426e-008 5.05636
-1.32426e-008 5.05636
-1.30426e-008 5.05636
-1.28426e-008 5.05636
-1.26426e-008 5.05636
-1.24426e-008 5.05636
-1.22426e-008 5.05636
-1.20426e-008 5.05636
-1.18426e-008 5.05636
-1.16426e-008 5.05636
-1.14426e-008 5.05636
-1.12426e-008 5.05636
-1.10426e-008 5.05636
-1.08426e-008 5.05636
-1.06426e-008 5.05636
-1.04426e-008 5.05636
-1.02426e-008 5.05636
-1.00426e-008 5.05636
-9.84258e-009 5.05636
-9.64258e-009 5.05636
-9.44258e-009 5.05636
-9.24258e-009 5.05636
-9.04258e-009 5.05636
-8.84258e-009 5.05636
-8.64258e-009 5.05636
-8.44258e-009 5.05636
-8.24258e-009 5.05636
-8.04258e-009 5.05636
-7.84258e-009 5.05636
-7.64258e-009 5.05636
-7.44258e-009 5.05636
-7.24258e-009 5.05636
-7.04258e-009 5.05636
-6.84258e-009 5.05636
-6.64258e-009 5.05636
-6.44258e-009 5.05636
-6.24258e-009 5.05636
-6.04258e-009 5.05636
-5.84258e-009 5.05636
-5.64258e-009 5.05636
-5.44258e-009 5.05636
-5.24258e-009 5.05636
-5.04258e-009 5.05636
-4.84258e-009 5.05636
-4.64258e-009 5.05636
-4.44258e-009 5.05636
-4.24258e-009 5.05636
-4.04258e-009 5.05636
-3.84258e-009 5.05636
-3.64258e-009 5.05636
-3.44258e-009 5.05636
-3.24258e-009 5.05636
-3.04258e-009 5.05636
-2.84258e-009 5.05636
-2.64258e-009 5.05636
-2.44258e-009 5.05636
-2.24258e-009 5.05636
-2.04258e-009 5.05636
-1.84258e-009 5.05636
-1.64258e-009 5.05636
-1.44258e-009 5.05636
-1.24258e-009 5.05636
-1.04258e-009 5.05636
-8.42579e-010 5.03452
-6.42579e-010 4.82805
-4.42579e-010 4.2057
-2.42579e-010 3.29375
-4.25788e-011 2.5282
1.57421e-010 2.09644
3.57421e-010 1.87003
5.57421e-010 1.72294
7.57421e-010 1.61807
9.57421e-010 1.55186
1.15742e-009 1.53253
1.35742e-009 1.55756
1.55742e-009 1.60926
1.75742e-009 1.65009
1.95742e-009 1.63801
2.15742e-009 1.59053
2.35742e-009 1.56084
2.55742e-009 1.56749
2.75742e-009 1.59813
2.95742e-009 1.61902
3.15742e-009 1.60434
3.35742e-009 1.58173
3.55742e-009 1.59088
3.75742e-009 1.61539
3.95742e-009 1.62256
4.15742e-009 1.62454
4.35742e-009 1.6425
4.55742e-009 1.67547
4.75742e-009 1.7049
4.95742e-009 1.70637
5.15742e-009 1.69722
5.35742e-009 1.7081
5.55742e-009 1.7289
5.75742e-009 1.74815
5.95742e-009 1.75851
6.15742e-009 1.74478
6.35742e-009 1.73149
6.55742e-009 1.75402
6.75742e-009 1.78259
6.95742e-009 1.77836
7.15742e-009 1.7617
7.35742e-009 1.75842
7.55742e-009 1.76326
7.75742e-009 1.76006
7.95742e-009 1.74081
8.15742e-009 1.7245
8.35742e-009 1.73399
8.55742e-009 1.74806
8.75742e-009 1.74349
8.95742e-009 1.7289
9.15742e-009 1.70689
9.35742e-009 1.69627
9.55742e-009 1.7138
9.75742e-009 1.72303
9.95742e-009 1.70862
1.01574e-008 1.69809
1.03574e-008 1.68911
1.05574e-008 1.67297
1.07574e-008 1.67314
1.09574e-008 1.69783
1.11574e-008 1.71941
1.13574e-008 1.71518
1.15574e-008 1.70111
1.17574e-008 1.69852
1.19574e-008 1.6999
1.21574e-008 1.70085
1.23574e-008 1.71155
1.25574e-008 1.72579
1.27574e-008 1.71872
1.29574e-008 1.7005
1.31574e-008 1.7081
1.33574e-008 1.72269
1.35574e-008 1.71336
1.37574e-008 1.7024
1.39574e-008 1.69973
1.41574e-008 1.69161
1.43574e-008 1.67849
1.45574e-008 1.65778
1.47574e-008 1.64146
1.49574e-008 1.65389
1.51574e-008 1.67167
1.53574e-008 1.67003
1.55574e-008 1.66062
1.57574e-008 1.63136
1.59574e-008 1.58907
1.61574e-008 1.58216
1.63574e-008 1.60512
1.65574e-008 1.62247
1.67574e-008 1.62523
1.69574e-008 1.61522
1.71574e-008 1.61669
1.73574e-008 1.64284
1.75574e-008 1.65916
1.77574e-008 1.65527
1.79574e-008 1.65432
1.81574e-008 1.65044
1.83574e-008 1.63024
1.85574e-008 1.60555
1.87574e-008 1.59338
1.89574e-008 1.58933
1.91574e-008 1.58346
1.93574e-008 1.58518
1.95574e-008 1.5933
1.97574e-008 1.59252
1.99574e-008 1.58665
2.01574e-008 1.58786
2.03574e-008 1.59312
2.05574e-008 1.59157
2.07574e-008 1.58648
2.09574e-008 1.57992
2.11574e-008 1.56861
2.13574e-008 1.56688
2.15574e-008 1.58389
2.17574e-008 1.59002
2.19574e-008 1.56403
2.21574e-008 1.53978
2.23574e-008 1.54107
2.25574e-008 1.54677
2.27574e-008 1.54479
2.29574e-008 1.54479
2.31574e-008 1.55661
2.33574e-008 1.57422
2.35574e-008 1.58423
2.37574e-008 1.58708
2.39574e-008 1.57405
2.41574e-008 1.54159
2.43574e-008 1.53244
2.45574e-008 1.56533
2.47574e-008 1.59252
2.49574e-008 1.58423
2.51574e-008 1.56706
2.53574e-008 1.57318
2.55574e-008 1.60314
2.57574e-008 1.62981
2.59574e-008 1.62282
2.61574e-008 1.59252
2.63574e-008 1.57733
2.65574e-008 1.58018
2.67574e-008 1.58026
2.69574e-008 1.57603
2.71574e-008 1.56369
2.73574e-008 1.53917
