-2.480573e-007 10.1021
-2.478573e-007 10.2319
-2.476573e-007 10.1977
-2.474573e-007 10.0451
-2.472573e-007 9.99783
-2.470573e-007 10.0362
-2.468573e-007 10.0071
-2.466573e-007 9.99265
-2.464573e-007 10.0973
-2.462573e-007 10.1819
-2.460573e-007 10.1066
-2.458573e-007 9.95536
-2.456573e-007 9.87836
-2.454573e-007 9.8939
-2.452573e-007 9.93326
-2.450573e-007 10.004
-2.448573e-007 10.1021
-2.446573e-007 10.1114
-2.444573e-007 10.0593
-2.442573e-007 10.0845
-2.440573e-007 10.1235
-2.438573e-007 10.0935
-2.436573e-007 10.0586
-2.434573e-007 10.0372
-2.432573e-007 10.0413
-2.430573e-007 10.0931
-2.428573e-007 10.109
-2.426573e-007 10.0738
-2.424573e-007 10.0683
-2.422573e-007 10.0472
-2.420573e-007 9.92083
-2.418573e-007 9.83003
-2.416573e-007 9.94224
-2.414573e-007 10.0645
-2.412573e-007 9.97573
-2.410573e-007 9.81691
-2.408573e-007 9.80896
-2.406573e-007 9.9381
-2.404573e-007 9.99092
-2.402573e-007 9.88596
-2.400573e-007 9.82347
-2.398573e-007 9.93982
-2.396573e-007 10.098
-2.394573e-007 10.1187
-2.392573e-007 10.0396
-2.390573e-007 10.0096
-2.388573e-007 10.0179
-2.386573e-007 9.97469
-2.384573e-007 9.93395
-2.382573e-007 9.95743
-2.380573e-007 9.96848
-2.378573e-007 9.96226
-2.376573e-007 9.98954
-2.374573e-007 9.97987
-2.372573e-007 9.93361
-2.370573e-007 9.91116
-2.368573e-007 9.93084
-2.366573e-007 10.0313
-2.364573e-007 10.1021
-2.362573e-007 10.0358
-2.360573e-007 9.99023
-2.358573e-007 10.0776
-2.356573e-007 10.1984
-2.354573e-007 10.2288
-2.352573e-007 10.1542
-2.350573e-007 10.0669
-2.348573e-007 10.032
-2.346573e-007 10.0386
-2.344573e-007 10.0071
-2.342573e-007 9.91634
-2.340573e-007 9.89666
-2.338573e-007 9.94397
-2.336573e-007 9.90978
-2.334573e-007 9.81483
-2.332573e-007 9.77409
-2.330573e-007 9.82623
-2.328573e-007 9.94327
-2.326573e-007 10.04
-2.324573e-007 10.0103
-2.322573e-007 9.94673
-2.320573e-007 10.0479
-2.318573e-007 10.1812
-2.316573e-007 10.1232
-2.314573e-007 10.003
-2.312573e-007 10.0199
-2.310573e-007 10.1328
-2.308573e-007 10.2057
-2.306573e-007 10.1901
-2.304573e-007 10.129
-2.302573e-007 10.0507
-2.300573e-007 9.95812
-2.298573e-007 9.9198
-2.296573e-007 9.92705
-2.294573e-007 9.89701
-2.292573e-007 9.91531
-2.290573e-007 9.97642
-2.288573e-007 9.93568
-2.286573e-007 9.89977
-2.284573e-007 10.0023
-2.282573e-007 10.0931
-2.280573e-007 10.0641
-2.278573e-007 10.0462
-2.276573e-007 10.108
-2.274573e-007 10.1567
-2.272573e-007 10.1176
-2.270573e-007 10.023
-2.268573e-007 9.94051
-2.266573e-007 9.86904
-2.264573e-007 9.87146
-2.262573e-007 9.99368
-2.260573e-007 10.0765
-2.258573e-007 10.0607
-2.256573e-007 10.0617
-2.254573e-007 10.0375
-2.252573e-007 9.91945
-2.250573e-007 9.87664
-2.248573e-007 10.013
-2.246573e-007 10.1266
-2.244573e-007 10.0493
-2.242573e-007 9.92014
-2.240573e-007 9.89632
-2.238573e-007 9.94362
-2.236573e-007 10.0082
-2.234573e-007 10.0451
-2.232573e-007 10.0141
-2.230573e-007 9.97021
-2.228573e-007 10.0002
-2.226573e-007 10.08
-2.224573e-007 10.128
-2.222573e-007 10.1491
-2.220573e-007 10.1415
-2.218573e-007 10.0672
-2.216573e-007 9.99058
-2.214573e-007 10.002
-2.212573e-007 10.0531
-2.210573e-007 10.0099
-2.208573e-007 9.92187
-2.206573e-007 9.96365
-2.204573e-007 10.0959
-2.202573e-007 10.1453
-2.200573e-007 10.0393
-2.198573e-007 9.89045
-2.196573e-007 9.89045
-2.194573e-007 10.0065
-2.192573e-007 10.0748
-2.190573e-007 10.0776
-2.188573e-007 10.003
-2.186573e-007 9.88044
-2.184573e-007 9.85419
-2.182573e-007 9.89839
-2.180573e-007 9.91945
-2.178573e-007 9.90978
-2.176573e-007 9.85661
-2.174573e-007 9.85316
-2.172573e-007 9.95847
-2.170573e-007 10.0489
-2.168573e-007 10.0741
-2.166573e-007 10.0862
-2.164573e-007 10.1056
-2.162573e-007 10.1308
-2.160573e-007 10.1546
-2.158573e-007 10.1542
-2.156573e-007 10.1135
-2.154573e-007 10.0786
-2.152573e-007 10.0593
-2.150573e-007 9.99886
-2.148573e-007 9.90737
-2.146573e-007 9.8756
-2.144573e-007 9.97228
-2.142573e-007 10.1235
-2.140573e-007 10.1394
-2.138573e-007 10.0165
-2.136573e-007 9.95122
-2.134573e-007 9.974
-2.132573e-007 9.97987
-2.130573e-007 9.97159
-2.128573e-007 9.9999
-2.126573e-007 10.0676
-2.124573e-007 10.1239
-2.122573e-007 10.0869
-2.120573e-007 10.0013
-2.118573e-007 10.0089
-2.116573e-007 10.0631
-2.114573e-007 10.033
-2.112573e-007 9.98091
-2.110573e-007 10.0085
-2.108573e-007 10.0579
-2.106573e-007 10.0413
-2.104573e-007 9.96399
-2.102573e-007 9.9122
-2.100573e-007 9.90012
-2.098573e-007 9.84694
-2.096573e-007 9.82036
-2.094573e-007 9.90668
-2.092573e-007 9.96606
-2.090573e-007 9.92187
-2.088573e-007 9.87664
-2.086573e-007 9.8573
-2.084573e-007 9.84384
-2.082573e-007 9.88838
-2.080573e-007 10.0172
-2.078573e-007 10.1211
-2.076573e-007 10.079
-2.074573e-007 9.99783
-2.072573e-007 10.0431
-2.070573e-007 10.1304
-2.068573e-007 10.0873
-2.066573e-007 9.93257
-2.064573e-007 9.85419
-2.062573e-007 9.89321
-2.060573e-007 9.95191
-2.058573e-007 10.032
-2.056573e-007 10.0503
-2.054573e-007 9.96399
-2.052573e-007 9.95156
-2.050573e-007 10.0234
-2.048573e-007 10.0931
-2.046573e-007 10.2109
-2.044573e-007 10.272
-2.042573e-007 10.1653
-2.040573e-007 10.0662
-2.038573e-007 10.051
-2.036573e-007 10.013
-2.034573e-007 9.98056
-2.032573e-007 9.96088
-2.030573e-007 9.89908
-2.028573e-007 9.85143
-2.026573e-007 9.84556
-2.024573e-007 9.87008
-2.022573e-007 9.94466
-2.020573e-007 10.0158
-2.018573e-007 10.0137
-2.016573e-007 9.96779
-2.014573e-007 9.97677
-2.012573e-007 10.062
-2.010573e-007 10.1194
-2.008573e-007 10.0866
-2.006573e-007 10.0134
-2.004573e-007 9.98022
-2.002573e-007 9.99437
-2.000573e-007 10.031
-1.998573e-007 10.0807
-1.996573e-007 10.118
-1.994573e-007 10.1463
-1.992573e-007 10.1442
-1.990573e-007 10.08
-1.988573e-007 10.0482
-1.986573e-007 10.0717
-1.984573e-007 10.0348
-1.982573e-007 9.97987
-1.980573e-007 10.0403
-1.978573e-007 10.1567
-1.976573e-007 10.1401
-1.974573e-007 9.9961
-1.972573e-007 9.90115
-1.970573e-007 9.89873
-1.968573e-007 9.93879
-1.966573e-007 10.0051
-1.964573e-007 10.0786
-1.962573e-007 10.1356
-1.960573e-007 10.1197
-1.958573e-007 10.0306
-1.956573e-007 9.99645
-1.954573e-007 10.0603
-1.952573e-007 10.1356
-1.950573e-007 10.1591
-1.948573e-007 10.0762
-1.946573e-007 9.95432
-1.944573e-007 9.94293
-1.942573e-007 9.98091
-1.940573e-007 9.95053
-1.938573e-007 9.92601
-1.936573e-007 9.96226
-1.934573e-007 9.97228
-1.932573e-007 9.95053
-1.930573e-007 9.96226
-1.928573e-007 9.99645
-1.926573e-007 10.0579
-1.924573e-007 10.1107
-1.922573e-007 10.1076
-1.920573e-007 10.1111
-1.918573e-007 10.1152
-1.916573e-007 10.0824
-1.914573e-007 10.0696
-1.912573e-007 10.0555
-1.910573e-007 9.98885
-1.908573e-007 9.97055
-1.906573e-007 10.0206
-1.904573e-007 10.0099
-1.902573e-007 9.98747
-1.900573e-007 10.0503
-1.898573e-007 10.1128
-1.896573e-007 10.089
-1.894573e-007 9.98367
-1.892573e-007 9.89252
-1.890573e-007 9.93154
-1.888573e-007 10.04
-1.886573e-007 10.0931
-1.884573e-007 10.1169
-1.882573e-007 10.1308
-1.880573e-007 10.0634
-1.878573e-007 10.003
-1.876573e-007 10.04
-1.874573e-007 10.0507
-1.872573e-007 10.0393
-1.870573e-007 10.0652
-1.868573e-007 10.0458
-1.866573e-007 9.99679
-1.864573e-007 9.97677
-1.862573e-007 9.97608
-1.860573e-007 9.9816
-1.858573e-007 9.98298
-1.856573e-007 10.0144
-1.854573e-007 10.09
-1.852573e-007 10.1377
-1.850573e-007 10.1059
-1.848573e-007 10.0469
-1.846573e-007 10.0071
-1.844573e-007 9.98125
-1.842573e-007 9.98471
-1.840573e-007 9.99437
-1.838573e-007 10.0172
-1.836573e-007 10.098
-1.834573e-007 10.129
-1.832573e-007 10.0672
-1.830573e-007 10.0482
-1.828573e-007 10.0541
-1.826573e-007 10.0175
-1.824573e-007 10.0348
-1.822573e-007 10.1087
-1.820573e-007 10.1052
-1.818573e-007 10.012
-1.816573e-007 9.92912
-1.814573e-007 9.9343
-1.812573e-007 10.0286
-1.810573e-007 10.0676
-1.808573e-007 10.0141
-1.806573e-007 10.0389
-1.804573e-007 10.1228
-1.802573e-007 10.1411
-1.800573e-007 10.1283
-1.798573e-007 10.1418
-1.796573e-007 10.1518
-1.794573e-007 10.128
-1.792573e-007 10.1276
-1.790573e-007 10.1584
-1.788573e-007 10.1791
-1.786573e-007 10.186
-1.784573e-007 10.1491
-1.782573e-007 10.08
-1.780573e-007 10.0372
-1.778573e-007 10.0572
-1.776573e-007 10.1104
-1.774573e-007 10.0873
-1.772573e-007 9.96226
-1.770573e-007 9.87491
-1.768573e-007 9.94397
-1.766573e-007 10.0828
-1.764573e-007 10.1028
-1.762573e-007 9.98505
-1.760573e-007 9.90875
-1.758573e-007 9.95881
-1.756573e-007 9.9999
-1.754573e-007 9.98264
-1.752573e-007 10.0396
-1.750573e-007 10.1649
-1.748573e-007 10.2088
-1.746573e-007 10.1584
-1.744573e-007 10.1069
-1.742573e-007 10.033
-1.740573e-007 9.88251
-1.738573e-007 9.80137
-1.736573e-007 9.91324
-1.734573e-007 10.0527
-1.732573e-007 10.0251
-1.730573e-007 9.87008
-1.728573e-007 9.80896
-1.726573e-007 9.96365
-1.724573e-007 10.1218
-1.722573e-007 10.0852
-1.720573e-007 9.97642
-1.718573e-007 9.92428
-1.716573e-007 9.945
-1.714573e-007 10.033
-1.712573e-007 10.0976
-1.710573e-007 10.0562
-1.708573e-007 9.95536
-1.706573e-007 9.90529
-1.704573e-007 9.95605
-1.702573e-007 10.0431
-1.700573e-007 10.0638
-1.698573e-007 10.0192
-1.696573e-007 9.98816
-1.694573e-007 9.98333
-1.692573e-007 9.98056
-1.690573e-007 10.0351
-1.688573e-007 10.1636
-1.686573e-007 10.2319
-1.684573e-007 10.1556
-1.682573e-007 10.0324
-1.680573e-007 9.96503
-1.678573e-007 9.96261
-1.676573e-007 10.0261
-1.674573e-007 10.1011
-1.672573e-007 10.0821
-1.670573e-007 10.0282
-1.668573e-007 10.0517
-1.666573e-007 10.0679
-1.664573e-007 9.97608
-1.662573e-007 9.89563
-1.660573e-007 9.97815
-1.658573e-007 10.1093
-1.656573e-007 10.0786
-1.654573e-007 9.90253
-1.652573e-007 9.76995
-1.650573e-007 9.82001
-1.648573e-007 9.97815
-1.646573e-007 10.0648
-1.644573e-007 10.0607
-1.642573e-007 10.0545
-1.640573e-007 10.1111
-1.638573e-007 10.2091
-1.636573e-007 10.244
-1.634573e-007 10.1895
-1.632573e-007 10.0845
-1.630573e-007 9.93844
-1.628573e-007 9.83728
-1.626573e-007 9.86317
-1.624573e-007 9.91531
-1.622573e-007 9.92049
-1.620573e-007 9.92601
-1.618573e-007 9.91669
-1.616573e-007 9.92256
-1.614573e-007 10.0154
-1.612573e-007 10.0997
-1.610573e-007 10.1059
-1.608573e-007 10.1021
-1.606573e-007 10.0469
-1.604573e-007 9.90944
-1.602573e-007 9.87077
-1.600573e-007 9.98229
-1.598573e-007 10.0413
-1.596573e-007 9.98712
-1.594573e-007 9.95053
-1.592573e-007 9.98125
-1.590573e-007 9.99265
-1.588573e-007 9.96226
-1.586573e-007 10.0034
-1.584573e-007 10.1052
-1.582573e-007 10.081
-1.580573e-007 9.91669
-1.578573e-007 9.87215
-1.576573e-007 10.0358
-1.574573e-007 10.147
-1.572573e-007 10.0261
-1.570573e-007 9.79619
-1.568573e-007 9.67742
-1.566573e-007 9.79239
-1.564573e-007 10.0427
-1.562573e-007 10.1926
-1.560573e-007 10.1895
-1.558573e-007 10.1525
-1.556573e-007 10.1567
-1.554573e-007 10.1933
-1.552573e-007 10.1705
-1.550573e-007 10.0731
-1.548573e-007 10.0161
-1.546573e-007 10.0203
-1.544573e-007 9.98505
-1.542573e-007 9.89321
-1.540573e-007 9.84177
-1.538573e-007 9.86697
-1.536573e-007 9.93533
-1.534573e-007 10.0244
-1.532573e-007 10.1183
-1.530573e-007 10.175
-1.528573e-007 10.1522
-1.526573e-007 10.0942
-1.524573e-007 10.0624
-1.522573e-007 10.0282
-1.520573e-007 9.97159
-1.518573e-007 9.9633
-1.516573e-007 10.013
-1.514573e-007 10.0203
-1.512573e-007 9.99368
-1.510573e-007 10.0158
-1.508573e-007 10.0444
-1.506573e-007 10.0237
-1.504573e-007 9.974
-1.502573e-007 9.92152
-1.500573e-007 9.93188
-1.498573e-007 10.051
-1.496573e-007 10.185
-1.494573e-007 10.1774
-1.492573e-007 9.99886
-1.490573e-007 9.82416
-1.488573e-007 9.86145
-1.486573e-007 10.0631
-1.484573e-007 10.1463
-1.482573e-007 10.0372
-1.480573e-007 9.96468
-1.478573e-007 9.99299
-1.476573e-007 10.0368
-1.474573e-007 10.1156
-1.472573e-007 10.1494
-1.470573e-007 10.0469
-1.468573e-007 9.93602
-1.466573e-007 9.93602
-1.464573e-007 10.0061
-1.462573e-007 10.0375
-1.460573e-007 10.0009
-1.458573e-007 9.99023
-1.456573e-007 10.0227
-1.454573e-007 10.0258
-1.452573e-007 10.0254
-1.450573e-007 10.0472
-1.448573e-007 10.033
-1.446573e-007 10.0203
-1.444573e-007 10.0545
-1.442573e-007 10.0814
-1.440573e-007 10.0886
-1.438573e-007 10.0607
-1.436573e-007 9.98367
-1.434573e-007 9.95674
-1.432573e-007 9.9961
-1.430573e-007 10.0065
-1.428573e-007 9.99472
-1.426573e-007 9.95536
-1.424573e-007 9.85903
-1.422573e-007 9.80724
-1.420573e-007 9.83382
-1.418573e-007 9.87008
-1.416573e-007 9.88182
-1.414573e-007 9.84107
-1.412573e-007 9.80171
-1.410573e-007 9.85799
-1.408573e-007 9.9778
-1.406573e-007 10.0627
-1.404573e-007 10.0614
-1.402573e-007 10.0116
-1.400573e-007 10.0306
-1.398573e-007 10.1642
-1.396573e-007 10.2675
-1.394573e-007 10.2223
-1.392573e-007 10.1404
-1.390573e-007 10.1211
-1.388573e-007 10.0993
-1.386573e-007 10.0524
-1.384573e-007 9.9892
-1.382573e-007 9.88561
-1.380573e-007 9.81656
-1.378573e-007 9.83969
-1.376573e-007 9.91289
-1.374573e-007 10.004
-1.372573e-007 10.0748
-1.370573e-007 10.1339
-1.368573e-007 10.175
-1.366573e-007 10.1045
-1.364573e-007 9.99092
-1.362573e-007 10.0002
-1.360573e-007 10.0755
-1.358573e-007 10.0835
-1.356573e-007 10.0482
-1.354573e-007 10.003
-1.352573e-007 9.94569
-1.350573e-007 9.95225
-1.348573e-007 10.0175
-1.346573e-007 10.0469
-1.344573e-007 10.0551
-1.342573e-007 10.0603
-1.340573e-007 10.0382
-1.338573e-007 10.0507
-1.336573e-007 10.0741
-1.334573e-007 10.0009
-1.332573e-007 9.92359
-1.330573e-007 9.94638
-1.328573e-007 9.99092
-1.326573e-007 10.0282
-1.324573e-007 10.0693
-1.322573e-007 10.071
-1.320573e-007 10.069
-1.318573e-007 10.1014
-1.316573e-007 10.1245
-1.314573e-007 10.1532
-1.312573e-007 10.1995
-1.310573e-007 10.195
-1.308573e-007 10.1118
-1.306573e-007 10.021
-1.304573e-007 10.0413
-1.302573e-007 10.1228
-1.300573e-007 10.0966
-1.298573e-007 9.99334
-1.296573e-007 9.90426
-1.294573e-007 9.83382
-1.292573e-007 9.839
-1.290573e-007 9.95053
-1.288573e-007 10.0289
-1.286573e-007 9.97159
-1.284573e-007 9.87249
-1.282573e-007 9.81794
-1.280573e-007 9.88769
-1.278573e-007 10.0707
-1.276573e-007 10.1283
-1.274573e-007 10.04
-1.272573e-007 10.0382
-1.270573e-007 10.0931
-1.268573e-007 10.0555
-1.266573e-007 10.0006
-1.264573e-007 10.0082
-1.262573e-007 10.0075
-1.260573e-007 9.93775
-1.258573e-007 9.83762
-1.256573e-007 9.8283
-1.254573e-007 9.91393
-1.252573e-007 9.96572
-1.250573e-007 9.98436
-1.248573e-007 10.0296
-1.246573e-007 10.04
-1.244573e-007 9.98402
-1.242573e-007 9.99507
-1.240573e-007 10.1176
-1.238573e-007 10.187
-1.236573e-007 10.1556
-1.234573e-007 10.069
-1.232573e-007 9.95467
-1.230573e-007 9.94569
-1.228573e-007 10.0141
-1.226573e-007 9.96123
-1.224573e-007 9.87388
-1.222573e-007 9.9198
-1.220573e-007 9.98747
-1.218573e-007 9.99161
-1.216573e-007 9.95881
-1.214573e-007 9.91531
-1.212573e-007 9.94535
-1.210573e-007 10.0358
-1.208573e-007 10.0876
-1.206573e-007 10.0952
-1.204573e-007 10.0707
-1.202573e-007 9.9961
-1.200573e-007 9.94638
-1.198573e-007 10.032
-1.196573e-007 10.1646
-1.194573e-007 10.1449
-1.192573e-007 9.98333
-1.190573e-007 9.90633
-1.188573e-007 9.99265
-1.186573e-007 10.0672
-1.184573e-007 10.0589
-1.182573e-007 10.0645
-1.180573e-007 10.0607
-1.178573e-007 10.0137
-1.176573e-007 10.0206
-1.174573e-007 10.0403
-1.172573e-007 9.9557
-1.170573e-007 9.88665
-1.168573e-007 9.9816
-1.166573e-007 10.1242
-1.164573e-007 10.1366
-1.162573e-007 10.081
-1.160573e-007 10.0945
-1.158573e-007 10.1308
-1.156573e-007 10.1149
-1.154573e-007 10.1073
-1.152573e-007 10.1553
-1.150573e-007 10.1743
-1.148573e-007 10.1194
-1.146573e-007 10.0624
-1.144573e-007 10.0413
-1.142573e-007 10.0534
-1.140573e-007 10.0196
-1.138573e-007 9.87215
-1.136573e-007 9.81173
-1.134573e-007 9.97469
-1.132573e-007 10.1463
-1.130573e-007 10.177
-1.128573e-007 10.1083
-1.126573e-007 9.98091
-1.124573e-007 9.86455
-1.122573e-007 9.83624
-1.120573e-007 9.8756
-1.118573e-007 9.95018
-1.116573e-007 10.0261
-1.114573e-007 10.0265
-1.112573e-007 9.97953
-1.110573e-007 9.96572
-1.108573e-007 9.95605
-1.106573e-007 9.94569
-1.104573e-007 9.98851
-1.102573e-007 10.0286
-1.100573e-007 10.0047
-1.098573e-007 10.0051
-1.096573e-007 10.0368
-1.094573e-007 10.0254
-1.092573e-007 10.0534
-1.090573e-007 10.1118
-1.088573e-007 10.0886
-1.086573e-007 10.0821
-1.084573e-007 10.1228
-1.082573e-007 10.0731
-1.080573e-007 9.95363
-1.078573e-007 9.87733
-1.076573e-007 9.90391
-1.074573e-007 10.0462
-1.072573e-007 10.1812
-1.070573e-007 10.166
-1.068573e-007 10.0179
-1.066573e-007 9.86766
-1.064573e-007 9.82554
-1.062573e-007 9.88285
-1.060573e-007 9.97849
-1.058573e-007 10.0658
-1.056573e-007 10.1062
-1.054573e-007 10.0589
-1.052573e-007 9.97608
-1.050573e-007 10.0206
-1.048573e-007 10.1411
-1.046573e-007 10.1857
-1.044573e-007 10.2019
-1.042573e-007 10.2064
-1.040573e-007 10.1594
-1.038573e-007 10.1204
-1.036573e-007 10.1135
-1.034573e-007 10.1018
-1.032573e-007 10.099
-1.030573e-007 10.0696
-1.028573e-007 9.95087
-1.026573e-007 9.86593
-1.024573e-007 9.88976
-1.022573e-007 9.93637
-1.020573e-007 10.0061
-1.018573e-007 10.0797
-1.016573e-007 10.0921
-1.014573e-007 10.0717
-1.012573e-007 10.0517
-1.010573e-007 10.0524
-1.008573e-007 10.0703
-1.006573e-007 10.0755
-1.004573e-007 10.1145
-1.002573e-007 10.1812
-1.000573e-007 10.1573
-9.985733e-008 10.0824
-9.965733e-008 10.0783
-9.945733e-008 10.0707
-9.925733e-008 9.97987
-9.905733e-008 9.94051
-9.885733e-008 10.0469
-9.865733e-008 10.1387
-9.845733e-008 10.0976
-9.825733e-008 10.0317
-9.805733e-008 10.0265
-9.785733e-008 10.0258
-9.765733e-008 9.9816
-9.745733e-008 9.94466
-9.725733e-008 9.94811
-9.705733e-008 9.95053
-9.685733e-008 9.90529
-9.665733e-008 9.86697
-9.645733e-008 9.91393
-9.625733e-008 9.94258
-9.605733e-008 9.9015
-9.585733e-008 9.92187
-9.565733e-008 9.9778
-9.545733e-008 9.96641
-9.525733e-008 9.95363
-9.505733e-008 10.0099
-9.485733e-008 10.099
-9.465733e-008 10.1525
-9.445733e-008 10.1511
-9.425733e-008 10.1121
-9.405733e-008 10.0572
-9.385733e-008 10.0524
-9.365733e-008 10.0803
-9.345733e-008 10.003
-9.325733e-008 9.87836
-9.305733e-008 9.89735
-9.285733e-008 9.95778
-9.265733e-008 9.90219
-9.245733e-008 9.89425
-9.225733e-008 10.0448
-9.205733e-008 10.1415
-9.185733e-008 10.0762
-9.165733e-008 10.0341
-9.145733e-008 10.09
-9.125733e-008 10.1225
-9.105733e-008 10.0686
-9.085733e-008 9.97435
-9.065733e-008 9.94051
-9.045733e-008 9.95087
-9.025733e-008 9.9198
-9.005733e-008 9.91531
-8.985733e-008 9.97987
-8.965733e-008 10.0137
-8.945733e-008 9.96917
-8.925733e-008 9.92152
-8.905733e-008 9.97711
-8.885733e-008 10.1211
-8.865733e-008 10.2036
-8.845733e-008 10.1598
-8.825733e-008 10.0752
-8.805733e-008 10.0541
-8.785733e-008 10.1415
-8.765733e-008 10.2747
-8.745733e-008 10.2992
-8.725733e-008 10.1529
-8.705733e-008 9.98851
-8.685733e-008 9.97504
-8.665733e-008 10.08
-8.645733e-008 10.138
-8.625733e-008 10.1083
-8.605733e-008 10.1128
-8.585733e-008 10.138
-8.565733e-008 10.0569
-8.545733e-008 9.94362
-8.525733e-008 9.96744
-8.505733e-008 10.0037
-8.485733e-008 9.88389
-8.465733e-008 9.85178
-8.445733e-008 10.0817
-8.425733e-008 10.2892
-8.405733e-008 10.1995
-8.385733e-008 9.95847
-8.365733e-008 9.90357
-8.345733e-008 10.0351
-8.325733e-008 10.0821
-8.305733e-008 10.0158
-8.285733e-008 10.0127
-8.265733e-008 10.0589
-8.245733e-008 10.0852
-8.225733e-008 10.1097
-8.205733e-008 10.0341
-8.185733e-008 9.89045
-8.165733e-008 9.86939
-8.145733e-008 9.90115
-8.125733e-008 9.87146
-8.105733e-008 9.82726
-8.085733e-008 9.80206
-8.065733e-008 9.85212
-8.045733e-008 9.96434
-8.025733e-008 10.0058
-8.005733e-008 9.98091
-7.985733e-008 9.99334
-7.965733e-008 10.0517
-7.945733e-008 10.0883
-7.925733e-008 10.0693
-7.905733e-008 10.0185
-7.885733e-008 9.95467
-7.865733e-008 9.92843
-7.845733e-008 9.98505
-7.825733e-008 10.0444
-7.805733e-008 10.0109
-7.785733e-008 9.94673
-7.765733e-008 9.97124
-7.745733e-008 10.0241
-7.725733e-008 9.98781
-7.705733e-008 9.91289
-7.685733e-008 9.90219
-7.665733e-008 9.97918
-7.645733e-008 10.0945
-7.625733e-008 10.1276
-7.605733e-008 10.0234
-7.585733e-008 9.92428
-7.565733e-008 9.97262
-7.545733e-008 10.0876
-7.525733e-008 10.1501
-7.505733e-008 10.1422
-7.485733e-008 10.0441
-7.465733e-008 9.94983
-7.445733e-008 9.9961
-7.425733e-008 10.0762
-7.405733e-008 10.0185
-7.385733e-008 9.84004
-7.365733e-008 9.70366
-7.345733e-008 9.78549
-7.325733e-008 10.0213
-7.305733e-008 10.1449
-7.285733e-008 10.1152
-7.265733e-008 10.1218
-7.245733e-008 10.1715
-7.225733e-008 10.1311
-7.205733e-008 10.0662
-7.185733e-008 10.1038
-7.165733e-008 10.2046
-7.145733e-008 10.2454
-7.125733e-008 10.137
-7.105733e-008 9.98954
-7.085733e-008 9.96848
-7.065733e-008 10.0006
-7.045733e-008 10.0037
-7.025733e-008 10.0251
-7.005733e-008 10.0434
-6.985733e-008 10.0203
-6.965733e-008 10.0061
-6.945733e-008 10.0324
-6.925733e-008 10.0455
-6.905733e-008 10.0075
-6.885733e-008 9.93568
-6.865733e-008 9.87077
-6.845733e-008 9.86248
-6.825733e-008 9.93533
-6.805733e-008 10.0707
-6.785733e-008 10.156
-6.765733e-008 10.1166
-6.745733e-008 10.0652
-6.725733e-008 10.032
-6.705733e-008 9.95053
-6.685733e-008 9.90046
-6.665733e-008 9.93326
-6.645733e-008 9.93879
-6.625733e-008 9.87249
-6.605733e-008 9.84867
-6.585733e-008 9.8756
-6.565733e-008 9.89148
-6.545733e-008 9.94086
-6.525733e-008 9.95294
-6.505733e-008 9.80896
-6.485733e-008 9.66878
-6.465733e-008 9.71712
-6.445733e-008 9.83486
-6.425733e-008 9.89701
-6.405733e-008 9.96434
-6.385733e-008 10.0451
-6.365733e-008 10.0614
-6.345733e-008 9.98505
-6.325733e-008 9.87905
-6.305733e-008 9.89252
-6.285733e-008 10.0317
-6.265733e-008 10.0824
-6.245733e-008 10.0275
-6.225733e-008 9.99472
-6.205733e-008 9.96123
-6.185733e-008 9.9709
-6.165733e-008 10.0071
-6.145733e-008 9.93879
-6.125733e-008 9.84763
-6.105733e-008 9.87491
-6.085733e-008 10.0248
-6.065733e-008 10.1832
-6.045733e-008 10.2064
-6.025733e-008 10.1066
-6.005733e-008 10.0472
-5.985733e-008 10.0855
-5.965733e-008 10.1062
-5.945733e-008 10.0759
-5.925733e-008 10.0479
-5.905733e-008 10.0282
-5.885733e-008 10.0527
-5.865733e-008 10.1218
-5.845733e-008 10.1687
-5.825733e-008 10.139
-5.805733e-008 9.99368
-5.785733e-008 9.8359
-5.765733e-008 9.81173
-5.745733e-008 9.88872
-5.725733e-008 10.0065
-5.705733e-008 10.1273
-5.685733e-008 10.1722
-5.665733e-008 10.1584
-5.645733e-008 10.1411
-5.625733e-008 10.0873
-5.605733e-008 10.0089
-5.585733e-008 9.96813
-5.565733e-008 9.94845
-5.545733e-008 9.94293
-5.525733e-008 10.0013
-5.505733e-008 10.1104
-5.485733e-008 10.1919
-5.465733e-008 10.1822
-5.445733e-008 10.0652
-5.425733e-008 9.94397
-5.405733e-008 9.96606
-5.385733e-008 10.0579
-5.365733e-008 10.0665
-5.345733e-008 10.0261
-5.325733e-008 9.96813
-5.305733e-008 9.88665
-5.285733e-008 9.87836
-5.265733e-008 9.97987
-5.245733e-008 10.0807
-5.225733e-008 10.1111
-5.205733e-008 10.0879
-5.185733e-008 10.0721
-5.165733e-008 10.098
-5.145733e-008 10.0572
-5.125733e-008 9.91324
-5.105733e-008 9.8466
-5.085733e-008 9.96192
-5.065733e-008 10.1415
-5.045733e-008 10.1812
-5.025733e-008 10.0348
-5.005733e-008 9.89943
-4.985733e-008 9.92877
-4.965733e-008 10.0275
-4.945733e-008 10.0355
-4.925733e-008 9.9595
-4.905733e-008 9.87905
-4.885733e-008 9.8573
-4.865733e-008 9.93154
-4.845733e-008 10.0168
-4.825733e-008 10.0624
-4.805733e-008 10.1038
-4.785733e-008 10.0935
-4.765733e-008 10.0324
-4.745733e-008 10.0165
-4.725733e-008 10.0437
-4.705733e-008 10.0462
-4.685733e-008 9.99299
-4.665733e-008 9.93084
-4.645733e-008 9.96157
-4.625733e-008 10.0914
-4.605733e-008 10.1449
-4.585733e-008 9.98609
-4.565733e-008 9.79584
-4.545733e-008 9.78997
-4.525733e-008 9.90668
-4.505733e-008 10.041
-4.485733e-008 10.1428
-4.465733e-008 10.1656
-4.445733e-008 10.1297
-4.425733e-008 10.1121
-4.405733e-008 10.1746
-4.385733e-008 10.2557
-4.365733e-008 10.2171
-4.345733e-008 10.0886
-4.325733e-008 10.0503
-4.305733e-008 10.0824
-4.285733e-008 10.06
-4.265733e-008 10.0393
-4.245733e-008 10.0413
-4.225733e-008 9.97262
-4.205733e-008 9.88182
-4.185733e-008 9.85385
-4.165733e-008 9.86421
-4.145733e-008 9.94051
-4.125733e-008 10.0821
-4.105733e-008 10.1798
-4.085733e-008 10.1863
-4.065733e-008 10.1138
-4.045733e-008 10.013
-4.025733e-008 10.0051
-4.005733e-008 10.1128
-3.985733e-008 10.2046
-3.965733e-008 10.1857
-3.945733e-008 10.0838
-3.925733e-008 10.0037
-3.905733e-008 10.002
-3.885733e-008 9.98333
-3.865733e-008 9.92083
-3.845733e-008 9.92739
-3.825733e-008 9.96296
-3.805733e-008 9.9381
-3.785733e-008 9.94949
-3.765733e-008 10.0289
-3.745733e-008 10.0517
-3.725733e-008 9.97608
-3.705733e-008 9.92256
-3.685733e-008 9.95432
-3.665733e-008 10.0151
-3.645733e-008 10.11
-3.625733e-008 10.1981
-3.605733e-008 10.1957
-3.585733e-008 10.166
-3.565733e-008 10.1808
-3.545733e-008 10.2188
-3.525733e-008 10.2147
-3.505733e-008 10.156
-3.485733e-008 10.0734
-3.465733e-008 9.97849
-3.445733e-008 9.94155
-3.425733e-008 9.98229
-3.405733e-008 10.0396
-3.385733e-008 10.0652
-3.365733e-008 10.0217
-3.345733e-008 9.96641
-3.325733e-008 9.98574
-3.305733e-008 10.033
-3.285733e-008 10.0406
-3.265733e-008 10.0375
-3.245733e-008 10.0134
-3.225733e-008 9.97366
-3.205733e-008 10.0234
-3.185733e-008 10.1194
-3.165733e-008 10.1007
-3.145733e-008 9.98436
-3.125733e-008 9.96503
-3.105733e-008 10.0765
-3.085733e-008 10.1401
-3.065733e-008 10.1207
-3.045733e-008 10.1056
-3.025733e-008 10.1201
-3.005733e-008 10.1629
-2.985733e-008 10.1718
-2.965733e-008 10.127
-2.945733e-008 10.0879
-2.925733e-008 10.0365
-2.905733e-008 9.99886
-2.885733e-008 10.0362
-2.865733e-008 10.061
-2.845733e-008 10.033
-2.825733e-008 10.0265
-2.805733e-008 10.0241
-2.785733e-008 9.98125
-2.765733e-008 9.97815
-2.745733e-008 10.0686
-2.725733e-008 10.1653
-2.705733e-008 10.1874
-2.685733e-008 10.1408
-2.665733e-008 10.0873
-2.645733e-008 10.0317
-2.625733e-008 9.88872
-2.605733e-008 9.74889
-2.585733e-008 9.82726
-2.565733e-008 10.0206
-2.545733e-008 10.0873
-2.525733e-008 10.0531
-2.505733e-008 10.023
-2.485733e-008 10.0275
-2.465733e-008 10.0714
-2.445733e-008 10.0952
-2.425733e-008 10.0873
-2.405733e-008 10.1211
-2.385733e-008 10.1691
-2.365733e-008 10.1622
-2.345733e-008 10.1325
-2.325733e-008 10.1152
-2.305733e-008 10.109
-2.285733e-008 10.1121
-2.265733e-008 10.1152
-2.245733e-008 10.1691
-2.225733e-008 10.2633
-2.205733e-008 10.2216
-2.185733e-008 10.033
-2.165733e-008 9.92049
-2.145733e-008 9.92739
-2.125733e-008 9.91013
-2.105733e-008 9.87629
-2.085733e-008 9.89287
-2.065733e-008 9.96503
-2.045733e-008 10.0807
-2.025733e-008 10.1387
-2.005733e-008 10.0969
-1.985733e-008 10.0762
-1.965733e-008 10.1076
-1.945733e-008 10.0924
-1.925733e-008 10.0092
-1.905733e-008 9.95467
-1.885733e-008 9.98712
-1.865733e-008 10.0703
-1.845733e-008 10.1508
-1.825733e-008 10.1929
-1.805733e-008 10.1808
-1.785733e-008 10.1204
-1.765733e-008 10.0396
-1.745733e-008 9.98989
-1.725733e-008 9.97815
-1.705733e-008 9.96813
-1.685733e-008 9.9671
-1.665733e-008 9.98125
-1.645733e-008 9.96399
-1.625733e-008 9.94224
-1.605733e-008 10.0068
-1.585733e-008 10.1128
-1.565733e-008 10.1035
-1.545733e-008 9.96537
-1.525733e-008 9.87008
-1.505733e-008 9.94155
-1.485733e-008 10.0948
-1.465733e-008 10.1732
-1.445733e-008 10.1249
-1.425733e-008 9.99714
-1.405733e-008 9.89701
-1.385733e-008 9.89632
-1.365733e-008 9.96123
-1.345733e-008 9.98091
-1.325733e-008 9.88734
-1.305733e-008 9.79584
-1.285733e-008 9.85316
-1.265733e-008 10.0016
-1.245733e-008 10.0835
-1.225733e-008 10.0924
-1.205733e-008 10.0921
-1.185733e-008 10.0151
-1.165733e-008 9.89079
-1.145733e-008 9.8977
-1.125733e-008 9.97538
-1.105733e-008 9.98505
-1.085733e-008 9.96019
-1.065733e-008 9.93982
-1.045733e-008 9.95294
-1.025733e-008 9.96399
-1.005733e-008 9.90806
-9.857328e-009 9.88492
-9.657328e-009 9.974
-9.457328e-009 10.0334
-9.257328e-009 9.97711
-9.057328e-009 9.96054
-8.857328e-009 10.0538
-8.657328e-009 10.1118
-8.457328e-009 10.0648
-8.257328e-009 9.96468
-8.057328e-009 9.90564
-7.857328e-009 10.0075
-7.657328e-009 10.1808
-7.457328e-009 10.2019
-7.257328e-009 10.1273
-7.057328e-009 10.1104
-6.857328e-009 10.1107
-6.657328e-009 10.1145
-6.457328e-009 10.1587
-6.257328e-009 10.1946
-6.057328e-009 10.1363
-5.857328e-009 9.99541
-5.657328e-009 9.93637
-5.457328e-009 9.99817
-5.257328e-009 10.0147
-5.057328e-009 9.9526
-4.857328e-009 9.93775
-4.657328e-009 9.9778
-4.457328e-009 10.0386
-4.257328e-009 10.1535
-4.057328e-009 10.216
-3.857328e-009 10.1542
-3.657328e-009 10.1028
-3.457328e-009 10.0986
-3.257328e-009 10.0593
-3.057328e-009 10.013
-2.857328e-009 10.0002
-2.657328e-009 9.97884
-2.457328e-009 9.97435
-2.257328e-009 10.0023
-2.057328e-009 9.96917
-1.857328e-009 9.79481
-1.657328e-009 9.37669
-1.457328e-009 8.61847
-1.257328e-009 7.51119
-1.057328e-009 6.11561
-8.573281e-010 4.70414
-6.573281e-010 3.63208
-4.573281e-010 2.90287
-2.573281e-010 2.3639
-5.732811e-011 2.02761
1.426719e-010 1.81181
3.426719e-010 1.59188
5.426719e-010 1.41993
7.426719e-010 1.37954
9.426719e-010 1.46447
1.142672e-009 1.52524
1.342672e-009 1.40474
1.542672e-009 1.22382
1.742672e-009 1.17445
1.942672e-009 1.20863
2.142672e-009 1.2542
2.342672e-009 1.32153
2.542672e-009 1.31808
2.742672e-009 1.18515
2.942672e-009 1.08778
3.142672e-009 1.16823
3.342672e-009 1.33603
3.542672e-009 1.47069
3.742672e-009 1.50211
3.942672e-009 1.40405
4.142672e-009 1.29736
4.342672e-009 1.29736
4.542672e-009 1.32222
4.742672e-009 1.2946
4.942672e-009 1.27595
5.142672e-009 1.3022
5.342672e-009 1.33914
5.542672e-009 1.34156
5.742672e-009 1.31911
5.942672e-009 1.30047
6.142672e-009 1.26974
6.342672e-009 1.2542
6.542672e-009 1.27043
6.742672e-009 1.30254
6.942672e-009 1.39438
7.142672e-009 1.4914
7.342672e-009 1.48139
7.542672e-009 1.42373
7.742672e-009 1.37781
7.942672e-009 1.29563
8.142672e-009 1.20552
8.342672e-009 1.2031
8.542672e-009 1.287
8.742672e-009 1.33569
8.942672e-009 1.28942
9.142672e-009 1.258
9.342672e-009 1.2984
9.542672e-009 1.31152
9.742672e-009 1.24557
9.942672e-009 1.15407
1.014267e-008 1.12507
1.034267e-008 1.16823
1.054267e-008 1.19067
1.074267e-008 1.19274
1.094267e-008 1.19758
1.114267e-008 1.15546
1.134267e-008 1.15028
1.154267e-008 1.22934
1.174267e-008 1.24626
1.194267e-008 1.20138
1.214267e-008 1.20379
1.234267e-008 1.2435
1.254267e-008 1.30945
1.274267e-008 1.33948
1.294267e-008 1.2511
1.314267e-008 1.15684
1.334267e-008 1.14682
1.354267e-008 1.14199
1.374267e-008 1.1085
1.394267e-008 1.05464
1.414267e-008 1.01528
1.434267e-008 1.06396
1.454267e-008 1.13681
1.474267e-008 1.11057
1.494267e-008 1.06534
1.514267e-008 1.11609
1.534267e-008 1.17134
1.554267e-008 1.1703
1.574267e-008 1.18411
1.594267e-008 1.19102
1.614267e-008 1.1123
1.634267e-008 0.984546
1.654267e-008 0.958651
1.674267e-008 1.09193
1.694267e-008 1.21968
1.714267e-008 1.20345
1.734267e-008 1.11195
1.754267e-008 1.0902
1.774267e-008 1.16996
1.794267e-008 1.21346
1.814267e-008 1.15511
1.834267e-008 1.08882
1.854267e-008 1.08882
1.874267e-008 1.12196
1.894267e-008 1.07673
1.914267e-008 0.972807
1.934267e-008 0.954163
1.954267e-008 1.02805
1.974267e-008 1.08951
1.994267e-008 1.10539
2.014267e-008 1.12335
2.034267e-008 1.14751
2.054267e-008 1.11713
2.074267e-008 1.05464
2.094267e-008 1.04497
2.114267e-008 1.08537
2.134267e-008 1.14441
2.154267e-008 1.18239
2.174267e-008 1.14268
2.194267e-008 1.06258
2.214267e-008 1.00664
2.234267e-008 0.972117
2.254267e-008 0.966592
2.274267e-008 1.05222
2.294267e-008 1.15891
2.314267e-008 1.14268
2.334267e-008 1.1009
2.354267e-008 1.16098
2.374267e-008 1.22934
2.394267e-008 1.20794
2.414267e-008 1.15546
2.434267e-008 1.16927
2.454267e-008 1.19274
2.474267e-008 1.13923
2.494267e-008 1.06948
2.514267e-008 1.04359
2.534267e-008 1.01458
2.554267e-008 0.968319
2.574267e-008 0.951055
2.594267e-008 0.972117
2.614267e-008 1.03875
2.634267e-008 1.10781
2.654267e-008 1.09745
2.674267e-008 1.02701
2.694267e-008 0.965211
2.714267e-008 0.947257
2.734267e-008 0.983165
2.754267e-008 1.04359
2.774267e-008 1.10539
2.794267e-008 1.18239
2.814267e-008 1.24281
2.834267e-008 1.20483
2.854267e-008 1.11782
2.874267e-008 1.13612
2.894267e-008 1.20552
2.914267e-008 1.14406
2.934267e-008 1.01044
2.954267e-008 0.989035
2.974267e-008 1.0612
2.994267e-008 1.11126
3.014267e-008 1.10194
3.034267e-008 1.0063
3.054267e-008 0.869226
3.074267e-008 0.834699
3.094267e-008 0.934827
3.114267e-008 1.02149
3.134267e-008 0.958996
3.154267e-008 0.854725
3.174267e-008 0.887871
3.194267e-008 0.979022
3.214267e-008 1.00595
3.234267e-008 1.02667
3.254267e-008 1.07052
3.274267e-008 1.08985
3.294267e-008 1.09227
3.314267e-008 1.11989
3.334267e-008 1.15131
3.354267e-008 1.1192
3.374267e-008 1.02149
3.394267e-008 0.934827
3.414267e-008 0.939661
3.434267e-008 1.02425
3.454267e-008 1.10332
3.474267e-008 1.13267
3.494267e-008 1.10574
3.514267e-008 1.03392
3.534267e-008 0.986963
3.554267e-008 1.02874
3.574267e-008 1.13439
3.594267e-008 1.23038
3.614267e-008 1.25938
3.634267e-008 1.24833
3.654267e-008 1.27008
3.674267e-008 1.27147
3.694267e-008 1.18757
3.714267e-008 1.08226
3.734267e-008 1.03288
3.754267e-008 1.04083
3.774267e-008 1.01424
3.794267e-008 0.924469
3.814267e-008 0.935863
3.834267e-008 1.12438
3.854267e-008 1.23728
3.874267e-008 1.14233
3.894267e-008 1.07432
3.914267e-008 1.12196
3.934267e-008 1.13819
3.954267e-008 1.08088
3.974267e-008 1.02356
3.994267e-008 1.02563
4.014267e-008 1.08882
4.034267e-008 1.16271
4.054267e-008 1.19792
4.074267e-008 1.18515
4.094267e-008 1.11575
4.114267e-008 1.06465
4.134267e-008 1.12645
4.154267e-008 1.19689
4.174267e-008 1.15373
4.194267e-008 1.07121
4.214267e-008 1.06085
4.234267e-008 1.10781
4.254267e-008 1.13612
4.274267e-008 1.12818
4.294267e-008 1.10608
4.314267e-008 1.09089
4.334267e-008 1.11575
4.354267e-008 1.17237
4.374267e-008 1.19343
4.394267e-008 1.13716
4.414267e-008 1.06845
4.434267e-008 1.04393
4.454267e-008 1.04808
4.474267e-008 1.06672
4.494267e-008 1.08226
4.514267e-008 1.08053
4.534267e-008 1.0643
4.554267e-008 1.04877
4.574267e-008 1.07121
4.594267e-008 1.09469
4.614267e-008 1.07259
4.634267e-008 1.05705
4.654267e-008 1.04946
4.674267e-008 1.01907
4.694267e-008 1.02184
4.714267e-008 1.07708
4.734267e-008 1.09434
4.754267e-008 1.00388
4.774267e-008 0.924469
4.794267e-008 0.974188
4.814267e-008 1.0612
4.834267e-008 1.12507
4.854267e-008 1.19343
4.874267e-008 1.20725
4.894267e-008 1.14579
4.914267e-008 1.11057
4.934267e-008 1.15407
4.954267e-008 1.22347
4.974267e-008 1.24143
4.994267e-008 1.15822
5.014267e-008 1.03806
5.034267e-008 0.994559
5.054267e-008 1.0208
5.074267e-008 1.07466
5.094267e-008 1.11471
5.114267e-008 1.04462
5.134267e-008 0.931029
5.154267e-008 0.940352
5.174267e-008 1.03737
5.194267e-008 1.10746
5.214267e-008 1.15131
5.234267e-008 1.16547
5.254267e-008 1.11333
5.274267e-008 1.06948
5.294267e-008 1.07397
5.314267e-008 1.07881
5.334267e-008 1.09952
5.354267e-008 1.094
5.374267e-008 1.01942
5.394267e-008 0.996286
5.414267e-008 1.06983
5.434267e-008 1.11195
5.454267e-008 1.09918
5.474267e-008 1.09262
5.494267e-008 1.09641
5.514267e-008 1.14337
5.534267e-008 1.22313
5.554267e-008 1.22313
5.574267e-008 1.15166
5.594267e-008 1.14061
5.614267e-008 1.21726
5.634267e-008 1.28907
5.654267e-008 1.26387
5.674267e-008 1.18757
5.694267e-008 1.17306
5.714267e-008 1.19482
5.734267e-008 1.19447
5.754267e-008 1.18584
5.774267e-008 1.15097
5.794267e-008 1.09849
5.814267e-008 1.07086
5.834267e-008 1.03565
5.854267e-008 1.0101
5.874267e-008 1.02425
5.894267e-008 1.00457
5.914267e-008 0.970045
5.934267e-008 1.00941
5.954267e-008 1.07846
5.974267e-008 1.1413
5.994267e-008 1.25904
6.014267e-008 1.34466
6.034267e-008 1.26767
6.054267e-008 1.15925
6.074267e-008 1.14164
6.094267e-008 1.13992
6.114267e-008 1.13129
6.134267e-008 1.16132
6.154267e-008 1.229
6.174267e-008 1.27423
6.194267e-008 1.22244
6.214267e-008 1.14648
6.234267e-008 1.17341
6.254267e-008 1.23038
6.274267e-008 1.19447
6.294267e-008 1.10746
6.314267e-008 1.04877
6.334267e-008 1.03703
6.354267e-008 1.05187
6.374267e-008 1.03737
6.394267e-008 1.01562
6.414267e-008 1.05774
6.434267e-008 1.10125
6.454267e-008 1.05671
6.474267e-008 0.983165
6.494267e-008 0.975569
6.514267e-008 1.02011
6.534267e-008 1.0467
6.554267e-008 1.0612
6.574267e-008 1.10159
6.594267e-008 1.14372
6.614267e-008 1.17686
6.634267e-008 1.2069
6.654267e-008 1.20656
6.674267e-008 1.16374
6.694267e-008 1.10677
6.714267e-008 1.04773
6.734267e-008 1.02529
6.754267e-008 1.11333
6.774267e-008 1.23728
6.794267e-008 1.2473
6.814267e-008 1.19758
6.834267e-008 1.23521
6.854267e-008 1.28838
6.874267e-008 1.21519
6.894267e-008 1.16098
6.914267e-008 1.24661
6.934267e-008 1.27216
6.954267e-008 1.17168
6.974267e-008 1.1085
6.994267e-008 1.08053
7.014267e-008 1.03599
7.034267e-008 1.05084
7.054267e-008 1.09296
7.074267e-008 1.08985
7.094267e-008 1.12852
7.114267e-008 1.24246
7.134267e-008 1.30012
7.154267e-008 1.23625
7.174267e-008 1.16409
7.194267e-008 1.18618
7.214267e-008 1.2397
7.234267e-008 1.22624
7.254267e-008 1.19171
7.274267e-008 1.23003
7.294267e-008 1.24453
7.314267e-008 1.12542
7.334267e-008 1.03668
7.354267e-008 1.12611
7.374267e-008 1.2511
7.394267e-008 1.22624
7.414267e-008 1.13094
7.434267e-008 1.15511
7.454267e-008 1.21898
7.474267e-008 1.16374
7.494267e-008 1.07846
7.514267e-008 1.06051
7.534267e-008 1.03979
7.554267e-008 1.01493
7.574267e-008 1.05671
7.594267e-008 1.12335
7.614267e-008 1.13025
7.634267e-008 1.08778
7.654267e-008 1.07294
7.674267e-008 1.11609
7.694267e-008 1.14579
7.714267e-008 1.10746
7.734267e-008 1.06258
7.754267e-008 1.05118
7.774267e-008 1.04083
7.794267e-008 1.02874
7.814267e-008 1.0391
7.834267e-008 1.0795
7.854267e-008 1.11092
7.874267e-008 1.08571
7.894267e-008 1.05567
7.914267e-008 1.11022
7.934267e-008 1.18273
7.954267e-008 1.14337
7.974267e-008 1.05049
7.994267e-008 1.0353
8.014267e-008 1.08433
8.034267e-008 1.13647
8.054267e-008 1.16892
8.074267e-008 1.16271
8.094267e-008 1.13957
8.114267e-008 1.14579
8.134267e-008 1.1779
8.154267e-008 1.20794
8.174267e-008 1.1848
8.194267e-008 1.10159
8.214267e-008 1.04946
8.234267e-008 1.0612
8.254267e-008 1.08122
8.274267e-008 1.0826
8.294267e-008 1.06499
8.314267e-008 1.05912
8.334267e-008 1.13992
8.354267e-008 1.25662
8.374267e-008 1.24557
8.394267e-008 1.13612
8.414267e-008 1.08433
8.434267e-008 1.12783
8.454267e-008 1.19102
8.474267e-008 1.17341
8.494267e-008 1.11299
8.514267e-008 1.13336
8.534267e-008 1.18377
8.554267e-008 1.15891
8.574267e-008 1.11092
8.594267e-008 1.08295
8.614267e-008 1.0467
8.634267e-008 1.03185
8.654267e-008 1.06085
8.674267e-008 1.11886
8.694267e-008 1.19309
8.714267e-008 1.19861
8.734267e-008 1.09883
8.754267e-008 0.988344
8.774267e-008 0.943114
8.794267e-008 1.03012
8.814267e-008 1.23659
8.834267e-008 1.35122
8.854267e-008 1.28562
8.874267e-008 1.19516
8.894267e-008 1.12576
8.914267e-008 1.06741
8.934267e-008 1.10228
8.954267e-008 1.17721
8.974267e-008 1.18826
8.994267e-008 1.22071
9.014267e-008 1.28459
9.034267e-008 1.27354
9.054267e-008 1.22555
9.074267e-008 1.16063
9.094267e-008 1.046
9.114267e-008 0.963485
9.134267e-008 0.974534
9.154267e-008 1.05912
9.174267e-008 1.15822
9.194267e-008 1.18377
9.214267e-008 1.15891
9.234267e-008 1.16616
9.254267e-008 1.18929
9.274267e-008 1.20483
9.294267e-008 1.18031
9.314267e-008 1.1123
9.334267e-008 1.08744
9.354267e-008 1.09193
9.374267e-008 1.05671
9.394267e-008 1.06396
9.414267e-008 1.1558
9.434267e-008 1.16202
9.454267e-008 1.05429
9.474267e-008 1.05084
9.494267e-008 1.17617
9.514267e-008 1.23901
9.534267e-008 1.18239
9.554267e-008 1.10021
9.574267e-008 1.07259
9.594267e-008 1.11299
9.614267e-008 1.18895
9.634267e-008 1.24315
9.654267e-008 1.21381
9.674267e-008 1.14268
9.694267e-008 1.1306
9.714267e-008 1.16236
9.734267e-008 1.17548
9.754267e-008 1.17893
9.774267e-008 1.17617
9.794267e-008 1.13094
9.814267e-008 1.09434
9.834267e-008 1.09849
9.854267e-008 1.02425
9.874267e-008 0.908932
9.894267e-008 0.961413
9.914267e-008 1.13957
9.934267e-008 1.2435
9.954267e-008 1.25973
9.974267e-008 1.23314
9.994267e-008 1.1779
1.001427e-007 1.15787
1.003427e-007 1.1924
1.005427e-007 1.23141
1.007427e-007 1.26456
1.009427e-007 1.26283
1.011427e-007 1.19689
1.013427e-007 1.16478
1.015427e-007 1.19965
1.017427e-007 1.17755
1.019427e-007 1.09089
1.021427e-007 1.06983
1.023427e-007 1.1482
1.025427e-007 1.21277
1.027427e-007 1.19482
1.029427e-007 1.15684
1.031427e-007 1.1741
1.033427e-007 1.24799
1.035427e-007 1.28769
1.037427e-007 1.22037
1.039427e-007 1.11989
1.041427e-007 1.12162
1.043427e-007 1.22209
1.045427e-007 1.27492
1.047427e-007 1.25662
1.049427e-007 1.25593
1.051427e-007 1.23141
1.053427e-007 1.12438
1.055427e-007 1.00906
1.057427e-007 0.974879
1.059427e-007 1.03427
1.061427e-007 1.12921
1.063427e-007 1.17168
1.065427e-007 1.14303
1.067427e-007 1.10953
1.069427e-007 1.07708
1.071427e-007 1.03357
1.073427e-007 1.07294
1.075427e-007 1.17755
1.077427e-007 1.24177
1.079427e-007 1.29253
1.081427e-007 1.31186
1.083427e-007 1.25835
1.085427e-007 1.22347
1.087427e-007 1.21001
1.089427e-007 1.15062
1.091427e-007 1.10125
1.093427e-007 1.10539
1.095427e-007 1.14475
1.097427e-007 1.21001
1.099427e-007 1.24005
1.101427e-007 1.18411
1.103427e-007 1.13439
1.105427e-007 1.18204
1.107427e-007 1.23659
1.109427e-007 1.19309
1.111427e-007 1.11575
1.113427e-007 1.09607
1.115427e-007 1.1268
1.117427e-007 1.17479
1.119427e-007 1.23418
1.121427e-007 1.31428
1.123427e-007 1.37643
1.125427e-007 1.34881
1.127427e-007 1.26456
1.129427e-007 1.23659
1.131427e-007 1.26801
1.133427e-007 1.24246
1.135427e-007 1.1451
1.137427e-007 1.11092
1.139427e-007 1.15546
1.141427e-007 1.14751
1.143427e-007 1.09469
1.145427e-007 1.08088
1.147427e-007 1.08398
1.149427e-007 1.07777
1.151427e-007 1.10643
1.153427e-007 1.19516
1.155427e-007 1.22624
1.157427e-007 1.12887
1.159427e-007 1.06534
1.161427e-007 1.13405
1.163427e-007 1.2
1.165427e-007 1.14095
1.167427e-007 1.05498
1.169427e-007 1.08191
1.171427e-007 1.14233
1.173427e-007 1.10712
1.175427e-007 1.04083
1.177427e-007 1.03288
1.179427e-007 1.05326
1.181427e-007 1.09365
1.183427e-007 1.14372
1.185427e-007 1.16858
1.187427e-007 1.19309
1.189427e-007 1.22658
1.191427e-007 1.27388
1.193427e-007 1.30047
1.195427e-007 1.23901
1.197427e-007 1.15511
1.199427e-007 1.13819
1.201427e-007 1.15028
1.203427e-007 1.16892
1.205427e-007 1.22485
1.207427e-007 1.22693
1.209427e-007 1.12058
1.211427e-007 1.03012
1.213427e-007 1.01597
1.215427e-007 1.04083
1.217427e-007 1.05153
1.219427e-007 1.00216
1.221427e-007 0.93828
1.223427e-007 0.945531
1.225427e-007 1.02425
1.227427e-007 1.0795
1.229427e-007 1.07017
1.231427e-007 1.06016
1.233427e-007 1.06189
1.235427e-007 1.06603
1.237427e-007 1.12093
1.239427e-007 1.21484
1.241427e-007 1.28182
1.243427e-007 1.29425
1.245427e-007 1.25524
1.247427e-007 1.19585
1.249427e-007 1.13543
1.251427e-007 1.09123
1.253427e-007 1.10712
1.255427e-007 1.14855
1.257427e-007 1.1558
1.259427e-007 1.14372
1.261427e-007 1.11644
1.263427e-007 1.06776
1.265427e-007 1.02805
1.267427e-007 1.02011
1.269427e-007 1.04117
1.271427e-007 1.1047
1.273427e-007 1.17306
1.275427e-007 1.15269
1.277427e-007 1.10056
1.279427e-007 1.15787
1.281427e-007 1.31601
1.283427e-007 1.45688
1.285427e-007 1.46102
1.287427e-007 1.28493
1.289427e-007 1.10746
1.291427e-007 1.13198
1.293427e-007 1.2435
1.295427e-007 1.26698
1.297427e-007 1.24626
1.299427e-007 1.26698
1.301427e-007 1.32602
1.303427e-007 1.3381
1.305427e-007 1.26698
1.307427e-007 1.1962
1.309427e-007 1.19827
1.311427e-007 1.23314
1.313427e-007 1.26422
1.315427e-007 1.3167
1.317427e-007 1.34639
1.319427e-007 1.3495
1.321427e-007 1.38506
1.323427e-007 1.4189
1.325427e-007 1.41786
1.327427e-007 1.37332
1.329427e-007 1.29425
1.331427e-007 1.2176
1.333427e-007 1.17479
1.335427e-007 1.21829
1.337427e-007 1.32257
1.339427e-007 1.37436
1.341427e-007 1.36642
1.343427e-007 1.34812
1.345427e-007 1.32464
1.347427e-007 1.34466
1.349427e-007 1.39231
1.351427e-007 1.36814
1.353427e-007 1.29909
1.355427e-007 1.28597
1.357427e-007 1.3381
1.359427e-007 1.38092
1.361427e-007 1.38679
1.363427e-007 1.40785
1.365427e-007 1.42511
1.367427e-007 1.41268
1.369427e-007 1.41372
1.371427e-007 1.43029
1.373427e-007 1.43512
1.375427e-007 1.43064
1.377427e-007 1.46067
1.379427e-007 1.51661
1.381427e-007 1.48105
1.383427e-007 1.37298
1.385427e-007 1.33948
1.387427e-007 1.37712
1.389427e-007 1.39887
1.391427e-007 1.39162
1.393427e-007 1.3823
1.395427e-007 1.39335
1.397427e-007 1.40025
1.399427e-007 1.37677
1.401427e-007 1.39887
1.403427e-007 1.48105
1.405427e-007 1.50038
1.407427e-007 1.46723
1.409427e-007 1.48381
1.411427e-007 1.4914
1.413427e-007 1.43236
1.415427e-007 1.40957
1.417427e-007 1.45653
1.419427e-007 1.52248
1.421427e-007 1.60396
1.423427e-007 1.65299
1.425427e-007 1.60983
1.427427e-007 1.50314
1.429427e-007 1.43996
1.431427e-007 1.51039
1.433427e-007 1.59775
1.435427e-007 1.53491
1.437427e-007 1.46171
1.439427e-007 1.51661
1.441427e-007 1.54941
1.443427e-007 1.53836
1.445427e-007 1.61156
1.447427e-007 1.68579
1.449427e-007 1.65161
1.451427e-007 1.59326
1.453427e-007 1.58808
1.455427e-007 1.60638
1.457427e-007 1.60189
1.459427e-007 1.57151
1.461427e-007 1.56322
1.463427e-007 1.58221
1.465427e-007 1.57979
1.467427e-007 1.5829
1.469427e-007 1.65057
1.471427e-007 1.69477
1.473427e-007 1.59809
1.475427e-007 1.47448
1.477427e-007 1.46862
1.479427e-007 1.54112
1.481427e-007 1.61915
1.483427e-007 1.67371
1.485427e-007 1.69926
1.487427e-007 1.67992
1.489427e-007 1.62192
1.491427e-007 1.60983
1.493427e-007 1.65886
1.495427e-007 1.68924
1.497427e-007 1.69235
1.499427e-007 1.67302
1.501427e-007 1.61156
1.503427e-007 1.54319
1.505427e-007 1.51937
1.507427e-007 1.56667
1.509427e-007 1.65506
1.511427e-007 1.76589
1.513427e-007 1.8933
1.515427e-007 1.92161
1.517427e-007 1.81216
1.519427e-007 1.70271
1.521427e-007 1.70547
1.523427e-007 1.79766
1.525427e-007 1.86844
1.527427e-007 1.89226
1.529427e-007 1.91022
1.531427e-007 1.89917
1.533427e-007 1.83495
1.535427e-007 1.78454
1.537427e-007 1.75761
1.539427e-007 1.69926
1.541427e-007 1.69787
1.543427e-007 1.80525
1.545427e-007 1.91747
1.547427e-007 1.93853
1.549427e-007 1.81043
1.551427e-007 1.63124
1.553427e-007 1.60569
1.555427e-007 1.69097
1.557427e-007 1.73482
1.559427e-007 1.77245
1.561427e-007 1.82701
1.563427e-007 1.87707
1.565427e-007 1.95199
1.567427e-007 1.98307
1.569427e-007 1.89192
1.571427e-007 1.77487
1.573427e-007 1.79075
1.575427e-007 1.95579
1.577427e-007 2.05799
1.579427e-007 1.92437
1.581427e-007 1.73724
1.583427e-007 1.73551
1.585427e-007 1.82079
1.587427e-007 1.80111
1.589427e-007 1.73068
1.591427e-007 1.70513
1.593427e-007 1.72135
1.595427e-007 1.77763
1.597427e-007 1.83391
1.599427e-007 1.83357
1.601427e-007 1.80353
1.603427e-007 1.82804
1.605427e-007 1.89088
1.607427e-007 1.90297
1.609427e-007 1.86291
1.611427e-007 1.81423
1.613427e-007 1.81216
1.615427e-007 1.87155
1.617427e-007 1.88052
1.619427e-007 1.80733
1.621427e-007 1.74794
1.623427e-007 1.7545
1.625427e-007 1.84151
1.627427e-007 1.93266
1.629427e-007 1.93266
1.631427e-007 1.92403
1.633427e-007 1.96753
1.635427e-007 1.98583
1.637427e-007 1.97582
1.639427e-007 2.01069
1.641427e-007 2.09252
1.643427e-007 2.11841
1.645427e-007 1.98997
1.647427e-007 1.80767
1.649427e-007 1.78143
1.651427e-007 1.87845
1.653427e-007 1.9482
1.655427e-007 1.99066
1.657427e-007 1.98307
1.659427e-007 1.92368
1.661427e-007 1.96166
1.663427e-007 2.08354
1.665427e-007 2.10978
1.667427e-007 2.0756
1.669427e-007 2.08009
1.671427e-007 2.09494
1.673427e-007 2.1084
1.675427e-007 2.08561
1.677427e-007 2.04107
1.679427e-007 2.06662
1.681427e-007 2.12394
1.683427e-007 2.10011
1.685427e-007 2.03935
1.687427e-007 2.07215
1.689427e-007 2.1816
1.691427e-007 2.23788
1.693427e-007 2.17504
1.695427e-007 2.09252
1.697427e-007 2.14327
1.699427e-007 2.24375
1.701427e-007 2.22441
1.703427e-007 2.17193
1.705427e-007 2.22925
1.707427e-007 2.28967
1.709427e-007 2.21129
1.711427e-007 2.09873
1.713427e-007 2.1122
1.715427e-007 2.15536
1.717427e-007 2.06352
1.719427e-007 2.02761
1.721427e-007 2.21336
1.723427e-007 2.33145
1.725427e-007 2.22717
1.727427e-007 2.08838
1.729427e-007 1.99515
1.731427e-007 2.0321
1.733427e-007 2.25963
1.735427e-007 2.38738
1.737427e-007 2.20784
1.739427e-007 1.98652
1.741427e-007 1.96891
1.743427e-007 2.04832
1.745427e-007 2.0863
1.747427e-007 2.10253
1.749427e-007 2.11876
1.751427e-007 2.10875
1.753427e-007 2.07802
1.755427e-007 2.07146
1.757427e-007 2.14569
1.759427e-007 2.25997
1.761427e-007 2.30486
1.763427e-007 2.25928
1.765427e-007 2.19817
1.767427e-007 2.19506
1.769427e-007 2.2037
1.771427e-007 2.16261
1.773427e-007 2.1557
1.775427e-007 2.27793
1.777427e-007 2.43019
1.779427e-007 2.44918
1.781427e-007 2.37115
1.783427e-007 2.30969
1.785427e-007 2.25169
1.787427e-007 2.19748
1.789427e-007 2.19748
1.791427e-007 2.21578
1.793427e-007 2.19817
1.795427e-007 2.16399
1.797427e-007 2.18056
1.799427e-007 2.27482
1.801427e-007 2.35458
1.803427e-007 2.42467
1.805427e-007 2.5103
1.807427e-007 2.48406
1.809427e-007 2.39152
1.811427e-007 2.37184
1.813427e-007 2.35423
1.815427e-007 2.28691
1.817427e-007 2.23684
1.819427e-007 2.22165
1.821427e-007 2.2434
1.823427e-007 2.30935
1.825427e-007 2.36735
1.827427e-007 2.40775
1.829427e-007 2.47888
1.831427e-007 2.55622
1.833427e-007 2.60179
1.835427e-007 2.58073
1.837427e-007 2.45022
1.839427e-007 2.31625
1.841427e-007 2.3059
1.843427e-007 2.35803
1.845427e-007 2.4081
1.847427e-007 2.48233
1.849427e-007 2.54586
1.851427e-007 2.56416
1.853427e-007 2.5279
1.855427e-007 2.39083
1.857427e-007 2.26999
1.859427e-007 2.32074
1.861427e-007 2.39981
1.863427e-007 2.38289
1.865427e-007 2.36079
1.867427e-007 2.37288
1.869427e-007 2.42812
1.871427e-007 2.51824
1.873427e-007 2.54068
1.875427e-007 2.4737
1.877427e-007 2.45609
1.879427e-007 2.54068
1.881427e-007 2.58522
1.883427e-007 2.52549
1.885427e-007 2.46955
1.887427e-007 2.4623
1.889427e-007 2.44573
1.891427e-007 2.4188
1.893427e-007 2.44815
1.895427e-007 2.51133
1.897427e-007 2.48889
1.899427e-007 2.41535
1.901427e-007 2.44366
1.903427e-007 2.47957
1.905427e-007 2.43572
1.907427e-007 2.4737
1.909427e-007 2.53688
1.911427e-007 2.51064
1.913427e-007 2.52342
1.915427e-007 2.55035
1.917427e-007 2.49959
1.919427e-007 2.49441
1.921427e-007 2.58833
1.923427e-007 2.65393
1.925427e-007 2.64184
1.927427e-007 2.63874
1.929427e-007 2.67706
1.931427e-007 2.65807
1.933427e-007 2.5721
1.935427e-007 2.55069
1.937427e-007 2.58487
1.939427e-007 2.56899
1.941427e-007 2.5614
1.943427e-007 2.59834
1.945427e-007 2.56968
1.947427e-007 2.52411
1.949427e-007 2.59661
1.951427e-007 2.74612
1.953427e-007 2.85729
1.955427e-007 2.85419
1.957427e-007 2.76303
1.959427e-007 2.7033
1.961427e-007 2.74888
1.963427e-007 2.84866
1.965427e-007 2.88664
1.967427e-007 2.78824
1.969427e-007 2.61284
1.971427e-007 2.51306
1.973427e-007 2.5721
1.975427e-007 2.6888
1.977427e-007 2.69329
1.979427e-007 2.61077
1.981427e-007 2.58418
1.983427e-007 2.60525
1.985427e-007 2.61975
1.987427e-007 2.69225
1.989427e-007 2.81103
1.991427e-007 2.82587
1.993427e-007 2.73576
1.995427e-007 2.67016
1.997427e-007 2.67016
1.999427e-007 2.73472
2.001427e-007 2.82035
2.003427e-007 2.82622
2.005427e-007 2.76649
2.007427e-007 2.73541
2.009427e-007 2.77961
2.011427e-007 2.84762
2.013427e-007 2.85419
2.015427e-007 2.85488
2.017427e-007 2.86592
2.019427e-007 2.79307
2.021427e-007 2.72057
2.023427e-007 2.75509
2.025427e-007 2.8238
2.027427e-007 2.84348
2.029427e-007 2.80447
2.031427e-007 2.74232
2.033427e-007 2.69225
2.035427e-007 2.6964
2.037427e-007 2.80136
2.039427e-007 2.92151
2.041427e-007 2.93601
2.043427e-007 2.90045
2.045427e-007 2.89769
2.047427e-007 2.89942
2.049427e-007 2.86696
2.051427e-007 2.82242
2.053427e-007 2.84072
2.055427e-007 2.89493
2.057427e-007 2.88388
2.059427e-007 2.87145
2.061427e-007 2.96053
2.063427e-007 3.0389
2.065427e-007 2.95673
2.067427e-007 2.79376
2.069427e-007 2.70434
2.071427e-007 2.70848
2.073427e-007 2.76994
2.075427e-007 2.85246
2.077427e-007 2.90218
2.079427e-007 2.90218
2.081427e-007 2.85384
2.083427e-007 2.79514
2.085427e-007 2.83623
2.087427e-007 2.93567
2.089427e-007 2.95328
2.091427e-007 2.93498
2.093427e-007 2.95846
2.095427e-007 2.9954
2.097427e-007 3.0099
2.099427e-007 2.9588
2.101427e-007 2.83865
2.103427e-007 2.71815
2.105427e-007 2.66429
2.107427e-007 2.71849
2.109427e-007 2.85108
2.111427e-007 2.98435
2.113427e-007 3.08206
2.115427e-007 3.12591
2.117427e-007 3.10969
2.119427e-007 3.04754
2.121427e-007 2.94637
2.123427e-007 2.82449
2.125427e-007 2.75164
2.127427e-007 2.80067
2.129427e-007 2.92738
2.131427e-007 2.98366
2.133427e-007 2.8932
2.135427e-007 2.79066
2.137427e-007 2.86661
2.139427e-007 2.99264
2.141427e-007 2.93981
2.143427e-007 2.87801
2.145427e-007 2.98884
2.147427e-007 3.08103
2.149427e-007 3.05928
2.151427e-007 3.10899
2.153427e-007 3.22431
2.155427e-007 3.16907
2.157427e-007 2.98953
2.159427e-007 2.96225
2.161427e-007 3.08206
2.163427e-007 3.18219
2.165427e-007 3.21568
2.167427e-007 3.15112
2.169427e-007 3.0541
2.171427e-007 3.07827
2.173427e-007 3.17425
2.175427e-007 3.18461
2.177427e-007 3.11038
2.179427e-007 3.07309
2.181427e-007 3.15319
2.183427e-007 3.24641
2.185427e-007 3.17218
2.187427e-007 2.97296
2.189427e-007 2.89078
2.191427e-007 3.03062
2.193427e-007 3.18979
2.195427e-007 3.20222
2.197427e-007 3.1746
2.199427e-007 3.18737
2.201427e-007 3.21327
2.203427e-007 3.20567
2.205427e-007 3.12867
2.207427e-007 3.05099
2.209427e-007 3.05237
2.211427e-007 3.10036
2.213427e-007 3.13558
2.215427e-007 3.1525
2.217427e-007 3.14663
2.219427e-007 3.11797
2.221427e-007 3.06687
2.223427e-007 3.01612
2.225427e-007 3.02717
2.227427e-007 3.03683
2.229427e-007 3.00196
2.231427e-007 3.05202
2.233427e-007 3.14801
2.235427e-007 3.12902
2.237427e-007 3.06722
2.239427e-007 3.08862
2.241427e-007 3.16148
2.243427e-007 3.18772
2.245427e-007 3.16009
2.247427e-007 3.18668
2.249427e-007 3.2616
2.251427e-007 3.25504
2.253427e-007 3.16079
2.255427e-007 3.10036
2.257427e-007 3.12453
2.259427e-007 3.19566
2.261427e-007 3.30752
2.263427e-007 3.38659
2.265427e-007 3.28784
2.267427e-007 3.09795
2.269427e-007 3.08137
2.271427e-007 3.26195
2.273427e-007 3.41145
2.275427e-007 3.37485
2.277427e-007 3.22639
2.279427e-007 3.19324
2.281427e-007 3.34378
2.283427e-007 3.47947
2.285427e-007 3.47049
2.287427e-007 3.40075
2.289427e-007 3.34067
2.291427e-007 3.30166
2.293427e-007 3.32928
2.295427e-007 3.39488
2.297427e-007 3.40627
2.299427e-007 3.37623
2.301427e-007 3.3638
2.303427e-007 3.34896
2.305427e-007 3.28197
2.307427e-007 3.23122
2.309427e-007 3.31374
2.311427e-007 3.44598
2.313427e-007 3.44909
2.315427e-007 3.39384
2.317427e-007 3.43217
2.319427e-007 3.45496
2.321427e-007 3.41421
2.323427e-007 3.4477
2.325427e-007 3.48568
2.327427e-007 3.38728
2.329427e-007 3.25297
2.331427e-007 3.2547
2.333427e-007 3.34481
2.335427e-007 3.40351
2.337427e-007 3.43493
2.339427e-007 3.40524
2.341427e-007 3.35276
2.343427e-007 3.42285
2.345427e-007 3.54162
2.347427e-007 3.52263
2.349427e-007 3.37692
2.351427e-007 3.28267
2.353427e-007 3.3462
2.355427e-007 3.46359
2.357427e-007 3.4995
2.359427e-007 3.49294
2.361427e-007 3.51434
2.363427e-007 3.4812
2.365427e-007 3.3638
2.367427e-007 3.30338
2.369427e-007 3.34585
2.371427e-007 3.4118
2.373427e-007 3.46048
2.375427e-007 3.48741
2.377427e-007 3.50295
2.379427e-007 3.48914
2.381427e-007 3.41421
2.383427e-007 3.35034
2.385427e-007 3.37692
2.387427e-007 3.37416
2.389427e-007 3.26333
2.391427e-007 3.22673
2.393427e-007 3.31995
2.395427e-007 3.39488
2.397427e-007 3.43976
2.399427e-007 3.48568
2.401427e-007 3.48741
2.403427e-007 3.45116
2.405427e-007 3.45012
2.407427e-007 3.53955
2.409427e-007 3.59134
2.411427e-007 3.48948
2.413427e-007 3.41629
2.415427e-007 3.4736
2.417427e-007 3.49501
2.419427e-007 3.45737
2.421427e-007 3.49294
2.423427e-007 3.55232
2.425427e-007 3.50433
2.427427e-007 3.43424
2.429427e-007 3.4515
2.431427e-007 3.4812
2.433427e-007 3.47222
2.435427e-007 3.46946
2.437427e-007 3.52746
2.439427e-007 3.60273
2.441427e-007 3.58581
2.443427e-007 3.52159
2.445427e-007 3.51883
2.447427e-007 3.56268
2.449427e-007 3.59859
2.451427e-007 3.59479
2.453427e-007 3.55992
2.455427e-007 3.5506
2.457427e-007 3.55992
2.459427e-007 3.54369
2.461427e-007 3.51227
2.463427e-007 3.47533
2.465427e-007 3.49501
2.467427e-007 3.57994
2.469427e-007 3.61171
2.471427e-007 3.60308
2.473427e-007 3.61309
2.475427e-007 3.64244
2.477427e-007 3.6925
2.479427e-007 3.71011
2.481427e-007 3.68801
2.483427e-007 3.65383
2.485427e-007 3.61792
2.487427e-007 3.61723
2.489427e-007 3.65072
2.491427e-007 3.68352
2.493427e-007 3.70424
2.495427e-007 3.73324
2.497427e-007 3.75845
2.499427e-007 3.73566
2.501427e-007 3.67558
2.503427e-007 3.65349
2.505427e-007 3.69941
2.507427e-007 3.7215
2.509427e-007 3.67904
2.511427e-007 3.67938
2.513427e-007 3.73946
2.515427e-007 3.75879
2.517427e-007 3.76535
2.519427e-007 3.81714
2.521427e-007 3.81127
