-2.481393e-007 9.97055
-2.479393e-007 9.95639
-2.477393e-007 10.0431
-2.475393e-007 10.0876
-2.473393e-007 10.0058
-2.471393e-007 9.93119
-2.469393e-007 9.93671
-2.467393e-007 9.98505
-2.465393e-007 10.0517
-2.463393e-007 10.1118
-2.461393e-007 10.1425
-2.459393e-007 10.1225
-2.457393e-007 10.0734
-2.455393e-007 10.0976
-2.453393e-007 10.1777
-2.451393e-007 10.1297
-2.449393e-007 9.97538
-2.447393e-007 9.95329
-2.445393e-007 10.0437
-2.443393e-007 10.0458
-2.441393e-007 9.97987
-2.439393e-007 10.003
-2.437393e-007 10.1004
-2.435393e-007 10.1235
-2.433393e-007 10.0203
-2.431393e-007 9.88113
-2.429393e-007 9.84971
-2.427393e-007 9.91911
-2.425393e-007 9.98264
-2.423393e-007 10.033
-2.421393e-007 10.062
-2.419393e-007 10.0665
-2.417393e-007 10.081
-2.415393e-007 10.0962
-2.413393e-007 10.0962
-2.411393e-007 10.0696
-2.409393e-007 10.0279
-2.407393e-007 10.0234
-2.405393e-007 10.0362
-2.403393e-007 10.0299
-2.401393e-007 10.023
-2.399393e-007 9.99058
-2.397393e-007 9.89459
-2.395393e-007 9.80758
-2.393393e-007 9.83313
-2.391393e-007 9.89252
-2.389393e-007 9.8901
-2.387393e-007 9.90081
-2.385393e-007 9.98402
-2.383393e-007 10.1176
-2.381393e-007 10.2102
-2.379393e-007 10.1853
-2.377393e-007 10.1145
-2.375393e-007 10.0475
-2.373393e-007 9.98402
-2.371393e-007 10.0168
-2.369393e-007 10.1145
-2.367393e-007 10.069
-2.365393e-007 9.92049
-2.363393e-007 9.91082
-2.361393e-007 9.99265
-2.359393e-007 9.93257
-2.357393e-007 9.80517
-2.355393e-007 9.87318
-2.353393e-007 10.061
-2.351393e-007 10.108
-2.349393e-007 10.0362
-2.347393e-007 10.0327
-2.345393e-007 10.1138
-2.343393e-007 10.119
-2.341393e-007 10.0147
-2.339393e-007 10.0013
-2.337393e-007 10.1221
-2.335393e-007 10.1874
-2.333393e-007 10.1653
-2.331393e-007 10.1377
-2.329393e-007 10.1056
-2.327393e-007 10.0931
-2.325393e-007 10.0886
-2.323393e-007 10.0251
-2.321393e-007 9.96088
-2.319393e-007 9.95087
-2.317393e-007 9.95778
-2.315393e-007 9.99437
-2.313393e-007 10.0044
-2.311393e-007 9.91807
-2.309393e-007 9.84246
-2.307393e-007 9.83693
-2.305393e-007 9.88182
-2.303393e-007 10.0061
-2.301393e-007 10.1304
-2.299393e-007 10.1404
-2.297393e-007 10.0807
-2.295393e-007 10.0496
-2.293393e-007 10.0717
-2.291393e-007 10.0672
-2.289393e-007 9.99092
-2.287393e-007 9.9343
-2.285393e-007 9.94258
-2.283393e-007 9.9854
-2.281393e-007 10.0279
-2.279393e-007 10.0165
-2.277393e-007 9.97642
-2.275393e-007 9.99023
-2.273393e-007 10.0306
-2.271393e-007 9.99507
-2.269393e-007 9.92463
-2.267393e-007 9.96917
-2.265393e-007 10.0638
-2.263393e-007 10.0341
-2.261393e-007 9.91462
-2.259393e-007 9.87629
-2.257393e-007 9.98194
-2.255393e-007 10.1159
-2.253393e-007 10.1442
-2.251393e-007 10.0431
-2.249393e-007 9.91496
-2.247393e-007 9.88631
-2.245393e-007 9.96399
-2.243393e-007 10.0296
-2.241393e-007 9.99023
-2.239393e-007 9.95536
-2.237393e-007 10.0358
-2.235393e-007 10.0862
-2.233393e-007 10.0185
-2.231393e-007 9.97953
-2.229393e-007 10.0141
-2.227393e-007 10.0489
-2.225393e-007 10.08
-2.223393e-007 10.09
-2.221393e-007 10.0614
-2.219393e-007 10.0161
-2.217393e-007 9.97849
-2.215393e-007 10.0137
-2.213393e-007 10.1038
-2.211393e-007 10.1097
-2.209393e-007 10.0365
-2.207393e-007 9.96848
-2.205393e-007 9.87353
-2.203393e-007 9.84142
-2.201393e-007 9.97193
-2.199393e-007 10.0472
-2.197393e-007 9.9595
-2.195393e-007 9.92739
-2.193393e-007 10.0054
-2.191393e-007 10.0303
-2.189393e-007 9.99852
-2.187393e-007 10.0465
-2.185393e-007 10.1625
-2.183393e-007 10.1843
-2.181393e-007 10.0745
-2.179393e-007 9.98885
-2.177393e-007 10.0109
-2.175393e-007 10.079
-2.173393e-007 10.1024
-2.171393e-007 10.032
-2.169393e-007 9.99058
-2.167393e-007 10.0679
-2.165393e-007 10.1076
-2.163393e-007 10.0372
-2.161393e-007 9.97918
-2.159393e-007 9.97504
-2.157393e-007 9.9816
-2.155393e-007 10.0382
-2.153393e-007 10.1314
-2.151393e-007 10.1107
-2.149393e-007 9.98402
-2.147393e-007 9.91807
-2.145393e-007 9.97331
-2.143393e-007 10.0779
-2.141393e-007 10.1138
-2.139393e-007 10.0897
-2.137393e-007 10.1263
-2.135393e-007 10.2143
-2.133393e-007 10.2412
-2.131393e-007 10.2198
-2.129393e-007 10.2271
-2.127393e-007 10.1839
-2.125393e-007 10.0348
-2.123393e-007 9.93361
-2.121393e-007 9.96261
-2.119393e-007 10.0158
-2.117393e-007 10.0092
-2.115393e-007 9.945
-2.113393e-007 9.86145
-2.111393e-007 9.82312
-2.109393e-007 9.88182
-2.107393e-007 10.0116
-2.105393e-007 10.0883
-2.103393e-007 10.0368
-2.101393e-007 9.97331
-2.099393e-007 10.0161
-2.097393e-007 10.0745
-2.095393e-007 10.0441
-2.093393e-007 10.0027
-2.091393e-007 9.99058
-2.089393e-007 9.95674
-2.087393e-007 9.97021
-2.085393e-007 10.052
-2.083393e-007 10.0745
-2.081393e-007 10.0199
-2.079393e-007 9.99576
-2.077393e-007 10.0296
-2.075393e-007 10.0486
-2.073393e-007 10.031
-2.071393e-007 10.041
-2.069393e-007 10.0624
-2.067393e-007 10.0109
-2.065393e-007 9.94224
-2.063393e-007 9.98125
-2.061393e-007 10.0838
-2.059393e-007 10.1135
-2.057393e-007 10.0658
-2.055393e-007 10.031
-2.053393e-007 10.07
-2.051393e-007 10.1601
-2.049393e-007 10.176
-2.047393e-007 10.0841
-2.045393e-007 10.0279
-2.043393e-007 10.0752
-2.041393e-007 10.109
-2.039393e-007 10.0144
-2.037393e-007 9.86179
-2.035393e-007 9.80102
-2.033393e-007 9.85454
-2.031393e-007 9.9229
-2.029393e-007 9.95778
-2.027393e-007 10.0013
-2.025393e-007 10.0386
-2.023393e-007 10.0365
-2.021393e-007 10.0455
-2.019393e-007 10.0942
-2.017393e-007 10.1732
-2.015393e-007 10.2264
-2.013393e-007 10.1197
-2.011393e-007 9.93499
-2.009393e-007 9.92256
-2.007393e-007 10.0368
-2.005393e-007 10.1187
-2.003393e-007 10.1591
-2.001393e-007 10.1363
-1.999393e-007 10.0507
-1.997393e-007 9.97608
-1.995393e-007 9.97021
-1.993393e-007 10.0141
-1.991393e-007 9.95294
-1.989393e-007 9.75199
-1.987393e-007 9.67362
-1.985393e-007 9.80482
-1.983393e-007 9.9381
-1.981393e-007 10.0206
-1.979393e-007 10.1142
-1.977393e-007 10.1422
-1.975393e-007 10.0551
-1.973393e-007 9.9633
-1.971393e-007 9.93154
-1.969393e-007 9.87491
-1.967393e-007 9.82036
-1.965393e-007 9.86455
-1.963393e-007 9.9526
-1.961393e-007 10.0089
-1.959393e-007 9.99748
-1.957393e-007 9.95398
-1.955393e-007 9.98851
-1.953393e-007 10.0814
-1.951393e-007 10.1104
-1.949393e-007 10.0658
-1.947393e-007 10.0103
-1.945393e-007 9.93188
-1.943393e-007 9.82554
-1.941393e-007 9.76097
-1.939393e-007 9.76408
-1.937393e-007 9.81794
-1.935393e-007 9.94258
-1.933393e-007 10.0859
-1.931393e-007 10.1352
-1.929393e-007 10.0931
-1.927393e-007 10.0762
-1.925393e-007 10.1418
-1.923393e-007 10.1584
-1.921393e-007 10.0634
-1.919393e-007 10.0047
-1.917393e-007 9.99783
-1.915393e-007 9.93741
-1.913393e-007 9.88458
-1.911393e-007 9.95329
-1.909393e-007 10.0928
-1.907393e-007 10.1466
-1.905393e-007 10.0731
-1.903393e-007 9.9999
-1.901393e-007 10.0248
-1.899393e-007 10.069
-1.897393e-007 10.0289
-1.895393e-007 9.98885
-1.893393e-007 10.0565
-1.891393e-007 10.137
-1.889393e-007 10.1059
-1.887393e-007 9.98091
-1.885393e-007 9.88596
-1.883393e-007 9.9198
-1.881393e-007 9.98367
-1.879393e-007 9.97953
-1.877393e-007 9.98885
-1.875393e-007 10.0065
-1.873393e-007 9.95432
-1.871393e-007 9.88665
-1.869393e-007 9.88285
-1.867393e-007 9.98091
-1.865393e-007 10.1011
-1.863393e-007 10.0852
-1.861393e-007 9.98436
-1.859393e-007 10.0137
-1.857393e-007 10.1908
-1.855393e-007 10.2709
-1.853393e-007 10.137
-1.851393e-007 9.99058
-1.849393e-007 10.0134
-1.847393e-007 10.1138
-1.845393e-007 10.1249
-1.843393e-007 10.06
-1.841393e-007 10.0365
-1.839393e-007 10.0527
-1.837393e-007 10.0099
-1.835393e-007 9.9343
-1.833393e-007 9.93499
-1.831393e-007 10.0051
-1.829393e-007 10.0268
-1.827393e-007 9.95398
-1.825393e-007 9.92325
-1.823393e-007 10.0272
-1.821393e-007 10.1591
-1.819393e-007 10.2205
-1.817393e-007 10.1967
-1.815393e-007 10.0831
-1.813393e-007 9.97815
-1.811393e-007 9.98264
-1.809393e-007 9.99714
-1.807393e-007 9.95329
-1.805393e-007 9.93326
-1.803393e-007 9.94258
-1.801393e-007 9.95191
-1.799393e-007 10.0054
-1.797393e-007 10.0973
-1.795393e-007 10.1532
-1.793393e-007 10.1301
-1.791393e-007 10.061
-1.789393e-007 10.0365
-1.787393e-007 10.0413
-1.785393e-007 9.96261
-1.783393e-007 9.82381
-1.781393e-007 9.76097
-1.779393e-007 9.83106
-1.777393e-007 9.95018
-1.775393e-007 10.0182
-1.773393e-007 10.0658
-1.771393e-007 10.127
-1.769393e-007 10.1435
-1.767393e-007 10.1069
-1.765393e-007 10.0793
-1.763393e-007 10.0617
-1.761393e-007 10.021
-1.759393e-007 10.0123
-1.757393e-007 10.0783
-1.755393e-007 10.1138
-1.753393e-007 10.0472
-1.751393e-007 9.96986
-1.749393e-007 9.93568
-1.747393e-007 9.95018
-1.745393e-007 10.0085
-1.743393e-007 10.0116
-1.741393e-007 9.93706
-1.739393e-007 9.89045
-1.737393e-007 9.91255
-1.735393e-007 9.97815
-1.733393e-007 10.0679
-1.731393e-007 10.1518
-1.729393e-007 10.1722
-1.727393e-007 10.0969
-1.725393e-007 10.0006
-1.723393e-007 9.9412
-1.721393e-007 9.86593
-1.719393e-007 9.79308
-1.717393e-007 9.82623
-1.715393e-007 9.9381
-1.713393e-007 9.96226
-1.711393e-007 9.89839
-1.709393e-007 9.91427
-1.707393e-007 10.0096
-1.705393e-007 10.0672
-1.703393e-007 10.042
-1.701393e-007 9.98264
-1.699393e-007 9.99507
-1.697393e-007 10.0748
-1.695393e-007 10.0959
-1.693393e-007 10.031
-1.691393e-007 9.9595
-1.689393e-007 9.90495
-1.687393e-007 9.89908
-1.685393e-007 9.99092
-1.683393e-007 10.1104
-1.681393e-007 10.1615
-1.679393e-007 10.1166
-1.677393e-007 10.0103
-1.675393e-007 9.93671
-1.673393e-007 9.916
-1.671393e-007 9.89943
-1.669393e-007 9.93188
-1.667393e-007 10.0244
-1.665393e-007 10.0551
-1.663393e-007 9.98954
-1.661393e-007 9.93671
-1.659393e-007 9.95432
-1.657393e-007 10.0103
-1.655393e-007 10.0434
-1.653393e-007 10.0348
-1.651393e-007 10.0327
-1.649393e-007 10.0358
-1.647393e-007 10.0375
-1.645393e-007 10.1024
-1.643393e-007 10.1898
-1.641393e-007 10.0983
-1.639393e-007 9.82968
-1.637393e-007 9.70746
-1.635393e-007 9.81483
-1.633393e-007 9.90978
-1.631393e-007 9.93223
-1.629393e-007 9.90875
-1.627393e-007 9.84107
-1.625393e-007 9.83762
-1.623393e-007 9.89321
-1.621393e-007 9.92221
-1.619393e-007 9.98851
-1.617393e-007 10.1114
-1.615393e-007 10.1525
-1.613393e-007 10.0914
-1.611393e-007 10.0482
-1.609393e-007 10.0462
-1.607393e-007 10.0589
-1.605393e-007 10.0848
-1.603393e-007 10.0672
-1.601393e-007 9.93188
-1.599393e-007 9.78376
-1.597393e-007 9.83555
-1.595393e-007 10.0123
-1.593393e-007 10.0496
-1.591393e-007 9.95605
-1.589393e-007 9.9267
-1.587393e-007 9.99541
-1.585393e-007 10.1035
-1.583393e-007 10.2019
-1.581393e-007 10.1988
-1.579393e-007 10.1107
-1.577393e-007 10.041
-1.575393e-007 9.97262
-1.573393e-007 9.89528
-1.571393e-007 9.91289
-1.569393e-007 9.99955
-1.567393e-007 9.99886
-1.565393e-007 9.94569
-1.563393e-007 9.95225
-1.561393e-007 9.98471
-1.559393e-007 10.0027
-1.557393e-007 9.97573
-1.555393e-007 9.89528
-1.553393e-007 9.84522
-1.551393e-007 9.85627
-1.549393e-007 9.91945
-1.547393e-007 10.0555
-1.545393e-007 10.1781
-1.543393e-007 10.1839
-1.541393e-007 10.1128
-1.539393e-007 10.0355
-1.537393e-007 10.0241
-1.535393e-007 10.0897
-1.533393e-007 10.1031
-1.531393e-007 10.0507
-1.529393e-007 10.0296
-1.527393e-007 10.0092
-1.525393e-007 9.98643
-1.523393e-007 10.0071
-1.521393e-007 9.97815
-1.519393e-007 9.86179
-1.517393e-007 9.84384
-1.515393e-007 9.97711
-1.513393e-007 10.0479
-1.511393e-007 9.97953
-1.509393e-007 9.91255
-1.507393e-007 9.97124
-1.505393e-007 10.1011
-1.503393e-007 10.1442
-1.501393e-007 10.1024
-1.499393e-007 10.0658
-1.497393e-007 10.0586
-1.495393e-007 10.0576
-1.493393e-007 10.0258
-1.491393e-007 9.99299
-1.489393e-007 9.99334
-1.487393e-007 10.0154
-1.485393e-007 9.9999
-1.483393e-007 9.89943
-1.481393e-007 9.81622
-1.479393e-007 9.82381
-1.477393e-007 9.87526
-1.475393e-007 9.98574
-1.473393e-007 10.1145
-1.471393e-007 10.1314
-1.469393e-007 10.0717
-1.467393e-007 10.0493
-1.465393e-007 10.042
-1.463393e-007 10.013
-1.461393e-007 9.99403
-1.459393e-007 9.99783
-1.457393e-007 10.0051
-1.455393e-007 9.99472
-1.453393e-007 9.9778
-1.451393e-007 9.98678
-1.449393e-007 9.974
-1.447393e-007 9.91116
-1.445393e-007 9.91634
-1.443393e-007 10.0058
-1.441393e-007 10.033
-1.439393e-007 9.99886
-1.437393e-007 10.002
-1.435393e-007 9.99437
-1.433393e-007 9.94604
-1.431393e-007 9.95398
-1.429393e-007 10.0396
-1.427393e-007 10.0976
-1.425393e-007 10.0755
-1.423393e-007 10.0389
-1.421393e-007 10.0251
-1.419393e-007 10.0002
-1.417393e-007 9.98471
-1.415393e-007 10.0313
-1.413393e-007 10.0634
-1.411393e-007 10.0134
-1.409393e-007 9.98574
-1.407393e-007 10.0065
-1.405393e-007 9.9892
-1.403393e-007 9.95329
-1.401393e-007 9.92567
-1.399393e-007 9.89632
-1.397393e-007 9.91669
-1.395393e-007 9.96641
-1.393393e-007 9.98609
-1.391393e-007 10.0517
-1.389393e-007 10.1453
-1.387393e-007 10.1649
-1.385393e-007 10.1618
-1.383393e-007 10.1674
-1.381393e-007 10.1601
-1.379393e-007 10.1663
-1.377393e-007 10.1494
-1.375393e-007 10.0976
-1.373393e-007 10.1404
-1.371393e-007 10.2609
-1.369393e-007 10.2526
-1.367393e-007 10.109
-1.365393e-007 10.0334
-1.363393e-007 10.0814
-1.361393e-007 10.11
-1.359393e-007 10.0672
-1.357393e-007 10.0217
-1.355393e-007 9.97884
-1.353393e-007 9.92498
-1.351393e-007 9.92014
-1.349393e-007 9.96986
-1.347393e-007 10.0085
-1.345393e-007 10.0475
-1.343393e-007 10.0593
-1.341393e-007 9.99576
-1.339393e-007 9.94914
-1.337393e-007 9.9892
-1.335393e-007 10.0507
-1.333393e-007 10.0451
-1.331393e-007 9.97815
-1.329393e-007 9.92636
-1.327393e-007 9.91082
-1.325393e-007 9.92221
-1.323393e-007 9.91945
-1.321393e-007 9.88078
-1.319393e-007 9.92359
-1.317393e-007 10.0503
-1.315393e-007 10.0993
-1.313393e-007 10.0603
-1.311393e-007 10.0441
-1.309393e-007 10.0762
-1.307393e-007 10.1028
-1.305393e-007 10.089
-1.303393e-007 10.021
-1.301393e-007 9.92705
-1.299393e-007 9.88596
-1.297393e-007 9.95847
-1.295393e-007 10.1045
-1.293393e-007 10.1273
-1.291393e-007 10.0296
-1.289393e-007 10.0797
-1.287393e-007 10.1984
-1.285393e-007 10.1204
-1.283393e-007 9.97504
-1.281393e-007 9.97884
-1.279393e-007 10.0527
-1.277393e-007 10.0721
-1.275393e-007 9.99748
-1.273393e-007 9.85799
-1.271393e-007 9.82657
-1.269393e-007 9.96226
-1.267393e-007 10.0928
-1.265393e-007 10.1308
-1.263393e-007 10.1118
-1.261393e-007 10.0299
-1.259393e-007 9.94431
-1.257393e-007 9.98781
-1.255393e-007 10.1183
-1.253393e-007 10.167
-1.251393e-007 10.1045
-1.249393e-007 10.0368
-1.247393e-007 10.0379
-1.245393e-007 10.0935
-1.243393e-007 10.1428
-1.241393e-007 10.1069
-1.239393e-007 9.98022
-1.237393e-007 9.89666
-1.235393e-007 9.92359
-1.233393e-007 9.97055
-1.231393e-007 9.98505
-1.229393e-007 10.0172
-1.227393e-007 10.1121
-1.225393e-007 10.2316
-1.223393e-007 10.2502
-1.221393e-007 10.118
-1.219393e-007 9.99299
-1.217393e-007 10.0096
-1.215393e-007 10.1
-1.213393e-007 10.1432
-1.211393e-007 10.1149
-1.209393e-007 10.0921
-1.207393e-007 10.1069
-1.205393e-007 10.0976
-1.203393e-007 10.0555
-1.201393e-007 10.023
-1.199393e-007 10.0051
-1.197393e-007 10.0203
-1.195393e-007 10.0745
-1.193393e-007 10.109
-1.191393e-007 10.08
-1.189393e-007 9.99368
-1.187393e-007 9.93188
-1.185393e-007 9.97366
-1.183393e-007 10.0406
-1.181393e-007 10.0576
-1.179393e-007 10.0838
-1.177393e-007 10.1325
-1.175393e-007 10.1404
-1.173393e-007 10.0607
-1.171393e-007 9.94466
-1.169393e-007 9.93395
-1.167393e-007 9.99161
-1.165393e-007 9.96813
-1.163393e-007 9.92774
-1.161393e-007 9.94604
-1.159393e-007 9.96641
-1.157393e-007 10.0089
-1.155393e-007 10.0496
-1.153393e-007 9.99437
-1.151393e-007 9.90702
-1.149393e-007 9.88769
-1.147393e-007 9.91082
-1.145393e-007 9.9343
-1.143393e-007 9.96572
-1.141393e-007 10.0016
-1.139393e-007 9.9923
-1.137393e-007 9.93361
-1.135393e-007 9.91772
-1.133393e-007 9.97711
-1.131393e-007 10.0234
-1.129393e-007 10.0496
-1.127393e-007 10.1093
-1.125393e-007 10.1218
-1.123393e-007 10.0507
-1.121393e-007 10.0127
-1.119393e-007 10.0147
-1.117393e-007 9.98367
-1.115393e-007 9.94914
-1.113393e-007 9.93775
-1.111393e-007 9.92359
-1.109393e-007 9.91082
-1.107393e-007 9.91116
-1.105393e-007 9.94811
-1.103393e-007 10.0258
-1.101393e-007 10.061
-1.099393e-007 10.0569
-1.097393e-007 10.1107
-1.095393e-007 10.1646
-1.093393e-007 10.1308
-1.091393e-007 10.09
-1.089393e-007 10.0904
-1.087393e-007 10.0931
-1.085393e-007 10.1256
-1.083393e-007 10.1138
-1.081393e-007 9.94535
-1.079393e-007 9.79412
-1.077393e-007 9.85765
-1.075393e-007 10.0165
-1.073393e-007 10.0762
-1.071393e-007 10.0082
-1.069393e-007 9.92428
-1.067393e-007 9.93292
-1.065393e-007 10.0082
-1.063393e-007 10.0717
-1.061393e-007 10.1104
-1.059393e-007 10.1356
-1.057393e-007 10.1539
-1.055393e-007 10.196
-1.053393e-007 10.2157
-1.051393e-007 10.1093
-1.049393e-007 9.96882
-1.047393e-007 9.90495
-1.045393e-007 9.84349
-1.043393e-007 9.81932
-1.041393e-007 9.87491
-1.039393e-007 9.8901
-1.037393e-007 9.91807
-1.035393e-007 10.0109
-1.033393e-007 10.0009
-1.031393e-007 9.89873
-1.029393e-007 9.85937
-1.027393e-007 9.89356
-1.025393e-007 9.98194
-1.023393e-007 10.0969
-1.021393e-007 10.1491
-1.019393e-007 10.1169
-1.017393e-007 10.0907
-1.015393e-007 10.0948
-1.013393e-007 10.0721
-1.011393e-007 10.0403
-1.009393e-007 10.0486
-1.007393e-007 10.0624
-1.005393e-007 10.0192
-1.003393e-007 9.9778
-1.001393e-007 10.0016
-9.993933e-008 10.0234
-9.973933e-008 10.021
-9.953933e-008 10.0458
-9.933933e-008 10.0776
-9.913933e-008 10.0469
-9.893933e-008 9.9816
-9.873933e-008 9.99334
-9.853933e-008 10.0638
-9.833933e-008 10.06
-9.813933e-008 9.97884
-9.793933e-008 9.94327
-9.773933e-008 9.97159
-9.753933e-008 9.98091
-9.733933e-008 9.98333
-9.713933e-008 10.0582
-9.693933e-008 10.1705
-9.673933e-008 10.1822
-9.653933e-008 10.0824
-9.633933e-008 10.0144
-9.613933e-008 10.0168
-9.593933e-008 10.0282
-9.573933e-008 10.0403
-9.553933e-008 10.0182
-9.533933e-008 9.9412
-9.513933e-008 9.89045
-9.493933e-008 9.90012
-9.473933e-008 9.94155
-9.453933e-008 10.0051
-9.433933e-008 10.0558
-9.413933e-008 10.0624
-9.393933e-008 10.0482
-9.373933e-008 10.0534
-9.353933e-008 10.0824
-9.333933e-008 10.0465
-9.313933e-008 9.93637
-9.293933e-008 9.92325
-9.273933e-008 9.96882
-9.253933e-008 9.90944
-9.233933e-008 9.8611
-9.213933e-008 9.91082
-9.193933e-008 9.97677
-9.173933e-008 10.0558
-9.153933e-008 10.1156
-9.133933e-008 10.0983
-9.113933e-008 10.0952
-9.093933e-008 10.1131
-9.073933e-008 10.0545
-9.053933e-008 10.0168
-9.033933e-008 10.08
-9.013933e-008 10.1466
-8.993933e-008 10.1563
-8.973933e-008 10.0828
-8.953933e-008 9.99058
-8.933933e-008 9.97504
-8.913933e-008 9.96813
-8.893933e-008 9.95743
-8.873933e-008 10.0213
-8.853933e-008 10.0797
-8.833933e-008 10.0327
-8.813933e-008 9.96434
-8.793933e-008 9.9709
-8.773933e-008 10.0071
-8.753933e-008 9.99368
-8.733933e-008 9.91013
-8.713933e-008 9.83313
-8.693933e-008 9.84729
-8.673933e-008 9.89943
-8.653933e-008 9.89908
-8.633933e-008 9.89114
-8.613933e-008 9.94466
-8.593933e-008 10.0206
-8.573933e-008 10.0707
-8.553933e-008 10.0731
-8.533933e-008 10.0251
-8.513933e-008 10.0203
-8.493933e-008 10.0907
-8.473933e-008 10.1045
-8.453933e-008 10.0614
-8.433933e-008 10.0765
-8.413933e-008 10.0762
-8.393933e-008 10.0037
-8.373933e-008 9.97918
-8.353933e-008 10.041
-8.333933e-008 10.0797
-8.313933e-008 10.0154
-8.293933e-008 9.93706
-8.273933e-008 9.95674
-8.253933e-008 9.98989
-8.233933e-008 9.95916
-8.213933e-008 9.95881
-8.193933e-008 10.0037
-8.173933e-008 9.98574
-8.153933e-008 9.9412
-8.133933e-008 9.97746
-8.113933e-008 10.0275
-8.093933e-008 9.98643
-8.073933e-008 9.90081
-8.053933e-008 9.87664
-8.033933e-008 9.94189
-8.013933e-008 10.0141
-7.993933e-008 10.0254
-7.973933e-008 9.98333
-7.953933e-008 9.9122
-7.933933e-008 9.86006
-7.913933e-008 9.87733
-7.893933e-008 9.92187
-7.873933e-008 9.92946
-7.853933e-008 9.97055
-7.833933e-008 10.071
-7.813933e-008 10.1235
-7.793933e-008 10.0845
-7.773933e-008 9.97884
-7.753933e-008 9.88182
-7.733933e-008 9.92912
-7.713933e-008 10.1194
-7.693933e-008 10.2412
-7.673933e-008 10.1608
-7.653933e-008 9.97469
-7.633933e-008 9.82381
-7.613933e-008 9.78238
-7.593933e-008 9.86076
-7.573933e-008 9.9854
-7.553933e-008 10.0855
-7.533933e-008 10.11
-7.513933e-008 10.0424
-7.493933e-008 9.99127
-7.473933e-008 9.96675
-7.453933e-008 9.89804
-7.433933e-008 9.91462
-7.413933e-008 10.0534
-7.393933e-008 10.137
-7.373933e-008 10.1049
-7.353933e-008 10.0676
-7.333933e-008 10.0911
-7.313933e-008 10.1007
-7.293933e-008 10.0617
-7.273933e-008 10.0234
-7.253933e-008 10.003
-7.233933e-008 9.98678
-7.213933e-008 9.97642
-7.193933e-008 10.022
-7.173933e-008 10.0845
-7.153933e-008 10.0348
-7.133933e-008 9.94155
-7.113933e-008 9.91876
-7.093933e-008 9.89943
-7.073933e-008 9.88734
-7.053933e-008 9.94397
-7.033933e-008 10.0437
-7.013933e-008 10.1442
-6.993933e-008 10.1774
-6.973933e-008 10.1114
-6.953933e-008 10.0365
-6.933933e-008 9.99196
-6.913933e-008 9.93637
-6.893933e-008 9.94189
-6.873933e-008 10.0717
-6.853933e-008 10.1998
-6.833933e-008 10.197
-6.813933e-008 10.0555
-6.793933e-008 9.88078
-6.773933e-008 9.8283
-6.753933e-008 9.89114
-6.733933e-008 9.95916
-6.713933e-008 10.0016
-6.693933e-008 9.99334
-6.673933e-008 9.94466
-6.653933e-008 9.91013
-6.633933e-008 9.8504
-6.613933e-008 9.83003
-6.593933e-008 9.9633
-6.573933e-008 10.0696
-6.553933e-008 10.079
-6.533933e-008 10.1456
-6.513933e-008 10.1798
-6.493933e-008 10.1021
-6.473933e-008 10.0431
-6.453933e-008 10.052
-6.433933e-008 10.118
-6.413933e-008 10.1791
-6.393933e-008 10.1111
-6.373933e-008 9.98022
-6.353933e-008 9.93982
-6.333933e-008 9.96054
-6.313933e-008 9.97815
-6.293933e-008 9.98643
-6.273933e-008 9.98333
-6.253933e-008 10.0237
-6.233933e-008 10.0935
-6.213933e-008 10.0593
-6.193933e-008 9.93602
-6.173933e-008 9.90806
-6.153933e-008 9.99679
-6.133933e-008 10.0227
-6.113933e-008 9.94397
-6.093933e-008 9.89908
-6.073933e-008 9.97884
-6.053933e-008 10.0962
-6.033933e-008 10.0631
-6.013933e-008 9.89114
-5.993933e-008 9.79308
-5.973933e-008 9.82105
-5.953933e-008 9.86076
-5.933933e-008 9.91565
-5.913933e-008 10.041
-5.893933e-008 10.1529
-5.873933e-008 10.1477
-5.853933e-008 10.0545
-5.833933e-008 10.0058
-5.813933e-008 10.0776
-5.793933e-008 10.1933
-5.773933e-008 10.2385
-5.753933e-008 10.1705
-5.733933e-008 10.0469
-5.713933e-008 9.99783
-5.693933e-008 10.0562
-5.673933e-008 10.1125
-5.653933e-008 10.1087
-5.633933e-008 10.0672
-5.613933e-008 10.0451
-5.593933e-008 10.1069
-5.573933e-008 10.1459
-5.553933e-008 10.0272
-5.533933e-008 9.85385
-5.513933e-008 9.77306
-5.493933e-008 9.76097
-5.473933e-008 9.78065
-5.453933e-008 9.87664
-5.433933e-008 10.0113
-5.413933e-008 10.0997
-5.393933e-008 10.1169
-5.373933e-008 10.0513
-5.353933e-008 9.99265
-5.333933e-008 10.0292
-5.313933e-008 10.0614
-5.293933e-008 10.0355
-5.273933e-008 9.98333
-5.253933e-008 9.91013
-5.233933e-008 9.92498
-5.213933e-008 10.0313
-5.193933e-008 10.0496
-5.173933e-008 9.99576
-5.153933e-008 9.99576
-5.133933e-008 10.0051
-5.113933e-008 9.97366
-5.093933e-008 9.93775
-5.073933e-008 9.90426
-5.053933e-008 9.8832
-5.033933e-008 9.9084
-5.013933e-008 9.96779
-4.993933e-008 10.0217
-4.973933e-008 10.0524
-4.953933e-008 10.0451
-4.933933e-008 10.0006
-4.913933e-008 10.0324
-4.893933e-008 10.2012
-4.873933e-008 10.2575
-4.853933e-008 10.1073
-4.833933e-008 10.0403
-4.813933e-008 10.1173
-4.793933e-008 10.1201
-4.773933e-008 10.0362
-4.753933e-008 10.0192
-4.733933e-008 10.0444
-4.713933e-008 9.99092
-4.693933e-008 9.91911
-4.673933e-008 9.92567
-4.653933e-008 9.98505
-4.633933e-008 10.0555
-4.613933e-008 10.1018
-4.593933e-008 10.1159
-4.573933e-008 10.1169
-4.553933e-008 10.1028
-4.533933e-008 10.098
-4.513933e-008 10.1125
-4.493933e-008 10.0862
-4.473933e-008 10.0061
-4.453933e-008 9.97746
-4.433933e-008 10.0289
-4.413933e-008 9.9999
-4.393933e-008 9.8939
-4.373933e-008 9.91324
-4.353933e-008 10.0009
-4.333933e-008 9.96641
-4.313933e-008 9.8794
-4.293933e-008 9.8756
-4.273933e-008 9.9488
-4.253933e-008 10.0489
-4.233933e-008 10.1004
-4.213933e-008 10.0838
-4.193933e-008 10.0845
-4.173933e-008 10.1142
-4.153933e-008 10.1239
-4.133933e-008 10.127
-4.113933e-008 10.0931
-4.093933e-008 9.99299
-4.073933e-008 9.93844
-4.053933e-008 9.99852
-4.033933e-008 10.1014
-4.013933e-008 10.1459
-3.993933e-008 10.1259
-3.973933e-008 10.1166
-3.953933e-008 10.1114
-3.933933e-008 10.0362
-3.913933e-008 9.93533
-3.893933e-008 9.93879
-3.873933e-008 10.0068
-3.853933e-008 10.0151
-3.833933e-008 10.004
-3.813933e-008 10.0431
-3.793933e-008 10.0935
-3.773933e-008 10.0638
-3.753933e-008 9.9816
-3.733933e-008 10.0531
-3.713933e-008 10.2485
-3.693933e-008 10.2547
-3.673933e-008 10.0569
-3.653933e-008 9.95985
-3.633933e-008 10.0424
-3.613933e-008 10.1107
-3.593933e-008 10.0686
-3.573933e-008 9.99886
-3.553933e-008 9.9816
-3.533933e-008 9.98851
-3.513933e-008 9.96261
-3.493933e-008 9.91772
-3.473933e-008 9.91186
-3.453933e-008 9.95812
-3.433933e-008 9.99645
-3.413933e-008 9.96019
-3.393933e-008 9.89114
-3.373933e-008 9.89287
-3.353933e-008 9.95018
-3.333933e-008 9.9999
-3.313933e-008 10.0507
-3.293933e-008 10.0848
-3.273933e-008 10.0358
-3.253933e-008 9.95363
-3.233933e-008 9.98781
-3.213933e-008 10.0717
-3.193933e-008 10.0203
-3.173933e-008 9.94017
-3.153933e-008 9.98851
-3.133933e-008 10.0545
-3.113933e-008 10.0462
-3.093933e-008 10.0317
-3.073933e-008 10.032
-3.053933e-008 10.0044
-3.033933e-008 9.97228
-3.013933e-008 10.004
-2.993933e-008 10.0696
-2.973933e-008 10.0686
-2.953933e-008 10.0237
-2.933933e-008 10.0213
-2.913933e-008 10.0479
-2.893933e-008 10.0565
-2.873933e-008 10.0386
-2.853933e-008 10.0085
-2.833933e-008 9.98298
-2.813933e-008 9.96296
-2.793933e-008 9.93154
-2.773933e-008 9.88354
-2.753933e-008 9.88872
-2.733933e-008 9.99403
-2.713933e-008 10.1145
-2.693933e-008 10.1397
-2.673933e-008 10.0641
-2.653933e-008 9.96744
-2.633933e-008 9.90771
-2.613933e-008 9.9198
-2.593933e-008 9.98643
-2.573933e-008 10.0248
-2.553933e-008 10.0144
-2.533933e-008 10.0096
-2.513933e-008 10.0458
-2.493933e-008 10.0596
-2.473933e-008 9.98574
-2.453933e-008 9.9343
-2.433933e-008 9.98781
-2.413933e-008 10.0334
-2.393933e-008 10.0065
-2.373933e-008 9.92739
-2.353933e-008 9.81345
-2.333933e-008 9.74751
-2.313933e-008 9.81829
-2.293933e-008 9.95018
-2.273933e-008 10.0227
-2.253933e-008 10.0451
-2.233933e-008 10.0745
-2.213933e-008 10.1442
-2.193933e-008 10.2129
-2.173933e-008 10.2229
-2.153933e-008 10.2147
-2.133933e-008 10.1991
-2.113933e-008 10.1318
-2.093933e-008 10.0375
-2.073933e-008 9.96365
-2.053933e-008 9.9267
-2.033933e-008 9.97055
-2.013933e-008 10.0406
-1.993933e-008 9.98194
-1.973933e-008 9.87249
-1.953933e-008 9.92325
-1.933933e-008 10.0883
-1.913933e-008 10.156
-1.893933e-008 10.0444
-1.873933e-008 9.85558
-1.853933e-008 9.75683
-1.833933e-008 9.7772
-1.813933e-008 9.81414
-1.793933e-008 9.87077
-1.773933e-008 9.98643
-1.753933e-008 10.0835
-1.733933e-008 10.0873
-1.713933e-008 10.0137
-1.693933e-008 9.96779
-1.673933e-008 10.0009
-1.653933e-008 10.0268
-1.633933e-008 10.022
-1.613933e-008 10.0341
-1.593933e-008 10.0296
-1.573933e-008 9.96917
-1.553933e-008 9.91738
-1.533933e-008 9.91082
-1.513933e-008 9.90322
-1.493933e-008 9.91255
-1.473933e-008 9.96192
-1.453933e-008 10.0299
-1.433933e-008 10.0576
-1.413933e-008 9.97849
-1.393933e-008 9.87767
-1.373933e-008 9.90529
-1.353933e-008 10.0254
-1.333933e-008 10.0973
-1.313933e-008 10.1118
-1.293933e-008 10.0728
-1.273933e-008 9.95812
-1.253933e-008 9.88941
-1.233933e-008 9.91738
-1.213933e-008 9.92636
-1.193933e-008 9.87353
-1.173933e-008 9.83106
-1.153933e-008 9.85765
-1.133933e-008 9.93533
-1.113933e-008 10.0165
-1.093933e-008 10.0607
-1.073933e-008 10.06
-1.053933e-008 10.0351
-1.033933e-008 10.0065
-1.013933e-008 10.0054
-9.939334e-009 10.0368
-9.739334e-009 10.0362
-9.539334e-009 9.98056
-9.339334e-009 9.97366
-9.139334e-009 10.0462
-8.939334e-009 10.05
-8.739334e-009 9.95916
-8.539334e-009 9.95053
-8.339334e-009 10.0572
-8.139334e-009 10.1052
-7.939334e-009 10.05
-7.739334e-009 10.0275
-7.539334e-009 10.0634
-7.339334e-009 10.0496
-7.139334e-009 9.96537
-6.939334e-009 9.89908
-6.739334e-009 9.91703
-6.539334e-009 9.99955
-6.339334e-009 10.041
-6.139334e-009 10.0151
-5.939334e-009 10.0372
-5.739334e-009 10.11
-5.539334e-009 10.1045
-5.339334e-009 10.0006
-5.139334e-009 9.89252
-4.939334e-009 9.87111
-4.739334e-009 9.96537
-4.539334e-009 10.0786
-4.339334e-009 10.0935
-4.139334e-009 10.0496
-3.939334e-009 10.0106
-3.739334e-009 9.95916
-3.539334e-009 9.91047
-3.339334e-009 9.92221
-3.139334e-009 9.99679
-2.939334e-009 10.0603
-2.739334e-009 10.0448
-2.539334e-009 9.95294
-2.339334e-009 9.85281
-2.139334e-009 9.77478
-1.939334e-009 9.65049
-1.739334e-009 9.33836
-1.539334e-009 8.67372
-1.339334e-009 7.65931
-1.139334e-009 6.47262
-9.39334e-010 5.25519
-7.39334e-010 4.16587
-5.39334e-010 3.32306
-3.39334e-010 2.6812
-1.39334e-010 2.24098
6.066599e-011 1.94681
2.60666e-010 1.60362
4.60666e-010 1.3053
6.60666e-010 1.29633
8.60666e-010 1.41268
1.060666e-009 1.39197
1.260666e-009 1.34225
1.460666e-009 1.35813
1.660666e-009 1.33741
1.860666e-009 1.29011
2.060666e-009 1.26007
2.260666e-009 1.23349
2.460666e-009 1.21208
2.660666e-009 1.16961
2.860666e-009 1.17306
3.060666e-009 1.287
3.260666e-009 1.36745
3.460666e-009 1.34294
3.660666e-009 1.30876
3.860666e-009 1.31946
4.060666e-009 1.3892
4.260666e-009 1.45204
4.460666e-009 1.39404
4.660666e-009 1.27699
4.860666e-009 1.27043
5.060666e-009 1.36365
5.260666e-009 1.42718
5.460666e-009 1.4258
5.660666e-009 1.40509
5.860666e-009 1.41165
6.060666e-009 1.41026
6.260666e-009 1.37436
6.460666e-009 1.38402
6.660666e-009 1.42269
6.860666e-009 1.35468
7.060666e-009 1.24108
7.260666e-009 1.23901
7.460666e-009 1.28838
7.660666e-009 1.30254
7.860666e-009 1.30012
8.060666e-009 1.24143
8.260666e-009 1.16788
8.460666e-009 1.229
8.660666e-009 1.38437
8.860666e-009 1.43512
9.060666e-009 1.31083
9.260666e-009 1.1779
9.460666e-009 1.18998
9.660666e-009 1.23832
9.860666e-009 1.21381
1.006067e-008 1.22071
1.026067e-008 1.31014
1.046067e-008 1.35951
1.066067e-008 1.31152
1.086067e-008 1.2359
1.106067e-008 1.1962
1.126067e-008 1.21968
1.146067e-008 1.28321
1.166067e-008 1.27354
1.186067e-008 1.16063
1.206067e-008 1.08364
1.226067e-008 1.08675
1.246067e-008 1.10159
1.266067e-008 1.09193
1.286067e-008 1.03979
1.306067e-008 1.01493
1.326067e-008 1.0795
1.346067e-008 1.13094
1.366067e-008 1.10263
1.386067e-008 1.06534
1.406067e-008 1.0643
1.426067e-008 1.09849
1.446067e-008 1.17514
1.466067e-008 1.23245
1.486067e-008 1.19274
1.506067e-008 1.11713
1.526067e-008 1.07432
1.546067e-008 1.05326
1.566067e-008 1.08088
1.586067e-008 1.14061
1.606067e-008 1.15028
1.626067e-008 1.11092
1.646067e-008 1.05222
1.666067e-008 1.00285
1.686067e-008 1.00595
1.706067e-008 1.03427
1.726067e-008 1.05187
1.746067e-008 1.10263
1.766067e-008 1.17997
1.786067e-008 1.15615
1.806067e-008 1.02287
1.826067e-008 0.955544
1.846067e-008 1.00181
1.866067e-008 1.05982
1.886067e-008 1.09365
1.906067e-008 1.11851
1.926067e-008 1.10539
1.946067e-008 1.04946
1.966067e-008 1.03565
1.986067e-008 1.09434
2.006067e-008 1.12887
2.026067e-008 1.06465
2.046067e-008 0.94415
2.066067e-008 0.894776
2.086067e-008 0.984546
2.106067e-008 1.12818
2.126067e-008 1.19792
2.146067e-008 1.18342
2.166067e-008 1.14682
2.186067e-008 1.08709
2.206067e-008 1.02494
2.226067e-008 1.07846
2.246067e-008 1.21588
2.266067e-008 1.22002
2.286067e-008 1.05291
2.306067e-008 0.922052
2.326067e-008 0.97039
2.346067e-008 1.11678
2.366067e-008 1.15649
2.386067e-008 1.03116
2.406067e-008 0.934137
2.426067e-008 0.9697
2.446067e-008 1.02425
2.466067e-008 1.07052
2.486067e-008 1.13336
2.506067e-008 1.16167
2.526067e-008 1.16098
2.546067e-008 1.1413
2.566067e-008 1.10332
2.586067e-008 1.0971
2.606067e-008 1.10815
2.626067e-008 1.06948
2.646067e-008 0.975569
2.666067e-008 0.903063
2.686067e-008 0.943459
2.706067e-008 1.0574
2.726067e-008 1.09054
2.746067e-008 1.02909
2.766067e-008 1.02115
2.786067e-008 1.09641
2.806067e-008 1.1451
2.826067e-008 1.12335
2.846067e-008 1.046
2.866067e-008 0.985237
2.886067e-008 1.02425
2.906067e-008 1.05774
2.926067e-008 0.998357
2.946067e-008 0.945186
2.966067e-008 0.960377
2.986067e-008 1.04877
3.006067e-008 1.1482
3.026067e-008 1.15097
3.046067e-008 1.08571
3.066067e-008 1.07604
3.086067e-008 1.15131
3.106067e-008 1.20034
3.126067e-008 1.14613
3.146067e-008 1.0681
3.166067e-008 1.06258
3.186067e-008 1.12024
3.206067e-008 1.16132
3.226067e-008 1.15442
3.246067e-008 1.12783
3.266067e-008 1.0574
3.286067e-008 0.97695
3.306067e-008 0.995595
3.326067e-008 1.07294
3.346067e-008 1.0902
3.366067e-008 1.06845
3.386067e-008 1.1009
3.406067e-008 1.15338
3.426067e-008 1.13716
3.446067e-008 1.06983
3.466067e-008 1.04324
3.486067e-008 1.06879
3.506067e-008 1.03081
3.526067e-008 0.96383
3.546067e-008 1.00975
3.566067e-008 1.07086
3.586067e-008 1.05118
3.606067e-008 1.04531
3.626067e-008 1.10712
3.646067e-008 1.20621
3.666067e-008 1.2397
3.686067e-008 1.16236
3.706067e-008 1.10505
3.726067e-008 1.14717
3.746067e-008 1.22382
3.766067e-008 1.23314
3.786067e-008 1.15511
3.806067e-008 1.10539
3.826067e-008 1.14959
3.846067e-008 1.22416
3.866067e-008 1.23211
3.886067e-008 1.18722
3.906067e-008 1.21484
3.926067e-008 1.25213
3.946067e-008 1.14441
3.966067e-008 1.01804
3.986067e-008 1.06948
4.006067e-008 1.17341
4.026067e-008 1.15373
4.046067e-008 1.07811
4.066067e-008 1.00802
4.086067e-008 0.966938
4.106067e-008 1.00872
4.126067e-008 1.06845
4.146067e-008 1.07259
4.166067e-008 1.07535
4.186067e-008 1.15304
4.206067e-008 1.28804
4.226067e-008 1.30668
4.246067e-008 1.13543
4.266067e-008 1.00837
4.286067e-008 1.07121
4.306067e-008 1.17721
4.326067e-008 1.16512
4.346067e-008 1.05878
4.366067e-008 1.01907
4.386067e-008 1.06534
4.406067e-008 1.02736
4.426067e-008 0.908587
4.446067e-008 0.948293
4.466067e-008 1.12404
4.486067e-008 1.13405
4.506067e-008 0.998012
4.526067e-008 0.974879
4.546067e-008 1.07155
4.566067e-008 1.14164
4.586067e-008 1.12991
4.606067e-008 1.09227
4.626067e-008 1.08606
4.646067e-008 1.07535
4.666067e-008 1.03979
4.686067e-008 1.05326
4.706067e-008 1.16858
4.726067e-008 1.26767
4.746067e-008 1.19516
4.766067e-008 1.01735
4.786067e-008 0.942078
4.806067e-008 1.05498
4.826067e-008 1.19205
4.846067e-008 1.16305
4.866067e-008 1.03047
4.886067e-008 0.94484
4.906067e-008 0.973843
4.926067e-008 1.10884
4.946067e-008 1.18584
4.966067e-008 1.10953
4.986067e-008 1.05947
5.006067e-008 1.10539
5.026067e-008 1.11506
5.046067e-008 1.08916
5.066067e-008 1.11092
5.086067e-008 1.16098
5.106067e-008 1.15856
5.126067e-008 1.08571
5.146067e-008 1.03012
5.166067e-008 1.04842
5.186067e-008 1.07259
5.206067e-008 1.07259
5.226067e-008 1.08606
5.246067e-008 1.06983
5.266067e-008 1.01562
5.286067e-008 1.01424
5.306067e-008 1.07639
5.326067e-008 1.14061
5.346067e-008 1.15062
5.366067e-008 1.11092
5.386067e-008 1.11748
5.406067e-008 1.18895
5.426067e-008 1.23211
5.446067e-008 1.23176
5.466067e-008 1.22934
5.486067e-008 1.20794
5.506067e-008 1.19067
5.526067e-008 1.20345
5.546067e-008 1.14786
5.566067e-008 1.02529
5.586067e-008 1.01458
5.606067e-008 1.1192
5.626067e-008 1.17721
5.646067e-008 1.16961
5.666067e-008 1.13819
5.686067e-008 1.09952
5.706067e-008 1.0971
5.726067e-008 1.09849
5.746067e-008 1.05498
5.766067e-008 1.03944
5.786067e-008 1.0826
5.806067e-008 1.08019
5.826067e-008 1.03012
5.846067e-008 1.05878
5.866067e-008 1.11955
5.886067e-008 1.07397
5.906067e-008 1.00423
5.926067e-008 1.04255
5.946067e-008 1.1451
5.966067e-008 1.18618
5.986067e-008 1.09883
6.006067e-008 0.991452
6.026067e-008 0.976605
6.046067e-008 1.01873
6.066067e-008 1.04635
6.086067e-008 0.996286
6.106067e-008 0.926541
6.126067e-008 0.97626
6.146067e-008 1.12611
6.166067e-008 1.22313
6.186067e-008 1.1817
6.206067e-008 1.08226
6.226067e-008 1.05533
6.246067e-008 1.11368
6.266067e-008 1.18411
6.286067e-008 1.20794
6.306067e-008 1.15994
6.326067e-008 1.04946
6.346067e-008 0.975224
6.366067e-008 1.0536
6.386067e-008 1.19136
6.406067e-008 1.21898
6.426067e-008 1.18066
6.446067e-008 1.18377
6.466067e-008 1.21035
6.486067e-008 1.20656
6.506067e-008 1.17375
6.526067e-008 1.15373
6.546067e-008 1.13681
6.566067e-008 1.09365
6.586067e-008 1.09503
6.606067e-008 1.15442
6.626067e-008 1.12956
6.646067e-008 1.05567
6.666067e-008 1.09572
6.686067e-008 1.17928
6.706067e-008 1.19102
6.726067e-008 1.13336
6.746067e-008 1.0681
6.766067e-008 1.08882
6.786067e-008 1.13957
6.806067e-008 1.13681
6.826067e-008 1.13957
6.846067e-008 1.13232
6.866067e-008 1.05256
6.886067e-008 1.01666
6.906067e-008 1.13129
6.926067e-008 1.2359
6.946067e-008 1.18549
6.966067e-008 1.1009
6.986067e-008 1.0826
7.006067e-008 1.09469
7.026067e-008 1.11368
7.046067e-008 1.12611
7.066067e-008 1.13474
7.086067e-008 1.1665
7.106067e-008 1.21829
7.126067e-008 1.2359
7.146067e-008 1.14786
7.166067e-008 0.992488
7.186067e-008 0.938971
7.206067e-008 1.06154
7.226067e-008 1.20552
7.246067e-008 1.22002
7.266067e-008 1.16512
7.286067e-008 1.12404
7.306067e-008 1.0864
7.326067e-008 1.05429
7.346067e-008 1.04428
7.366067e-008 1.07328
7.386067e-008 1.12956
7.406067e-008 1.17099
7.426067e-008 1.18722
7.446067e-008 1.22347
7.466067e-008 1.27492
7.486067e-008 1.30185
7.506067e-008 1.32636
7.526067e-008 1.29391
7.546067e-008 1.17652
7.566067e-008 1.1482
7.586067e-008 1.22416
7.606067e-008 1.21312
7.626067e-008 1.12611
7.646067e-008 1.10263
7.666067e-008 1.14751
7.686067e-008 1.14717
7.706067e-008 1.0643
7.726067e-008 1.03737
7.746067e-008 1.12369
7.766067e-008 1.14993
7.786067e-008 1.05015
7.806067e-008 1.01976
7.826067e-008 1.10125
7.846067e-008 1.1154
7.866067e-008 1.05671
7.886067e-008 1.04497
7.906067e-008 1.07363
7.926067e-008 1.08606
7.946067e-008 1.0795
7.966067e-008 1.07363
7.986067e-008 1.07432
8.006067e-008 1.07639
8.026067e-008 1.04393
8.046067e-008 0.988344
8.066067e-008 1.0246
8.086067e-008 1.13301
8.106067e-008 1.17686
8.126067e-008 1.15407
8.146067e-008 1.11161
8.166067e-008 1.07397
8.186067e-008 1.0757
8.206067e-008 1.14337
8.226067e-008 1.26283
8.246067e-008 1.32326
8.266067e-008 1.25904
8.286067e-008 1.20794
8.306067e-008 1.21553
8.326067e-008 1.15856
8.346067e-008 1.05774
8.366067e-008 1.01148
8.386067e-008 1.04117
8.406067e-008 1.08709
8.426067e-008 1.09054
8.446067e-008 1.1306
8.466067e-008 1.21001
8.486067e-008 1.20103
8.506067e-008 1.11575
8.526067e-008 1.05947
8.546067e-008 1.05982
8.566067e-008 1.07777
8.586067e-008 1.10401
8.606067e-008 1.16098
8.626067e-008 1.24799
8.646067e-008 1.3236
8.666067e-008 1.30876
8.686067e-008 1.22451
8.706067e-008 1.1375
8.726067e-008 1.02874
8.746067e-008 0.987654
8.766067e-008 1.09745
8.786067e-008 1.17962
8.806067e-008 1.14475
8.826067e-008 1.13888
8.846067e-008 1.18515
8.866067e-008 1.19102
8.886067e-008 1.15442
8.906067e-008 1.10815
8.926067e-008 1.09503
8.946067e-008 1.13888
8.966067e-008 1.14648
8.986067e-008 1.05636
9.006067e-008 0.980058
9.026067e-008 0.997667
9.046067e-008 1.09434
9.066067e-008 1.22762
9.086067e-008 1.27216
9.106067e-008 1.18722
9.126067e-008 1.09158
9.146067e-008 1.07984
9.166067e-008 1.14061
9.186067e-008 1.1848
9.206067e-008 1.18826
9.226067e-008 1.20828
9.246067e-008 1.24799
9.266067e-008 1.22175
9.286067e-008 1.10056
9.306067e-008 1.00423
9.326067e-008 0.992488
9.346067e-008 1.03047
9.366067e-008 1.08847
9.386067e-008 1.08329
9.406067e-008 1.01804
9.426067e-008 1.03185
9.446067e-008 1.14751
9.466067e-008 1.22416
9.486067e-008 1.19792
9.506067e-008 1.15373
9.526067e-008 1.16132
9.546067e-008 1.21208
9.566067e-008 1.2252
9.586067e-008 1.16788
9.606067e-008 1.1451
9.626067e-008 1.15822
9.646067e-008 1.12576
9.666067e-008 1.09814
9.686067e-008 1.11161
9.706067e-008 1.14751
9.726067e-008 1.19758
9.746067e-008 1.21312
9.766067e-008 1.19033
9.786067e-008 1.16754
9.806067e-008 1.11402
9.826067e-008 1.07017
9.846067e-008 1.10677
9.866067e-008 1.14441
9.886067e-008 1.16478
9.906067e-008 1.21346
9.926067e-008 1.23521
9.946067e-008 1.2145
9.966067e-008 1.19033
9.986067e-008 1.16823
1.000607e-007 1.15787
1.002607e-007 1.12887
1.004607e-007 1.02391
1.006607e-007 0.943114
1.008607e-007 1.01804
1.010607e-007 1.13543
1.012607e-007 1.21173
1.014607e-007 1.30668
1.016607e-007 1.34812
1.018607e-007 1.27561
1.020607e-007 1.21691
1.022607e-007 1.28942
1.024607e-007 1.42131
1.026607e-007 1.43823
1.028607e-007 1.31117
1.030607e-007 1.2
1.032607e-007 1.18653
1.034607e-007 1.15304
1.036607e-007 1.09918
1.038607e-007 1.13577
1.040607e-007 1.16719
1.042607e-007 1.14095
1.044607e-007 1.15442
1.046607e-007 1.14786
1.048607e-007 1.05256
1.050607e-007 0.978677
1.052607e-007 1.00975
1.054607e-007 1.12058
1.056607e-007 1.2542
1.058607e-007 1.31566
1.060607e-007 1.29149
1.062607e-007 1.287
1.064607e-007 1.30703
1.066607e-007 1.26042
1.068607e-007 1.18239
1.070607e-007 1.16202
1.072607e-007 1.16029
1.074607e-007 1.14268
1.076607e-007 1.14751
1.078607e-007 1.18826
1.080607e-007 1.22175
1.082607e-007 1.18584
1.084607e-007 1.14095
1.086607e-007 1.13923
1.088607e-007 1.11057
1.090607e-007 1.06707
1.092607e-007 1.02978
1.094607e-007 0.966247
1.096607e-007 0.945531
1.098607e-007 1.01493
1.100607e-007 1.07708
1.102607e-007 1.08364
1.104607e-007 1.11989
1.106607e-007 1.17583
1.108607e-007 1.14924
1.110607e-007 1.09918
1.112607e-007 1.13681
1.114607e-007 1.2328
1.116607e-007 1.31601
1.118607e-007 1.32188
1.120607e-007 1.22037
1.122607e-007 1.10953
1.124607e-007 1.0864
1.126607e-007 1.1047
1.128607e-007 1.09434
1.130607e-007 1.07225
1.132607e-007 1.10159
1.134607e-007 1.19585
1.136607e-007 1.23901
1.138607e-007 1.19861
1.140607e-007 1.21553
1.142607e-007 1.25938
1.144607e-007 1.21242
1.146607e-007 1.15891
1.148607e-007 1.19171
1.150607e-007 1.25386
1.152607e-007 1.2725
1.154607e-007 1.25731
1.156607e-007 1.2145
1.158607e-007 1.09676
1.160607e-007 0.9514
1.162607e-007 0.920671
1.164607e-007 1.01389
1.166607e-007 1.10712
1.168607e-007 1.13716
1.170607e-007 1.12749
1.172607e-007 1.13785
1.174607e-007 1.17893
1.176607e-007 1.18895
1.178607e-007 1.1993
1.180607e-007 1.27699
1.182607e-007 1.34397
1.184607e-007 1.29563
1.186607e-007 1.16961
1.188607e-007 1.09158
1.190607e-007 1.0978
1.192607e-007 1.13543
1.194607e-007 1.15442
1.196607e-007 1.13681
1.198607e-007 1.12473
1.200607e-007 1.17134
1.202607e-007 1.22416
1.204607e-007 1.15925
1.206607e-007 1.02115
1.208607e-007 0.965902
1.210607e-007 0.973498
1.212607e-007 0.980748
1.214607e-007 1.01148
1.216607e-007 1.05256
1.218607e-007 1.08847
1.220607e-007 1.1085
1.222607e-007 1.11471
1.224607e-007 1.14337
1.226607e-007 1.15166
1.228607e-007 1.07881
1.230607e-007 0.986273
1.232607e-007 0.981094
1.234607e-007 1.07604
1.236607e-007 1.16236
1.238607e-007 1.12473
1.240607e-007 1.03944
1.242607e-007 1.08122
1.244607e-007 1.20172
1.246607e-007 1.2145
1.248607e-007 1.10021
1.250607e-007 1.03772
1.252607e-007 1.10228
1.254607e-007 1.14337
1.256607e-007 1.09952
1.258607e-007 1.07121
1.260607e-007 1.11161
1.262607e-007 1.13439
1.264607e-007 1.08295
1.266607e-007 1.08019
1.268607e-007 1.17479
1.270607e-007 1.2618
1.272607e-007 1.31152
1.274607e-007 1.33292
1.276607e-007 1.33569
1.278607e-007 1.34156
1.280607e-007 1.27768
1.282607e-007 1.15546
1.284607e-007 1.10401
1.286607e-007 1.10677
1.288607e-007 1.1009
1.290607e-007 1.10712
1.292607e-007 1.13336
1.294607e-007 1.18342
1.296607e-007 1.25696
1.298607e-007 1.31946
1.300607e-007 1.35916
1.302607e-007 1.39645
1.304607e-007 1.39645
1.306607e-007 1.31911
1.308607e-007 1.26042
1.310607e-007 1.27975
1.312607e-007 1.26145
1.314607e-007 1.19171
1.316607e-007 1.18584
1.318607e-007 1.25213
1.320607e-007 1.28597
1.322607e-007 1.22969
1.324607e-007 1.17824
1.326607e-007 1.22555
1.328607e-007 1.31359
1.330607e-007 1.33569
1.332607e-007 1.28044
1.334607e-007 1.23383
1.336607e-007 1.21726
1.338607e-007 1.20448
1.340607e-007 1.25938
1.342607e-007 1.38057
1.344607e-007 1.44583
1.346607e-007 1.41475
1.348607e-007 1.39507
1.350607e-007 1.45619
1.352607e-007 1.51626
1.354607e-007 1.49244
1.356607e-007 1.42062
1.358607e-007 1.36262
1.360607e-007 1.34639
1.362607e-007 1.37056
1.364607e-007 1.37194
1.366607e-007 1.36331
1.368607e-007 1.4258
1.370607e-007 1.46171
1.372607e-007 1.41821
1.374607e-007 1.41372
1.376607e-007 1.41855
1.378607e-007 1.39853
1.380607e-007 1.4441
1.382607e-007 1.52213
1.384607e-007 1.5425
1.386607e-007 1.49002
1.388607e-007 1.42304
1.390607e-007 1.45273
1.392607e-007 1.50729
1.394607e-007 1.4479
1.396607e-007 1.41924
1.398607e-007 1.54181
1.400607e-007 1.61466
1.402607e-007 1.52869
1.404607e-007 1.45446
1.406607e-007 1.47345
1.408607e-007 1.48243
1.410607e-007 1.41096
1.412607e-007 1.31808
1.414607e-007 1.33396
1.416607e-007 1.4258
1.418607e-007 1.43789
1.420607e-007 1.41993
1.422607e-007 1.47759
1.424607e-007 1.50452
1.426607e-007 1.44859
1.428607e-007 1.44307
1.430607e-007 1.47345
1.432607e-007 1.45135
1.434607e-007 1.45446
1.436607e-007 1.50798
1.438607e-007 1.5356
1.440607e-007 1.51488
1.442607e-007 1.4883
1.444607e-007 1.49865
1.446607e-007 1.51108
1.448607e-007 1.47828
1.450607e-007 1.4517
1.452607e-007 1.48761
1.454607e-007 1.55217
1.456607e-007 1.63711
1.458607e-007 1.69822
1.460607e-007 1.63607
1.462607e-007 1.55148
1.464607e-007 1.5905
1.466607e-007 1.64367
1.468607e-007 1.64505
1.470607e-007 1.68199
1.472607e-007 1.6851
1.474607e-007 1.61812
1.476607e-007 1.63883
1.478607e-007 1.73585
1.480607e-007 1.71617
1.482607e-007 1.57634
1.484607e-007 1.47276
1.486607e-007 1.48761
1.488607e-007 1.59119
1.490607e-007 1.65126
1.492607e-007 1.60189
1.494607e-007 1.55528
1.496607e-007 1.55908
1.498607e-007 1.5867
1.500607e-007 1.70236
1.502607e-007 1.83046
1.504607e-007 1.81181
1.506607e-007 1.71859
1.508607e-007 1.66473
1.510607e-007 1.67958
1.512607e-007 1.76658
1.514607e-007 1.80042
1.516607e-007 1.71548
1.518607e-007 1.67647
1.520607e-007 1.70616
1.522607e-007 1.67336
1.524607e-007 1.62813
1.526607e-007 1.60362
1.528607e-007 1.55597
1.530607e-007 1.54699
1.532607e-007 1.60431
1.534607e-007 1.71272
1.536607e-007 1.82735
1.538607e-007 1.79662
1.540607e-007 1.68199
1.542607e-007 1.67923
1.544607e-007 1.74103
1.546607e-007 1.81423
1.548607e-007 1.8605
1.550607e-007 1.78626
1.552607e-007 1.69166
1.554607e-007 1.70927
1.556607e-007 1.7583
1.558607e-007 1.73309
1.560607e-007 1.68545
1.562607e-007 1.67958
1.564607e-007 1.73793
1.566607e-007 1.83495
1.568607e-007 1.83598
1.570607e-007 1.73758
1.572607e-007 1.70616
1.574607e-007 1.74207
1.576607e-007 1.73033
1.578607e-007 1.70098
1.580607e-007 1.71825
1.582607e-007 1.81078
1.584607e-007 1.95545
1.586607e-007 1.97236
1.588607e-007 1.86291
1.590607e-007 1.84531
1.592607e-007 1.87983
1.594607e-007 1.84013
1.596607e-007 1.82424
1.598607e-007 1.86706
1.600607e-007 1.8643
1.602607e-007 1.79282
1.604607e-007 1.69408
1.606607e-007 1.69684
1.608607e-007 1.86257
1.610607e-007 1.981
1.612607e-007 1.97236
1.614607e-007 2.01898
1.616607e-007 2.08561
1.618607e-007 2.02588
1.620607e-007 1.93887
1.622607e-007 1.92161
1.624607e-007 1.93473
1.626607e-007 1.94267
1.628607e-007 1.91816
1.630607e-007 1.8857
1.632607e-007 1.92713
1.634607e-007 1.99619
1.636607e-007 1.93853
1.638607e-007 1.82908
1.640607e-007 1.88018
1.642607e-007 2.03382
1.644607e-007 2.05419
1.646607e-007 1.90849
1.648607e-007 1.82286
1.650607e-007 1.89088
1.652607e-007 1.95165
1.654607e-007 1.95614
1.656607e-007 1.98134
1.658607e-007 2.03382
1.660607e-007 2.08665
1.662607e-007 2.08665
1.664607e-007 2.04694
1.666607e-007 2.068
1.668607e-007 2.11116
1.670607e-007 2.09563
1.672607e-007 2.07491
1.674607e-007 2.07491
1.676607e-007 2.06041
1.678607e-007 2.03279
1.680607e-007 2.0176
1.682607e-007 2.05454
1.684607e-007 2.14845
1.686607e-007 2.19955
1.688607e-007 2.09701
1.690607e-007 1.94785
1.692607e-007 1.96788
1.694607e-007 2.11323
1.696607e-007 2.19506
1.698607e-007 2.22545
1.700607e-007 2.28725
1.702607e-007 2.32178
1.704607e-007 2.27966
1.706607e-007 2.22165
1.708607e-007 2.1961
1.710607e-007 2.17469
1.712607e-007 2.13084
1.714607e-007 2.10081
1.716607e-007 2.10598
1.718607e-007 2.08423
1.720607e-007 2.04142
1.722607e-007 2.06731
1.724607e-007 2.11323
1.726607e-007 2.07456
1.728607e-007 1.97996
1.730607e-007 1.8971
1.732607e-007 1.90193
1.734607e-007 2.01794
1.736607e-007 2.09735
1.738607e-007 2.09355
1.740607e-007 2.16503
1.742607e-007 2.29174
1.744607e-007 2.33145
1.746607e-007 2.29001
1.748607e-007 2.21095
1.750607e-007 2.15639
1.752607e-007 2.23028
1.754607e-007 2.38255
1.756607e-007 2.41707
1.758607e-007 2.29968
1.760607e-007 2.17504
1.762607e-007 2.12118
1.764607e-007 2.13361
1.766607e-007 2.16433
1.768607e-007 2.20128
1.770607e-007 2.2907
1.772607e-007 2.36356
1.774607e-007 2.37909
1.776607e-007 2.37184
1.778607e-007 2.27862
1.780607e-007 2.17331
1.782607e-007 2.21405
1.784607e-007 2.30728
1.786607e-007 2.28863
1.788607e-007 2.21682
1.790607e-007 2.22338
1.792607e-007 2.27344
1.794607e-007 2.32937
1.796607e-007 2.38531
1.798607e-007 2.3204
1.800607e-007 2.19196
1.802607e-007 2.20577
1.804607e-007 2.31004
1.806607e-007 2.34767
1.808607e-007 2.30141
1.810607e-007 2.28587
1.812607e-007 2.44021
1.814607e-007 2.61802
1.816607e-007 2.55691
1.818607e-007 2.36701
1.820607e-007 2.29657
1.822607e-007 2.35044
1.824607e-007 2.38876
1.826607e-007 2.35803
1.828607e-007 2.36804
1.830607e-007 2.42743
1.832607e-007 2.39981
1.834607e-007 2.34698
1.836607e-007 2.39532
1.838607e-007 2.44124
1.840607e-007 2.37253
1.842607e-007 2.27896
1.844607e-007 2.2731
1.846607e-007 2.31418
1.848607e-007 2.33835
1.850607e-007 2.3532
1.852607e-007 2.36183
1.854607e-007 2.38186
1.856607e-007 2.4516
1.858607e-007 2.53412
1.860607e-007 2.54862
1.862607e-007 2.52583
1.864607e-007 2.57003
1.866607e-007 2.6049
1.868607e-007 2.50201
1.870607e-007 2.3898
1.872607e-007 2.38945
1.874607e-007 2.42709
1.876607e-007 2.46921
1.878607e-007 2.5027
1.880607e-007 2.46748
1.882607e-007 2.41189
1.884607e-007 2.43917
1.886607e-007 2.53308
1.888607e-007 2.53205
1.890607e-007 2.3456
1.892607e-007 2.17573
1.894607e-007 2.20646
1.896607e-007 2.3387
1.898607e-007 2.444
1.900607e-007 2.50961
1.902607e-007 2.56347
1.904607e-007 2.60525
1.906607e-007 2.60214
1.908607e-007 2.62009
1.910607e-007 2.70537
1.912607e-007 2.69536
1.914607e-007 2.53067
1.916607e-007 2.41431
1.918607e-007 2.44504
1.920607e-007 2.51444
1.922607e-007 2.55622
1.924607e-007 2.579
1.926607e-007 2.56312
1.928607e-007 2.49614
1.930607e-007 2.43572
1.932607e-007 2.42812
1.934607e-007 2.47784
1.936607e-007 2.57244
1.938607e-007 2.5866
1.940607e-007 2.44953
1.942607e-007 2.3784
1.944607e-007 2.52411
1.946607e-007 2.66152
1.948607e-007 2.59903
1.950607e-007 2.49925
1.952607e-007 2.51375
1.954607e-007 2.57486
1.956607e-007 2.62044
1.958607e-007 2.59247
1.960607e-007 2.5134
1.962607e-007 2.55242
1.964607e-007 2.65911
1.966607e-007 2.62493
1.968607e-007 2.4989
1.970607e-007 2.50408
1.972607e-007 2.6926
1.974607e-007 2.83899
1.976607e-007 2.77754
1.978607e-007 2.69778
1.980607e-007 2.77374
1.982607e-007 2.83796
1.984607e-007 2.78651
1.986607e-007 2.76925
1.988607e-007 2.8497
1.990607e-007 2.9039
1.992607e-007 2.7948
1.994607e-007 2.61975
1.996607e-007 2.62251
1.998607e-007 2.76027
2.000607e-007 2.79031
2.002607e-007 2.685
2.004607e-007 2.57693
2.006607e-007 2.53516
2.008607e-007 2.57866
2.010607e-007 2.63805
2.012607e-007 2.66325
2.014607e-007 2.73886
2.016607e-007 2.83416
2.018607e-007 2.84037
2.020607e-007 2.83174
2.022607e-007 2.92807
2.024607e-007 3.02993
2.026607e-007 2.97537
2.028607e-007 2.83485
2.030607e-007 2.73334
2.032607e-007 2.68224
2.034607e-007 2.72989
2.036607e-007 2.83796
2.038607e-007 2.84555
2.040607e-007 2.75578
2.042607e-007 2.6926
2.044607e-007 2.7147
2.046607e-007 2.75337
2.048607e-007 2.69122
2.050607e-007 2.63459
2.052607e-007 2.72609
2.054607e-007 2.84176
2.056607e-007 2.86834
2.058607e-007 2.8276
2.060607e-007 2.79652
2.062607e-007 2.84521
2.064607e-007 2.88284
2.066607e-007 2.84452
2.068607e-007 2.81897
2.070607e-007 2.84728
2.072607e-007 2.89769
2.074607e-007 2.8932
2.076607e-007 2.80861
2.078607e-007 2.77167
2.080607e-007 2.83347
2.082607e-007 2.89803
2.084607e-007 2.88595
2.086607e-007 2.82725
2.088607e-007 2.82449
2.090607e-007 2.91012
2.092607e-007 2.99298
2.094607e-007 2.95811
2.096607e-007 2.83105
2.098607e-007 2.72609
2.100607e-007 2.73507
2.102607e-007 2.83796
2.104607e-007 2.86661
2.106607e-007 2.81759
2.108607e-007 2.83727
2.110607e-007 2.89527
2.112607e-007 2.89596
2.114607e-007 2.83209
2.116607e-007 2.76787
2.118607e-007 2.77995
2.120607e-007 2.8383
2.122607e-007 2.85177
2.124607e-007 2.82484
2.126607e-007 2.83416
2.128607e-007 2.91323
2.130607e-007 3.01232
2.132607e-007 3.02924
2.134607e-007 2.96847
2.136607e-007 2.92289
2.138607e-007 2.90805
2.140607e-007 2.96122
2.142607e-007 3.11417
2.144607e-007 3.26747
2.146607e-007 3.27714
2.148607e-007 3.13144
2.150607e-007 3.0061
2.152607e-007 3.02717
2.154607e-007 3.12971
2.156607e-007 3.17563
2.158607e-007 3.08897
2.160607e-007 3.01301
2.162607e-007 3.09622
2.164607e-007 3.17149
2.166607e-007 3.06687
2.168607e-007 2.94016
2.170607e-007 2.92635
2.172607e-007 2.90977
2.174607e-007 2.90494
2.176607e-007 3.00714
2.178607e-007 3.10899
2.180607e-007 3.13972
2.182607e-007 3.14905
2.184607e-007 3.17701
2.186607e-007 3.20602
2.188607e-007 3.15181
2.190607e-007 3.02509
2.192607e-007 2.92566
2.194607e-007 2.87041
2.196607e-007 2.88353
2.198607e-007 2.97054
2.200607e-007 2.99402
2.202607e-007 2.95984
2.204607e-007 3.01853
2.206607e-007 3.11763
2.208607e-007 3.11832
2.210607e-007 2.98608
2.212607e-007 2.84521
2.214607e-007 2.88837
2.216607e-007 3.04857
2.218607e-007 3.12729
2.220607e-007 3.1304
2.222607e-007 3.10761
2.224607e-007 3.0358
2.226607e-007 3.00852
2.228607e-007 3.10105
2.230607e-007 3.20602
2.232607e-007 3.273
2.234607e-007 3.31547
2.236607e-007 3.2982
2.238607e-007 3.23502
2.240607e-007 3.16665
2.242607e-007 3.11072
2.244607e-007 3.11452
2.246607e-007 3.17736
2.248607e-007 3.2288
2.250607e-007 3.26747
2.252607e-007 3.30752
2.254607e-007 3.28715
2.256607e-007 3.22328
2.258607e-007 3.23157
2.260607e-007 3.32272
2.262607e-007 3.39246
2.264607e-007 3.36208
2.266607e-007 3.20878
2.268607e-007 3.02751
2.270607e-007 2.99816
2.272607e-007 3.13627
2.274607e-007 3.24365
2.276607e-007 3.21845
2.278607e-007 3.20774
2.280607e-007 3.29302
2.282607e-007 3.33653
2.284607e-007 3.2547
2.286607e-007 3.15871
2.288607e-007 3.17839
2.290607e-007 3.27231
2.292607e-007 3.31616
2.294607e-007 3.31961
2.296607e-007 3.34033
2.298607e-007 3.34792
2.300607e-007 3.31029
2.302607e-007 3.25159
2.304607e-007 3.25608
2.306607e-007 3.34343
2.308607e-007 3.41352
2.310607e-007 3.43873
2.312607e-007 3.44667
2.314607e-007 3.42043
2.316607e-007 3.36588
2.318607e-007 3.3241
2.320607e-007 3.31788
2.322607e-007 3.33998
2.324607e-007 3.38141
2.326607e-007 3.40903
2.328607e-007 3.3935
2.330607e-007 3.35724
2.332607e-007 3.31892
2.334607e-007 3.29648
2.336607e-007 3.34516
2.338607e-007 3.44529
2.340607e-007 3.48327
2.342607e-007 3.45047
2.344607e-007 3.43942
2.346607e-007 3.47049
2.348607e-007 3.50606
2.350607e-007 3.47395
2.352607e-007 3.34171
2.354607e-007 3.2326
2.356607e-007 3.25297
2.358607e-007 3.34999
2.360607e-007 3.42733
2.362607e-007 3.41905
2.364607e-007 3.31512
2.366607e-007 3.21914
2.368607e-007 3.25642
2.370607e-007 3.36622
2.372607e-007 3.40938
2.374607e-007 3.39626
2.376607e-007 3.41214
2.378607e-007 3.43493
2.380607e-007 3.40386
2.382607e-007 3.40696
2.384607e-007 3.51849
2.386607e-007 3.56579
2.388607e-007 3.43251
2.390607e-007 3.32893
2.392607e-007 3.38694
2.394607e-007 3.4515
2.396607e-007 3.49294
2.398607e-007 3.58374
2.400607e-007 3.60204
2.402607e-007 3.52194
2.404607e-007 3.47981
2.406607e-007 3.45116
2.408607e-007 3.41076
2.410607e-007 3.41663
2.412607e-007 3.43251
2.414607e-007 3.44563
2.416607e-007 3.47705
2.418607e-007 3.49466
2.420607e-007 3.54404
2.422607e-007 3.64313
2.424607e-007 3.6597
2.426607e-007 3.57649
2.428607e-007 3.54473
2.430607e-007 3.60826
2.432607e-007 3.62828
2.434607e-007 3.53471
2.436607e-007 3.45357
2.438607e-007 3.46013
2.440607e-007 3.45634
2.442607e-007 3.39557
2.444607e-007 3.35414
2.446607e-007 3.36208
2.448607e-007 3.37796
2.450607e-007 3.4118
2.452607e-007 3.50536
2.454607e-007 3.60204
2.456607e-007 3.61343
2.458607e-007 3.53057
2.460607e-007 3.45737
2.462607e-007 3.5499
2.464607e-007 3.74774
2.466607e-007 3.8237
2.468607e-007 3.73704
2.470607e-007 3.59859
2.472607e-007 3.49742
2.474607e-007 3.48845
2.476607e-007 3.53955
2.478607e-007 3.57891
2.480607e-007 3.59548
2.482607e-007 3.61033
2.484607e-007 3.64347
2.486607e-007 3.63898
2.488607e-007 3.52781
2.490607e-007 3.43735
2.492607e-007 3.51192
2.494607e-007 3.62172
2.496607e-007 3.59686
2.498607e-007 3.52884
2.500607e-007 3.5506
2.502607e-007 3.61482
2.504607e-007 3.6597
2.506607e-007 3.6742
2.508607e-007 3.65418
2.510607e-007 3.64313
2.512607e-007 3.68007
2.514607e-007 3.72875
2.516607e-007 3.73186
2.518607e-007 3.69457
2.520607e-007 3.66039
