-2.480856e-007 10.0189
-2.478856e-007 10.012
-2.476856e-007 10.0669
-2.474856e-007 10.1642
-2.472856e-007 10.167
-2.470856e-007 10.0358
-2.468856e-007 9.92739
-2.466856e-007 9.9267
-2.464856e-007 9.95122
-2.462856e-007 9.95639
-2.460856e-007 10.0037
-2.458856e-007 10.0406
-2.456856e-007 9.96019
-2.454856e-007 9.88769
-2.452856e-007 9.93671
-2.450856e-007 9.98851
-2.448856e-007 9.99714
-2.446856e-007 10.0154
-2.444856e-007 9.98747
-2.442856e-007 9.86248
-2.440856e-007 9.78618
-2.438856e-007 9.92463
-2.436856e-007 10.1163
-2.434856e-007 10.1404
-2.432856e-007 10.0942
-2.430856e-007 10.0973
-2.428856e-007 10.0945
-2.426856e-007 10.0472
-2.424856e-007 9.99921
-2.422856e-007 9.97815
-2.420856e-007 9.97573
-2.418856e-007 10.003
-2.416856e-007 10.0016
-2.414856e-007 9.89287
-2.412856e-007 9.78031
-2.410856e-007 9.781
-2.408856e-007 9.86248
-2.406856e-007 9.974
-2.404856e-007 10.0593
-2.402856e-007 10.0942
-2.400856e-007 10.1007
-2.398856e-007 10.0493
-2.396856e-007 9.98678
-2.394856e-007 10.0058
-2.392856e-007 10.0555
-2.390856e-007 10.0634
-2.388856e-007 10.0379
-2.386856e-007 9.98402
-2.384856e-007 9.92049
-2.382856e-007 9.92843
-2.380856e-007 10.0071
-2.378856e-007 10.0185
-2.376856e-007 9.95018
-2.374856e-007 9.94707
-2.372856e-007 10.0147
-2.370856e-007 10.0372
-2.368856e-007 10.0199
-2.366856e-007 10.0517
-2.364856e-007 10.1349
-2.362856e-007 10.1625
-2.360856e-007 10.0883
-2.358856e-007 10.0223
-2.356856e-007 10.0496
-2.354856e-007 10.1349
-2.352856e-007 10.1743
-2.350856e-007 10.1142
-2.348856e-007 10.0379
-2.346856e-007 10.0241
-2.344856e-007 10.0123
-2.342856e-007 9.96744
-2.340856e-007 9.99921
-2.338856e-007 10.1024
-2.336856e-007 10.147
-2.334856e-007 10.1584
-2.332856e-007 10.1494
-2.330856e-007 10.0348
-2.328856e-007 9.92221
-2.326856e-007 9.94673
-2.324856e-007 10.0579
-2.322856e-007 10.1712
-2.320856e-007 10.1922
-2.318856e-007 10.1618
-2.316856e-007 10.2126
-2.314856e-007 10.253
-2.312856e-007 10.1929
-2.310856e-007 10.1263
-2.308856e-007 10.0721
-2.306856e-007 9.99921
-2.304856e-007 9.94811
-2.302856e-007 9.96606
-2.300856e-007 10.0213
-2.298856e-007 10.0213
-2.296856e-007 9.97987
-2.294856e-007 9.97849
-2.292856e-007 9.99299
-2.290856e-007 9.98643
-2.288856e-007 10.0223
-2.286856e-007 10.1138
-2.284856e-007 10.1321
-2.282856e-007 10.0082
-2.280856e-007 9.85247
-2.278856e-007 9.81173
-2.276856e-007 9.916
-2.274856e-007 10.0382
-2.272856e-007 10.0303
-2.270856e-007 9.94258
-2.268856e-007 9.91911
-2.266856e-007 9.95363
-2.264856e-007 9.98229
-2.262856e-007 10.0006
-2.260856e-007 10.0192
-2.258856e-007 10.0527
-2.256856e-007 10.08
-2.254856e-007 10.023
-2.252856e-007 9.89666
-2.250856e-007 9.86352
-2.248856e-007 9.92912
-2.246856e-007 9.91634
-2.244856e-007 9.8649
-2.242856e-007 9.9305
-2.240856e-007 10.0586
-2.238856e-007 10.1428
-2.236856e-007 10.1926
-2.234856e-007 10.216
-2.232856e-007 10.1977
-2.230856e-007 10.1736
-2.228856e-007 10.1725
-2.226856e-007 10.137
-2.224856e-007 10.004
-2.222856e-007 9.90599
-2.220856e-007 10.0065
-2.218856e-007 10.1601
-2.216856e-007 10.1404
-2.214856e-007 10.0154
-2.212856e-007 9.96261
-2.210856e-007 10.0109
-2.208856e-007 10.0866
-2.206856e-007 10.0935
-2.204856e-007 10.0261
-2.202856e-007 9.98091
-2.200856e-007 9.99023
-2.198856e-007 10.0078
-2.196856e-007 10.0089
-2.194856e-007 10.0034
-2.192856e-007 9.99058
-2.190856e-007 10.0099
-2.188856e-007 10.1304
-2.186856e-007 10.2298
-2.184856e-007 10.1446
-2.182856e-007 10.0065
-2.180856e-007 10.0147
-2.178856e-007 10.109
-2.176856e-007 10.1121
-2.174856e-007 10.0137
-2.172856e-007 9.916
-2.170856e-007 9.88561
-2.168856e-007 9.97297
-2.166856e-007 10.1093
-2.164856e-007 10.1018
-2.162856e-007 9.93223
-2.160856e-007 9.81552
-2.158856e-007 9.86939
-2.156856e-007 9.99058
-2.154856e-007 10.0745
-2.152856e-007 10.0828
-2.150856e-007 10.0261
-2.148856e-007 9.97366
-2.146856e-007 9.94362
-2.144856e-007 9.93982
-2.142856e-007 9.99127
-2.140856e-007 10.0313
-2.138856e-007 10.0154
-2.136856e-007 10.0296
-2.134856e-007 10.0852
-2.132856e-007 10.1097
-2.130856e-007 10.0655
-2.128856e-007 9.96675
-2.126856e-007 9.90599
-2.124856e-007 9.94155
-2.122856e-007 9.97262
-2.120856e-007 9.91393
-2.118856e-007 9.88354
-2.116856e-007 9.97159
-2.114856e-007 10.0551
-2.112856e-007 10.0289
-2.110856e-007 9.9923
-2.108856e-007 10.079
-2.106856e-007 10.1981
-2.104856e-007 10.1625
-2.102856e-007 10.0334
-2.100856e-007 9.96192
-2.098856e-007 9.91772
-2.096856e-007 9.89183
-2.094856e-007 9.91842
-2.092856e-007 9.93568
-2.090856e-007 9.94189
-2.088856e-007 9.99334
-2.086856e-007 10.031
-2.084856e-007 10.0365
-2.082856e-007 10.1024
-2.080856e-007 10.1463
-2.078856e-007 10.0614
-2.076856e-007 9.97435
-2.074856e-007 9.97677
-2.072856e-007 10.0175
-2.070856e-007 10.0607
-2.068856e-007 10.1045
-2.066856e-007 10.1159
-2.064856e-007 10.0617
-2.062856e-007 10.0075
-2.060856e-007 9.99783
-2.058856e-007 9.93637
-2.056856e-007 9.80793
-2.054856e-007 9.77478
-2.052856e-007 9.87353
-2.050856e-007 9.95916
-2.048856e-007 9.99541
-2.046856e-007 10.0344
-2.044856e-007 10.0593
-2.042856e-007 10.0655
-2.040856e-007 10.071
-2.038856e-007 10.0493
-2.036856e-007 10.0185
-2.034856e-007 10.0375
-2.032856e-007 10.0765
-2.030856e-007 10.0603
-2.028856e-007 10.0082
-2.026856e-007 9.99748
-2.024856e-007 10.0451
-2.022856e-007 10.0855
-2.020856e-007 10.0489
-2.018856e-007 9.97953
-2.016856e-007 9.98125
-2.014856e-007 10.0168
-2.012856e-007 10.0154
-2.010856e-007 10.0348
-2.008856e-007 10.0755
-2.006856e-007 10.061
-2.004856e-007 9.99783
-2.002856e-007 9.97193
-2.000856e-007 10.0071
-1.998856e-007 10.0268
-1.996856e-007 10.031
-1.994856e-007 10.0807
-1.992856e-007 10.1297
-1.990856e-007 10.0852
-1.988856e-007 9.99886
-1.986856e-007 9.99783
-1.984856e-007 10.0165
-1.982856e-007 9.96606
-1.980856e-007 9.9526
-1.978856e-007 10.0434
-1.976856e-007 10.1435
-1.974856e-007 10.1228
-1.972856e-007 9.99472
-1.970856e-007 9.92877
-1.968856e-007 9.94086
-1.966856e-007 9.89977
-1.964856e-007 9.84625
-1.962856e-007 9.8977
-1.960856e-007 9.99886
-1.958856e-007 10.0244
-1.956856e-007 9.96537
-1.954856e-007 9.91703
-1.952856e-007 9.96641
-1.950856e-007 10.0645
-1.948856e-007 10.0679
-1.946856e-007 9.99127
-1.944856e-007 9.945
-1.942856e-007 9.92428
-1.940856e-007 9.93154
-1.938856e-007 9.98367
-1.936856e-007 9.99852
-1.934856e-007 9.9412
-1.932856e-007 9.90668
-1.930856e-007 9.916
-1.928856e-007 9.9084
-1.926856e-007 9.93361
-1.924856e-007 10.022
-1.922856e-007 10.0866
-1.920856e-007 10.0776
-1.918856e-007 10.0103
-1.916856e-007 9.9923
-1.914856e-007 10.0976
-1.912856e-007 10.1929
-1.910856e-007 10.1542
-1.908856e-007 10.033
-1.906856e-007 9.92118
-1.904856e-007 9.86006
-1.902856e-007 9.89735
-1.900856e-007 10.0275
-1.898856e-007 10.1
-1.896856e-007 10.0572
-1.894856e-007 10.0203
-1.892856e-007 10.0579
-1.890856e-007 10.127
-1.888856e-007 10.1249
-1.886856e-007 10.0348
-1.884856e-007 9.99576
-1.882856e-007 10.0475
-1.880856e-007 10.0551
-1.878856e-007 9.99403
-1.876856e-007 9.97159
-1.874856e-007 9.99748
-1.872856e-007 10.0234
-1.870856e-007 10.0441
-1.868856e-007 10.0427
-1.866856e-007 10.0355
-1.864856e-007 10.0558
-1.862856e-007 10.0548
-1.860856e-007 10.0465
-1.858856e-007 10.0993
-1.856856e-007 10.1425
-1.854856e-007 10.1049
-1.852856e-007 10.0127
-1.850856e-007 9.9305
-1.848856e-007 9.9343
-1.846856e-007 9.99541
-1.844856e-007 10.0344
-1.842856e-007 10.0365
-1.840856e-007 10.0358
-1.838856e-007 10.0579
-1.836856e-007 10.0769
-1.834856e-007 10.119
-1.832856e-007 10.1926
-1.830856e-007 10.1926
-1.828856e-007 10.0907
-1.826856e-007 9.9923
-1.824856e-007 9.96296
-1.822856e-007 9.9633
-1.820856e-007 9.98229
-1.818856e-007 10.0203
-1.816856e-007 10.0158
-1.814856e-007 9.98989
-1.812856e-007 10.0275
-1.810856e-007 10.0607
-1.808856e-007 9.98125
-1.806856e-007 9.87733
-1.804856e-007 9.91531
-1.802856e-007 10.0728
-1.800856e-007 10.1425
-1.798856e-007 10.0344
-1.796856e-007 9.87836
-1.794856e-007 9.82243
-1.792856e-007 9.92187
-1.790856e-007 10.0917
-1.788856e-007 10.1449
-1.786856e-007 10.0282
-1.784856e-007 9.9305
-1.782856e-007 10.0172
-1.780856e-007 10.1556
-1.778856e-007 10.1359
-1.776856e-007 9.99403
-1.774856e-007 9.88044
-1.772856e-007 9.87042
-1.770856e-007 9.93637
-1.768856e-007 9.9595
-1.766856e-007 9.92118
-1.764856e-007 9.945
-1.762856e-007 10.0227
-1.760856e-007 10.0286
-1.758856e-007 9.97055
-1.756856e-007 9.95053
-1.754856e-007 9.98712
-1.752856e-007 10.0268
-1.750856e-007 10.0593
-1.748856e-007 10.1228
-1.746856e-007 10.1884
-1.744856e-007 10.08
-1.742856e-007 9.81345
-1.740856e-007 9.74129
-1.738856e-007 9.92981
-1.736856e-007 10.0676
-1.734856e-007 10.0437
-1.732856e-007 9.99161
-1.730856e-007 9.99748
-1.728856e-007 10.0507
-1.726856e-007 10.0869
-1.724856e-007 10.0693
-1.722856e-007 10.041
-1.720856e-007 10.0493
-1.718856e-007 10.1169
-1.716856e-007 10.2015
-1.714856e-007 10.2174
-1.712856e-007 10.1939
-1.710856e-007 10.1501
-1.708856e-007 10.0023
-1.706856e-007 9.8573
-1.704856e-007 9.89252
-1.702856e-007 10.0182
-1.700856e-007 10.0986
-1.698856e-007 10.1256
-1.696856e-007 10.0658
-1.694856e-007 9.91807
-1.692856e-007 9.83521
-1.690856e-007 9.91289
-1.688856e-007 10.0306
-1.686856e-007 10.0841
-1.684856e-007 10.0945
-1.682856e-007 10.0717
-1.680856e-007 10.0071
-1.678856e-007 9.97159
-1.676856e-007 10.004
-1.674856e-007 10.0154
-1.672856e-007 9.99541
-1.670856e-007 10.0289
-1.668856e-007 10.0917
-1.666856e-007 10.079
-1.664856e-007 10.0089
-1.662856e-007 10.0241
-1.660856e-007 10.0765
-1.658856e-007 10.0103
-1.656856e-007 9.90357
-1.654856e-007 9.88147
-1.652856e-007 9.91047
-1.650856e-007 9.95812
-1.648856e-007 10.0175
-1.646856e-007 10.0109
-1.644856e-007 9.9557
-1.642856e-007 9.94086
-1.640856e-007 9.96675
-1.638856e-007 10.012
-1.636856e-007 9.974
-1.634856e-007 9.85799
-1.632856e-007 9.86593
-1.630856e-007 9.98609
-1.628856e-007 10.0427
-1.626856e-007 10.0078
-1.624856e-007 9.95743
-1.622856e-007 9.95432
-1.620856e-007 9.9816
-1.618856e-007 9.97953
-1.616856e-007 9.96882
-1.614856e-007 9.97746
-1.612856e-007 9.97366
-1.610856e-007 9.95778
-1.608856e-007 9.95398
-1.606856e-007 9.95847
-1.604856e-007 9.96088
-1.602856e-007 9.9816
-1.600856e-007 10.0427
-1.598856e-007 10.1107
-1.596856e-007 10.1235
-1.594856e-007 10.0724
-1.592856e-007 10.0631
-1.590856e-007 10.1446
-1.588856e-007 10.2071
-1.586856e-007 10.177
-1.584856e-007 10.07
-1.582856e-007 9.96952
-1.580856e-007 9.98402
-1.578856e-007 10.0655
-1.576856e-007 10.0638
-1.574856e-007 9.95709
-1.572856e-007 9.88009
-1.570856e-007 9.91427
-1.568856e-007 9.96157
-1.566856e-007 9.98471
-1.564856e-007 10.0638
-1.562856e-007 10.128
-1.560856e-007 10.0783
-1.558856e-007 9.98574
-1.556856e-007 9.96296
-1.554856e-007 10.0527
-1.552856e-007 10.1546
-1.550856e-007 10.1235
-1.548856e-007 10.0351
-1.546856e-007 10.0517
-1.544856e-007 10.1104
-1.542856e-007 10.0893
-1.540856e-007 10.0393
-1.538856e-007 10.0424
-1.536856e-007 10.0721
-1.534856e-007 10.0358
-1.532856e-007 9.93637
-1.530856e-007 9.86145
-1.528856e-007 9.83797
-1.526856e-007 9.8977
-1.524856e-007 10.0551
-1.522856e-007 10.2071
-1.520856e-007 10.2585
-1.518856e-007 10.2589
-1.516856e-007 10.2557
-1.514856e-007 10.1801
-1.512856e-007 10.0458
-1.510856e-007 9.95087
-1.508856e-007 9.90978
-1.506856e-007 9.90426
-1.504856e-007 9.90322
-1.502856e-007 9.90391
-1.500856e-007 9.94776
-1.498856e-007 9.98436
-1.496856e-007 9.94845
-1.494856e-007 9.92394
-1.492856e-007 9.97366
-1.490856e-007 10.0092
-1.488856e-007 9.98091
-1.486856e-007 9.9488
-1.484856e-007 9.96019
-1.482856e-007 9.96399
-1.480856e-007 9.88389
-1.478856e-007 9.78963
-1.476856e-007 9.80827
-1.474856e-007 9.93361
-1.472856e-007 10.0655
-1.470856e-007 10.1204
-1.468856e-007 10.1062
-1.466856e-007 10.0962
-1.464856e-007 10.1325
-1.462856e-007 10.1373
-1.460856e-007 10.0272
-1.458856e-007 9.92325
-1.456856e-007 9.94949
-1.454856e-007 10.0147
-1.452856e-007 10.0027
-1.450856e-007 9.91013
-1.448856e-007 9.85178
-1.446856e-007 9.95225
-1.444856e-007 10.1363
-1.442856e-007 10.2157
-1.440856e-007 10.1466
-1.438856e-007 10.0451
-1.436856e-007 10.0486
-1.434856e-007 10.1611
-1.432856e-007 10.2388
-1.430856e-007 10.1815
-1.428856e-007 10.0603
-1.426856e-007 9.98747
-1.424856e-007 9.93913
-1.422856e-007 9.92325
-1.420856e-007 9.99852
-1.418856e-007 10.0942
-1.416856e-007 10.1428
-1.414856e-007 10.1166
-1.412856e-007 10.0379
-1.410856e-007 10.0113
-1.408856e-007 10.0406
-1.406856e-007 10.08
-1.404856e-007 10.1473
-1.402856e-007 10.1898
-1.400856e-007 10.1052
-1.398856e-007 9.99679
-1.396856e-007 10.0355
-1.394856e-007 10.1183
-1.392856e-007 10.1076
-1.390856e-007 10.0748
-1.388856e-007 10.0593
-1.386856e-007 10.0434
-1.384856e-007 10.0866
-1.382856e-007 10.1501
-1.380856e-007 10.1125
-1.378856e-007 9.99023
-1.376856e-007 9.89839
-1.374856e-007 9.92083
-1.372856e-007 10.0344
-1.370856e-007 10.1173
-1.368856e-007 10.1049
-1.366856e-007 10.0524
-1.364856e-007 10.0306
-1.362856e-007 10.0417
-1.360856e-007 10.0738
-1.358856e-007 10.1563
-1.356856e-007 10.2609
-1.354856e-007 10.2789
-1.352856e-007 10.2057
-1.350856e-007 10.1339
-1.348856e-007 10.0817
-1.346856e-007 10.033
-1.344856e-007 9.97849
-1.342856e-007 9.93188
-1.340856e-007 9.945
-1.338856e-007 9.96503
-1.336856e-007 9.88907
-1.334856e-007 9.80137
-1.332856e-007 9.84315
-1.330856e-007 9.94155
-1.328856e-007 9.94673
-1.326856e-007 9.87042
-1.324856e-007 9.81242
-1.322856e-007 9.84246
-1.320856e-007 9.94776
-1.318856e-007 10.0147
-1.316856e-007 9.97884
-1.314856e-007 9.92359
-1.312856e-007 9.9633
-1.310856e-007 10.0831
-1.308856e-007 10.1411
-1.306856e-007 10.0859
-1.304856e-007 10.0279
-1.302856e-007 10.0189
-1.300856e-007 10.0244
-1.298856e-007 10.0603
-1.296856e-007 10.1142
-1.294856e-007 10.098
-1.292856e-007 10.0192
-1.290856e-007 9.95605
-1.288856e-007 9.91876
-1.286856e-007 9.92636
-1.284856e-007 9.98436
-1.282856e-007 10.0437
-1.280856e-007 10.109
-1.278856e-007 10.1553
-1.276856e-007 10.0841
-1.274856e-007 9.94638
-1.272856e-007 9.92636
-1.270856e-007 10.022
-1.268856e-007 10.0907
-1.266856e-007 10.0786
-1.264856e-007 9.98747
-1.262856e-007 9.87491
-1.260856e-007 9.85834
-1.258856e-007 9.92325
-1.256856e-007 9.94811
-1.254856e-007 9.94327
-1.252856e-007 9.96744
-1.250856e-007 9.9892
-1.248856e-007 10.0313
-1.246856e-007 10.0935
-1.244856e-007 10.0893
-1.242856e-007 10.0448
-1.240856e-007 10.0327
-1.238856e-007 10.0776
-1.236856e-007 10.1504
-1.234856e-007 10.1698
-1.232856e-007 10.1515
-1.230856e-007 10.1839
-1.228856e-007 10.2243
-1.226856e-007 10.1276
-1.224856e-007 9.93879
-1.222856e-007 9.87733
-1.220856e-007 10.0092
-1.218856e-007 10.1801
-1.216856e-007 10.2219
-1.214856e-007 10.1781
-1.212856e-007 10.1642
-1.210856e-007 10.1332
-1.208856e-007 10.1042
-1.206856e-007 10.1598
-1.204856e-007 10.1774
-1.202856e-007 10.1187
-1.200856e-007 10.1373
-1.198856e-007 10.1984
-1.196856e-007 10.1674
-1.194856e-007 10.1021
-1.192856e-007 10.1149
-1.190856e-007 10.1746
-1.188856e-007 10.1777
-1.186856e-007 10.1138
-1.184856e-007 10.0814
-1.182856e-007 10.1049
-1.180856e-007 10.1114
-1.178856e-007 10.0935
-1.176856e-007 10.0966
-1.174856e-007 10.137
-1.172856e-007 10.1712
-1.170856e-007 10.1245
-1.168856e-007 10.0103
-1.166856e-007 9.95605
-1.164856e-007 10.0103
-1.162856e-007 10.0669
-1.160856e-007 10.0648
-1.158856e-007 10.0451
-1.156856e-007 10.041
-1.154856e-007 10.0465
-1.152856e-007 10.0386
-1.150856e-007 10.012
-1.148856e-007 9.99472
-1.146856e-007 9.99852
-1.144856e-007 10.0268
-1.142856e-007 10.0783
-1.140856e-007 10.108
-1.138856e-007 10.0783
-1.136856e-007 10.0261
-1.134856e-007 10.0417
-1.132856e-007 10.109
-1.130856e-007 10.1138
-1.128856e-007 10.0368
-1.126856e-007 9.9343
-1.124856e-007 9.86179
-1.122856e-007 9.87146
-1.120856e-007 9.96365
-1.118856e-007 10.0548
-1.116856e-007 10.0641
-1.114856e-007 10.0261
-1.112856e-007 10.0344
-1.110856e-007 10.0948
-1.108856e-007 10.1446
-1.106856e-007 10.1504
-1.104856e-007 10.1473
-1.102856e-007 10.1349
-1.100856e-007 10.0555
-1.098856e-007 9.95639
-1.096856e-007 9.92877
-1.094856e-007 9.9854
-1.092856e-007 10.0776
-1.090856e-007 10.0876
-1.088856e-007 10.0158
-1.086856e-007 10.023
-1.084856e-007 10.1173
-1.082856e-007 10.1888
-1.080856e-007 10.2008
-1.078856e-007 10.1166
-1.076856e-007 9.99817
-1.074856e-007 10.0103
-1.072856e-007 10.1093
-1.070856e-007 10.1138
-1.068856e-007 10.0465
-1.066856e-007 10.0797
-1.064856e-007 10.1812
-1.062856e-007 10.1473
-1.060856e-007 10.0016
-1.058856e-007 9.98851
-1.056856e-007 10.0907
-1.054856e-007 10.0607
-1.052856e-007 9.93637
-1.050856e-007 9.89666
-1.048856e-007 9.90564
-1.046856e-007 9.88631
-1.044856e-007 9.88596
-1.042856e-007 9.95881
-1.040856e-007 10.0486
-1.038856e-007 10.108
-1.036856e-007 10.185
-1.034856e-007 10.2368
-1.032856e-007 10.1739
-1.030856e-007 10.081
-1.028856e-007 10.052
-1.026856e-007 10.0299
-1.024856e-007 9.95363
-1.022856e-007 9.87974
-1.020856e-007 9.90322
-1.018856e-007 9.96848
-1.016856e-007 9.93671
-1.014856e-007 9.84798
-1.012856e-007 9.83106
-1.010856e-007 9.85661
-1.008856e-007 9.85765
-1.006856e-007 9.85937
-1.004856e-007 9.87111
-1.002856e-007 9.87457
-1.000856e-007 9.89356
-9.988565e-008 9.97538
-9.968565e-008 10.0624
-9.948565e-008 10.0303
-9.928565e-008 9.94673
-9.908565e-008 9.95398
-9.888565e-008 9.97504
-9.868565e-008 9.93361
-9.848565e-008 9.94431
-9.828565e-008 10.0075
-9.808565e-008 9.99127
-9.788565e-008 9.9412
-9.768565e-008 9.99714
-9.748565e-008 10.1325
-9.728565e-008 10.2119
-9.708565e-008 10.1263
-9.688565e-008 9.88665
-9.668565e-008 9.78307
-9.648565e-008 9.99541
-9.628565e-008 10.2409
-9.608565e-008 10.2775
-9.588565e-008 10.1529
-9.568565e-008 10.0282
-9.548565e-008 10.0641
-9.528565e-008 10.1401
-9.508565e-008 10.0182
-9.488565e-008 9.84073
-9.468565e-008 9.84798
-9.448565e-008 9.96572
-9.428565e-008 10.0199
-9.408565e-008 9.97435
-9.388565e-008 9.89873
-9.368565e-008 9.86939
-9.348565e-008 9.89597
-9.328565e-008 9.92463
-9.308565e-008 9.92359
-9.288565e-008 9.91393
-9.268565e-008 9.96606
-9.248565e-008 10.1404
-9.228565e-008 10.2685
-9.208565e-008 10.1746
-9.188565e-008 10.0465
-9.168565e-008 10.0624
-9.148565e-008 10.1225
-9.128565e-008 10.1442
-9.108565e-008 10.1087
-9.088565e-008 10.0465
-9.068565e-008 10.0824
-9.048565e-008 10.1601
-9.028565e-008 10.1062
-9.008565e-008 10.0172
-8.988565e-008 10.0192
-8.968565e-008 10.04
-8.948565e-008 10.0652
-8.928565e-008 10.099
-8.908565e-008 10.0696
-8.888565e-008 9.98229
-8.868565e-008 9.88769
-8.848565e-008 9.85316
-8.828565e-008 9.93844
-8.808565e-008 10.0427
-8.788565e-008 10.0576
-8.768565e-008 10.0821
-8.748565e-008 10.1756
-8.728565e-008 10.1888
-8.708565e-008 10.0835
-8.688565e-008 9.96882
-8.668565e-008 9.87008
-8.648565e-008 9.84142
-8.628565e-008 9.91876
-8.608565e-008 9.9961
-8.588565e-008 10.0265
-8.568565e-008 10.0441
-8.548565e-008 10.0524
-8.528565e-008 10.0389
-8.508565e-008 10.021
-8.488565e-008 10.0089
-8.468565e-008 9.94535
-8.448565e-008 9.87284
-8.428565e-008 9.91393
-8.408565e-008 9.97469
-8.388565e-008 9.91289
-8.368565e-008 9.83797
-8.348565e-008 9.89114
-8.328565e-008 9.97849
-8.308565e-008 9.95398
-8.288565e-008 9.8611
-8.268565e-008 9.82968
-8.248565e-008 9.92808
-8.228565e-008 10.0254
-8.208565e-008 9.95639
-8.188565e-008 9.88941
-8.168565e-008 9.98194
-8.148565e-008 10.0904
-8.128565e-008 10.1138
-8.108565e-008 10.0745
-8.088565e-008 9.96848
-8.068565e-008 9.85972
-8.048565e-008 9.88147
-8.028565e-008 9.99058
-8.008565e-008 10.0607
-7.988565e-008 10.0893
-7.968565e-008 10.099
-7.948565e-008 10.0831
-7.928565e-008 10.0534
-7.908565e-008 10.0272
-7.888565e-008 9.98505
-7.868565e-008 9.93533
-7.848565e-008 9.94362
-7.828565e-008 10.0068
-7.808565e-008 10.0351
-7.788565e-008 9.96744
-7.768565e-008 9.88147
-7.748565e-008 9.88803
-7.728565e-008 9.974
-7.708565e-008 10.0313
-7.688565e-008 9.96537
-7.668565e-008 9.87008
-7.648565e-008 9.93913
-7.628565e-008 10.1266
-7.608565e-008 10.2288
-7.588565e-008 10.1977
-7.568565e-008 10.1342
-7.548565e-008 10.1266
-7.528565e-008 10.168
-7.508565e-008 10.1722
-7.488565e-008 10.0928
-7.468565e-008 10.0217
-7.448565e-008 10.0368
-7.428565e-008 10.0437
-7.408565e-008 9.98402
-7.388565e-008 9.95018
-7.368565e-008 10.0044
-7.348565e-008 10.0986
-7.328565e-008 10.1432
-7.308565e-008 10.0714
-7.288565e-008 9.95709
-7.268565e-008 9.95605
-7.248565e-008 9.99507
-7.228565e-008 9.96192
-7.208565e-008 9.95778
-7.188565e-008 9.98056
-7.168565e-008 9.97815
-7.148565e-008 10.0451
-7.128565e-008 10.1352
-7.108565e-008 10.0876
-7.088565e-008 9.97469
-7.068565e-008 9.92325
-7.048565e-008 9.92359
-7.028565e-008 9.99299
-7.008565e-008 10.0482
-6.988565e-008 9.98747
-6.968565e-008 9.93741
-6.948565e-008 9.96606
-6.928565e-008 9.9923
-6.908565e-008 9.97815
-6.888565e-008 9.93223
-6.868565e-008 9.92221
-6.848565e-008 9.98954
-6.828565e-008 10.0368
-6.808565e-008 9.97366
-6.788565e-008 9.87146
-6.768565e-008 9.81691
-6.748565e-008 9.83348
-6.728565e-008 9.96468
-6.708565e-008 10.1114
-6.688565e-008 10.0821
-6.668565e-008 9.93533
-6.648565e-008 9.87836
-6.628565e-008 9.91116
-6.608565e-008 9.91669
-6.588565e-008 9.9267
-6.568565e-008 9.99472
-6.548565e-008 10.0582
-6.528565e-008 10.0558
-6.508565e-008 10.023
-6.488565e-008 10.0037
-6.468565e-008 9.96537
-6.448565e-008 9.95812
-6.428565e-008 10.0669
-6.408565e-008 10.1608
-6.388565e-008 10.1093
-6.368565e-008 10.05
-6.348565e-008 10.0948
-6.328565e-008 10.1739
-6.308565e-008 10.2157
-6.288565e-008 10.1701
-6.268565e-008 10.0762
-6.248565e-008 10.0617
-6.228565e-008 10.0897
-6.208565e-008 10.0469
-6.188565e-008 9.9999
-6.168565e-008 9.98885
-6.148565e-008 9.94673
-6.128565e-008 9.91255
-6.108565e-008 9.93775
-6.088565e-008 10.0009
-6.068565e-008 10.089
-6.048565e-008 10.1408
-6.028565e-008 10.1176
-6.008565e-008 10.0828
-5.988565e-008 10.0807
-5.968565e-008 10.081
-5.948565e-008 10.0482
-5.928565e-008 10.0147
-5.908565e-008 10.0261
-5.888565e-008 10.052
-5.868565e-008 10.0451
-5.848565e-008 10.0116
-5.828565e-008 10.0034
-5.808565e-008 10.0344
-5.788565e-008 10.0579
-5.768565e-008 10.0437
-5.748565e-008 10.031
-5.728565e-008 10.0762
-5.708565e-008 10.1069
-5.688565e-008 10.0351
-5.668565e-008 9.95709
-5.648565e-008 9.97918
-5.628565e-008 10.0348
-5.608565e-008 10.0106
-5.588565e-008 9.92808
-5.568565e-008 9.88838
-5.548565e-008 9.95847
-5.528565e-008 10.1038
-5.508565e-008 10.138
-5.488565e-008 10.0444
-5.468565e-008 10.0261
-5.448565e-008 10.0551
-5.428565e-008 10.0034
-5.408565e-008 9.9526
-5.388565e-008 9.95467
-5.368565e-008 9.93982
-5.348565e-008 9.92118
-5.328565e-008 9.93119
-5.308565e-008 9.94086
-5.288565e-008 9.96192
-5.268565e-008 10.0096
-5.248565e-008 10.0731
-5.228565e-008 10.0783
-5.208565e-008 9.92774
-5.188565e-008 9.76684
-5.168565e-008 9.7772
-5.148565e-008 9.85627
-5.128565e-008 9.90771
-5.108565e-008 9.94017
-5.088565e-008 9.93533
-5.068565e-008 9.90184
-5.048565e-008 9.89287
-5.028565e-008 9.94569
-5.008565e-008 9.99852
-4.988565e-008 9.97573
-4.968565e-008 9.92808
-4.948565e-008 9.96537
-4.928565e-008 10.0279
-4.908565e-008 9.96848
-4.888565e-008 9.90495
-4.868565e-008 9.99368
-4.848565e-008 10.1328
-4.828565e-008 10.234
-4.808565e-008 10.2754
-4.788565e-008 10.1919
-4.768565e-008 10.0641
-4.748565e-008 10.0296
-4.728565e-008 10.051
-4.708565e-008 10.0448
-4.688565e-008 10.0013
-4.668565e-008 9.94535
-4.648565e-008 9.90909
-4.628565e-008 9.91565
-4.608565e-008 9.94017
-4.588565e-008 9.945
-4.568565e-008 9.9488
-4.548565e-008 9.96019
-4.528565e-008 9.99541
-4.508565e-008 10.0693
-4.488565e-008 10.0931
-4.468565e-008 10.0427
-4.448565e-008 10.0627
-4.428565e-008 10.176
-4.408565e-008 10.2171
-4.388565e-008 10.1687
-4.368565e-008 10.1408
-4.348565e-008 10.139
-4.328565e-008 10.1256
-4.308565e-008 10.0769
-4.288565e-008 9.98851
-4.268565e-008 9.90978
-4.248565e-008 9.89148
-4.228565e-008 9.94362
-4.208565e-008 10.0641
-4.188565e-008 10.1515
-4.168565e-008 10.0959
-4.148565e-008 10.0051
-4.128565e-008 10.0185
-4.108565e-008 10.0983
-4.088565e-008 10.118
-4.068565e-008 10.0089
-4.048565e-008 9.8794
-4.028565e-008 9.87491
-4.008565e-008 9.96088
-3.988565e-008 10.0534
-3.968565e-008 10.1411
-3.948565e-008 10.1839
-3.928565e-008 10.1591
-3.908565e-008 10.1156
-3.888565e-008 10.0783
-3.868565e-008 10.0479
-3.848565e-008 10.0275
-3.828565e-008 9.99783
-3.808565e-008 9.96123
-3.788565e-008 9.93706
-3.768565e-008 9.9084
-3.748565e-008 9.90599
-3.728565e-008 9.98056
-3.708565e-008 10.0714
-3.688565e-008 10.0976
-3.668565e-008 10.0648
-3.648565e-008 10.0469
-3.628565e-008 10.0534
-3.608565e-008 10.0286
-3.588565e-008 9.99507
-3.568565e-008 10.0147
-3.548565e-008 10.0655
-3.528565e-008 10.0313
-3.508565e-008 9.92532
-3.488565e-008 9.95709
-3.468565e-008 10.1149
-3.448565e-008 10.1653
-3.428565e-008 10.1152
-3.408565e-008 10.0627
-3.388565e-008 10.021
-3.368565e-008 10.0569
-3.348565e-008 10.1263
-3.328565e-008 10.1031
-3.308565e-008 9.98367
-3.288565e-008 9.88769
-3.268565e-008 9.94086
-3.248565e-008 10.0451
-3.228565e-008 10.004
-3.208565e-008 9.89908
-3.188565e-008 9.92463
-3.168565e-008 10.0579
-3.148565e-008 10.1674
-3.128565e-008 10.1794
-3.108565e-008 10.0824
-3.088565e-008 9.98264
-3.068565e-008 10.0058
-3.048565e-008 10.1014
-3.028565e-008 10.1556
-3.008565e-008 10.1294
-2.988565e-008 10.0382
-2.968565e-008 9.94155
-2.948565e-008 9.88631
-2.928565e-008 9.86662
-2.908565e-008 9.86593
-2.888565e-008 9.87111
-2.868565e-008 9.89425
-2.848565e-008 9.98781
-2.828565e-008 10.1207
-2.808565e-008 10.1335
-2.788565e-008 10.0051
-2.768565e-008 9.94949
-2.748565e-008 10.0538
-2.728565e-008 10.1494
-2.708565e-008 10.1211
-2.688565e-008 10.0576
-2.668565e-008 10.071
-2.648565e-008 10.109
-2.628565e-008 10.0824
-2.608565e-008 10.0596
-2.588565e-008 10.1066
-2.568565e-008 10.119
-2.548565e-008 10.0403
-2.528565e-008 9.98816
-2.508565e-008 9.98851
-2.488565e-008 9.95053
-2.468565e-008 9.92463
-2.448565e-008 9.97331
-2.428565e-008 10.0199
-2.408565e-008 10.0393
-2.388565e-008 10.0959
-2.368565e-008 10.1646
-2.348565e-008 10.1463
-2.328565e-008 10.0513
-2.308565e-008 9.99472
-2.288565e-008 10.042
-2.268565e-008 10.1304
-2.248565e-008 10.1311
-2.228565e-008 10.0023
-2.208565e-008 9.85143
-2.188565e-008 9.81345
-2.168565e-008 9.91669
-2.148565e-008 10.0161
-2.128565e-008 9.95674
-2.108565e-008 9.87077
-2.088565e-008 9.94224
-2.068565e-008 10.04
-2.048565e-008 10.023
-2.028565e-008 9.97297
-2.008565e-008 9.93223
-1.988565e-008 9.89217
-1.968565e-008 9.89183
-1.948565e-008 9.93741
-1.928565e-008 9.9961
-1.908565e-008 9.99955
-1.888565e-008 9.96986
-1.868565e-008 10.0147
-1.848565e-008 10.0631
-1.828565e-008 10.0078
-1.808565e-008 9.96157
-1.788565e-008 10.0109
-1.768565e-008 10.0759
-1.748565e-008 10.1225
-1.728565e-008 10.1491
-1.708565e-008 10.0672
-1.688565e-008 9.88872
-1.668565e-008 9.79239
-1.648565e-008 9.85419
-1.628565e-008 10.0034
-1.608565e-008 10.138
-1.588565e-008 10.1542
-1.568565e-008 10.05
-1.548565e-008 9.95778
-1.528565e-008 10.0082
-1.508565e-008 10.1539
-1.488565e-008 10.1829
-1.468565e-008 10.0217
-1.448565e-008 9.86179
-1.428565e-008 9.86628
-1.408565e-008 9.94293
-1.388565e-008 9.96261
-1.368565e-008 9.9633
-1.348565e-008 10.0023
-1.328565e-008 10.0382
-1.308565e-008 9.9816
-1.288565e-008 9.87422
-1.268565e-008 9.92394
-1.248565e-008 10.1425
-1.228565e-008 10.2616
-1.208565e-008 10.1701
-1.188565e-008 10.004
-1.168565e-008 9.89632
-1.148565e-008 9.93879
-1.128565e-008 10.0962
-1.108565e-008 10.1646
-1.088565e-008 10.0993
-1.068565e-008 10.0134
-1.048565e-008 9.93326
-1.028565e-008 9.94569
-1.008565e-008 10.0748
-9.885647e-009 10.1232
-9.685647e-009 10.0386
-9.485647e-009 9.974
-9.285647e-009 10.0168
-9.085647e-009 10.1069
-8.885647e-009 10.0879
-8.685647e-009 9.98436
-8.485647e-009 10.002
-8.285647e-009 10.1107
-8.085647e-009 10.1276
-7.885647e-009 10.0507
-7.685647e-009 9.99955
-7.485647e-009 10.0217
-7.285647e-009 10.0451
-7.085647e-009 10.0437
-6.885647e-009 10.1007
-6.685647e-009 10.187
-6.485647e-009 10.1636
-6.285647e-009 10.0821
-6.085647e-009 10.0652
-5.885647e-009 10.0558
-5.685647e-009 10.0451
-5.485647e-009 10.0769
-5.285647e-009 10.0589
-5.085647e-009 10.0078
-4.885647e-009 10.0196
-4.685647e-009 10.0092
-4.485647e-009 9.9778
-4.285647e-009 10.0582
-4.085647e-009 10.1629
-3.885647e-009 10.1356
-3.685647e-009 10.0582
-3.485647e-009 10.0555
-3.285647e-009 10.071
-3.085647e-009 10.0313
-2.885647e-009 10.0227
-2.685647e-009 10.1111
-2.485647e-009 10.2088
-2.285647e-009 10.2102
-2.085647e-009 10.0797
-1.885647e-009 9.85178
-1.685647e-009 9.46093
-1.485647e-009 8.76141
-1.285647e-009 7.78223
-1.085647e-009 6.60693
-8.856467e-010 5.33599
-6.856467e-010 4.20316
-4.856467e-010 3.36553
-2.856467e-010 2.78271
-8.564669e-011 2.3601
1.143533e-010 2.00689
3.143533e-010 1.69304
5.143533e-010 1.50349
7.143533e-010 1.45411
9.143533e-010 1.41959
1.114353e-009 1.34328
1.314353e-009 1.28424
1.514353e-009 1.2687
1.714353e-009 1.23901
1.914353e-009 1.1779
2.114353e-009 1.1779
2.314353e-009 1.23211
2.514353e-009 1.20517
2.714353e-009 1.17617
2.914353e-009 1.29736
3.114353e-009 1.393
3.314353e-009 1.30427
3.514353e-009 1.27561
3.714353e-009 1.39887
3.914353e-009 1.39507
4.114353e-009 1.27112
4.314353e-009 1.29909
4.514353e-009 1.44134
4.714353e-009 1.46516
4.914353e-009 1.35709
5.114353e-009 1.28286
5.314353e-009 1.31911
5.514353e-009 1.35537
5.714353e-009 1.287
5.914353e-009 1.19654
6.114353e-009 1.20241
6.314353e-009 1.34432
6.514353e-009 1.50832
6.714353e-009 1.42615
6.914353e-009 1.15718
7.114353e-009 1.11022
7.314353e-009 1.30945
7.514353e-009 1.39783
7.714353e-009 1.32118
7.914353e-009 1.30185
8.114353e-009 1.36952
8.314353e-009 1.40819
8.514353e-009 1.3747
8.714353e-009 1.31842
8.914353e-009 1.3015
9.114353e-009 1.27147
9.314353e-009 1.21104
9.514353e-009 1.21139
9.714353e-009 1.23245
9.914353e-009 1.20517
1.011435e-008 1.20966
1.031435e-008 1.24384
1.051435e-008 1.18757
1.071435e-008 1.1123
1.091435e-008 1.15131
1.111435e-008 1.21242
1.131435e-008 1.17306
1.151435e-008 1.06223
1.171435e-008 0.996631
1.191435e-008 1.04566
1.211435e-008 1.11609
1.231435e-008 1.12024
1.251435e-008 1.09745
1.271435e-008 1.09054
1.291435e-008 1.13992
1.311435e-008 1.25731
1.331435e-008 1.36642
1.351435e-008 1.38506
1.371435e-008 1.31186
1.391435e-008 1.23936
1.411435e-008 1.24177
1.431435e-008 1.29943
1.451435e-008 1.32705
1.471435e-008 1.27216
1.491435e-008 1.20103
1.511435e-008 1.16478
1.531435e-008 1.13301
1.551435e-008 1.12196
1.571435e-008 1.13957
1.591435e-008 1.1375
1.611435e-008 1.1192
1.631435e-008 1.10332
1.651435e-008 1.10436
1.671435e-008 1.13198
1.691435e-008 1.11851
1.711435e-008 1.08226
1.731435e-008 1.0971
1.751435e-008 1.07155
1.771435e-008 1.00146
1.791435e-008 1.00906
1.811435e-008 1.03634
1.831435e-008 1.04083
1.851435e-008 1.06534
1.871435e-008 1.02943
1.891435e-008 0.93172
1.911435e-008 0.922743
1.931435e-008 1.00872
1.951435e-008 1.08226
1.971435e-008 1.11955
1.991435e-008 1.08675
2.011435e-008 1.02045
2.031435e-008 1.07604
2.051435e-008 1.17306
2.071435e-008 1.15131
2.091435e-008 1.11022
2.111435e-008 1.13992
2.131435e-008 1.13163
2.151435e-008 1.00768
2.171435e-008 0.903408
2.191435e-008 0.934137
2.211435e-008 1.01148
2.231435e-008 1.04531
2.251435e-008 1.05187
2.271435e-008 1.05498
2.291435e-008 1.00043
2.311435e-008 0.904098
2.331435e-008 0.91273
2.351435e-008 1.03634
2.371435e-008 1.15994
2.391435e-008 1.22347
2.411435e-008 1.22589
2.431435e-008 1.20759
2.451435e-008 1.21346
2.471435e-008 1.23314
2.491435e-008 1.20448
2.511435e-008 1.12196
2.531435e-008 1.03944
2.551435e-008 0.996286
2.571435e-008 1.03047
2.591435e-008 1.08847
2.611435e-008 1.07259
2.631435e-008 1.01424
2.651435e-008 0.991107
2.671435e-008 1.03634
2.691435e-008 1.08053
2.711435e-008 1.03496
2.731435e-008 0.993523
2.751435e-008 1.03012
2.771435e-008 1.04531
2.791435e-008 1.01424
2.811435e-008 1.00975
2.831435e-008 0.998357
2.851435e-008 0.940352
2.871435e-008 0.924469
2.891435e-008 0.972462
2.911435e-008 1.03668
2.931435e-008 1.10608
2.951435e-008 1.13025
2.971435e-008 1.0826
2.991435e-008 1.02667
3.011435e-008 1.02563
3.031435e-008 1.07673
3.051435e-008 1.10401
3.071435e-008 1.04013
3.091435e-008 0.955198
3.111435e-008 0.972117
3.131435e-008 1.0719
3.151435e-008 1.14164
3.171435e-008 1.16236
3.191435e-008 1.17997
3.211435e-008 1.15891
3.231435e-008 1.09123
3.251435e-008 1.04359
3.271435e-008 1.04013
3.291435e-008 1.0978
3.311435e-008 1.18273
3.331435e-008 1.16927
3.351435e-008 1.05912
3.371435e-008 1.03944
3.391435e-008 1.17065
3.411435e-008 1.21968
3.431435e-008 1.0574
3.451435e-008 0.943804
3.471435e-008 1.03081
3.491435e-008 1.10815
3.511435e-008 1.08847
3.531435e-008 1.07811
3.551435e-008 1.07328
3.571435e-008 1.07466
3.591435e-008 1.13129
3.611435e-008 1.13923
3.631435e-008 1.05602
3.651435e-008 1.03703
3.671435e-008 1.08295
3.691435e-008 1.10297
3.711435e-008 1.13612
3.731435e-008 1.15269
3.751435e-008 1.11402
3.771435e-008 1.10677
3.791435e-008 1.14061
3.811435e-008 1.13198
3.831435e-008 1.10539
3.851435e-008 1.15511
3.871435e-008 1.23625
3.891435e-008 1.22347
3.911435e-008 1.11471
3.931435e-008 0.997321
3.951435e-008 0.941388
3.971435e-008 1.00492
3.991435e-008 1.11989
4.011435e-008 1.10194
4.031435e-008 1.01217
4.051435e-008 1.05671
4.071435e-008 1.1482
4.091435e-008 1.10574
4.111435e-008 0.972117
4.131435e-008 0.911694
4.151435e-008 1.01458
4.171435e-008 1.16581
4.191435e-008 1.20069
4.211435e-008 1.11713
4.231435e-008 1.03668
4.251435e-008 1.05153
4.271435e-008 1.094
4.291435e-008 1.07915
4.311435e-008 1.05878
4.331435e-008 1.04773
4.351435e-008 1.05084
4.371435e-008 1.13163
4.391435e-008 1.16892
4.411435e-008 1.02149
4.431435e-008 0.850581
4.451435e-008 0.857487
4.471435e-008 0.98282
4.491435e-008 1.07259
4.511435e-008 1.12369
4.531435e-008 1.2107
4.551435e-008 1.29046
4.571435e-008 1.27699
4.591435e-008 1.19171
4.611435e-008 1.10401
4.631435e-008 1.0391
4.651435e-008 1.00216
4.671435e-008 1.03219
4.691435e-008 1.09745
4.711435e-008 1.11886
4.731435e-008 1.12507
4.751435e-008 1.14337
4.771435e-008 1.1375
4.791435e-008 1.10677
4.811435e-008 1.05567
4.831435e-008 1.01597
4.851435e-008 1.04186
4.871435e-008 1.07466
4.891435e-008 1.07501
4.911435e-008 1.0971
4.931435e-008 1.11644
4.951435e-008 1.09331
4.971435e-008 1.05705
4.991435e-008 1.0208
5.011435e-008 1.0208
5.031435e-008 1.09814
5.051435e-008 1.16754
5.071435e-008 1.19585
5.091435e-008 1.25938
5.111435e-008 1.26214
5.131435e-008 1.15373
5.151435e-008 1.12818
5.171435e-008 1.19171
5.191435e-008 1.17583
5.211435e-008 1.12473
5.231435e-008 1.15822
5.251435e-008 1.24281
5.271435e-008 1.24695
5.291435e-008 1.13163
5.311435e-008 1.02736
5.331435e-008 1.05533
5.351435e-008 1.13198
5.371435e-008 1.12335
5.391435e-008 1.08226
5.411435e-008 1.07363
5.431435e-008 1.06361
5.451435e-008 1.07294
5.471435e-008 1.10125
5.491435e-008 1.10746
5.511435e-008 1.11022
5.531435e-008 1.12093
5.551435e-008 1.11264
5.571435e-008 1.08433
5.591435e-008 1.09952
5.611435e-008 1.20241
5.631435e-008 1.30772
5.651435e-008 1.29633
5.671435e-008 1.15891
5.691435e-008 1.06465
5.711435e-008 1.13612
5.731435e-008 1.17997
5.751435e-008 1.08985
5.771435e-008 1.07742
5.791435e-008 1.19482
5.811435e-008 1.28044
5.831435e-008 1.25627
5.851435e-008 1.18757
5.871435e-008 1.17548
5.891435e-008 1.20656
5.911435e-008 1.20828
5.931435e-008 1.15373
5.951435e-008 1.09158
5.971435e-008 1.08985
5.991435e-008 1.08847
6.011435e-008 1.01044
6.031435e-008 0.940006
6.051435e-008 0.966247
6.071435e-008 1.03116
6.091435e-008 1.06361
6.111435e-008 1.10643
6.131435e-008 1.17686
6.151435e-008 1.19758
6.171435e-008 1.19136
6.191435e-008 1.19482
6.211435e-008 1.14441
6.231435e-008 1.07086
6.251435e-008 1.04221
6.271435e-008 1.03565
6.291435e-008 1.03047
6.311435e-008 1.04117
6.331435e-008 1.06845
6.351435e-008 1.09538
6.371435e-008 1.11713
6.391435e-008 1.12645
6.411435e-008 1.1337
6.431435e-008 1.17686
6.451435e-008 1.28769
6.471435e-008 1.36503
6.491435e-008 1.2328
6.511435e-008 1.04255
6.531435e-008 1.06016
6.551435e-008 1.15338
6.571435e-008 1.11851
6.591435e-008 1.04013
6.611435e-008 1.03979
6.631435e-008 1.06707
6.651435e-008 1.07397
6.671435e-008 1.06672
6.691435e-008 1.00768
6.711435e-008 0.946912
6.731435e-008 0.979713
6.751435e-008 1.09849
6.771435e-008 1.20207
6.791435e-008 1.18446
6.811435e-008 1.123
6.831435e-008 1.19827
6.851435e-008 1.33361
6.871435e-008 1.31842
6.891435e-008 1.22244
6.911435e-008 1.18826
6.931435e-008 1.17824
6.951435e-008 1.16236
6.971435e-008 1.14855
6.991435e-008 1.16029
7.011435e-008 1.22313
7.031435e-008 1.24039
7.051435e-008 1.15822
7.071435e-008 1.10366
7.091435e-008 1.12645
7.111435e-008 1.15131
7.131435e-008 1.16098
7.151435e-008 1.16685
7.171435e-008 1.17686
7.191435e-008 1.18964
7.211435e-008 1.20138
7.231435e-008 1.24488
7.251435e-008 1.27768
7.271435e-008 1.23003
7.291435e-008 1.1482
7.311435e-008 1.10574
7.331435e-008 1.1085
7.351435e-008 1.12231
7.371435e-008 1.13577
7.391435e-008 1.14613
7.411435e-008 1.14544
7.431435e-008 1.16374
7.451435e-008 1.2031
7.471435e-008 1.1993
7.491435e-008 1.10781
7.511435e-008 0.980748
7.531435e-008 0.926541
7.551435e-008 0.994559
7.571435e-008 1.08847
7.591435e-008 1.07259
7.611435e-008 1.0132
7.631435e-008 1.05602
7.651435e-008 1.16823
7.671435e-008 1.21139
7.691435e-008 1.15407
7.711435e-008 1.14372
7.731435e-008 1.22796
7.751435e-008 1.20448
7.771435e-008 1.05636
7.791435e-008 1.00526
7.811435e-008 1.04117
7.831435e-008 1.05636
7.851435e-008 1.09054
7.871435e-008 1.09814
7.891435e-008 1.05602
7.911435e-008 1.08329
7.931435e-008 1.16305
7.951435e-008 1.21173
7.971435e-008 1.25524
7.991435e-008 1.28735
8.011435e-008 1.24074
8.031435e-008 1.13785
8.051435e-008 1.09849
8.071435e-008 1.14303
8.091435e-008 1.15822
8.111435e-008 1.10263
8.131435e-008 1.07915
8.151435e-008 1.11368
8.171435e-008 1.09952
8.191435e-008 1.02701
8.211435e-008 0.975224
8.231435e-008 0.994559
8.251435e-008 1.11575
8.271435e-008 1.3015
8.291435e-008 1.36607
8.311435e-008 1.25869
8.331435e-008 1.22624
8.351435e-008 1.32153
8.371435e-008 1.35191
8.391435e-008 1.28286
8.411435e-008 1.17479
8.431435e-008 1.09814
8.451435e-008 1.11955
8.471435e-008 1.14095
8.491435e-008 1.07225
8.511435e-008 1.03081
8.531435e-008 1.10746
8.551435e-008 1.21242
8.571435e-008 1.21933
8.591435e-008 1.15304
8.611435e-008 1.13129
8.631435e-008 1.16961
8.651435e-008 1.2107
8.671435e-008 1.17755
8.691435e-008 1.07604
8.711435e-008 1.03254
8.731435e-008 1.05326
8.751435e-008 1.07328
8.771435e-008 1.13647
8.791435e-008 1.23901
8.811435e-008 1.26283
8.831435e-008 1.22485
8.851435e-008 1.28251
8.871435e-008 1.39369
8.891435e-008 1.34432
8.911435e-008 1.13577
8.931435e-008 0.998012
8.951435e-008 1.03599
8.971435e-008 1.12507
8.991435e-008 1.1489
9.011435e-008 1.13647
9.031435e-008 1.1375
9.051435e-008 1.11022
9.071435e-008 1.05636
9.091435e-008 1.06983
9.111435e-008 1.13647
9.131435e-008 1.14233
9.151435e-008 1.09849
9.171435e-008 1.10505
9.191435e-008 1.11264
9.211435e-008 1.01355
9.231435e-008 0.932756
9.251435e-008 1.02874
9.271435e-008 1.18618
9.291435e-008 1.25766
9.311435e-008 1.23901
9.331435e-008 1.17859
9.351435e-008 1.1451
9.371435e-008 1.14406
9.391435e-008 1.14303
9.411435e-008 1.12024
9.431435e-008 1.03634
9.451435e-008 0.98282
9.471435e-008 1.05982
9.491435e-008 1.10297
9.511435e-008 1.03392
9.531435e-008 1.04013
9.551435e-008 1.16719
9.571435e-008 1.29391
9.591435e-008 1.32395
9.611435e-008 1.22693
9.631435e-008 1.08847
9.651435e-008 1.03323
9.671435e-008 1.10505
9.691435e-008 1.20034
9.711435e-008 1.19413
9.731435e-008 1.11609
9.751435e-008 1.03979
9.771435e-008 0.987309
9.791435e-008 1.00526
9.811435e-008 1.1047
9.831435e-008 1.17445
9.851435e-008 1.1192
9.871435e-008 1.01251
9.891435e-008 1.04152
9.911435e-008 1.20863
9.931435e-008 1.30703
9.951435e-008 1.30254
9.971435e-008 1.30323
9.991435e-008 1.28666
1.001144e-007 1.21484
1.003144e-007 1.16374
1.005144e-007 1.20414
1.007144e-007 1.27837
1.009144e-007 1.27665
1.011144e-007 1.2176
1.013144e-007 1.18929
1.015144e-007 1.21173
1.017144e-007 1.22796
1.019144e-007 1.19171
1.021144e-007 1.15235
1.023144e-007 1.16305
1.025144e-007 1.21312
1.027144e-007 1.2359
1.029144e-007 1.18239
1.031144e-007 1.09158
1.033144e-007 1.04773
1.035144e-007 1.15131
1.037144e-007 1.3526
1.039144e-007 1.41613
1.041144e-007 1.3022
1.043144e-007 1.19171
1.045144e-007 1.14268
1.047144e-007 1.15131
1.049144e-007 1.22313
1.051144e-007 1.2435
1.053144e-007 1.14786
1.055144e-007 1.05567
1.057144e-007 1.06983
1.059144e-007 1.15994
1.061144e-007 1.20483
1.063144e-007 1.14441
1.065144e-007 1.06638
1.067144e-007 1.06292
1.069144e-007 1.09918
1.071144e-007 1.07777
1.073144e-007 1.0132
1.075144e-007 1.00008
1.077144e-007 1.00733
1.079144e-007 0.979713
1.081144e-007 1.00008
1.083144e-007 1.12611
1.085144e-007 1.27078
1.087144e-007 1.29702
1.089144e-007 1.19205
1.091144e-007 1.11817
1.093144e-007 1.16443
1.095144e-007 1.20414
1.097144e-007 1.16581
1.099144e-007 1.16132
1.101144e-007 1.19689
1.103144e-007 1.12231
1.105144e-007 0.985237
1.107144e-007 1.00975
1.109144e-007 1.14233
1.111144e-007 1.12024
1.113144e-007 1.01044
1.115144e-007 1.094
1.117144e-007 1.31462
1.119144e-007 1.37885
1.121144e-007 1.2359
1.123144e-007 1.07225
1.125144e-007 1.02598
1.127144e-007 1.11989
1.129144e-007 1.2618
1.131144e-007 1.32982
1.133144e-007 1.28286
1.135144e-007 1.15891
1.137144e-007 1.04842
1.139144e-007 1.03185
1.141144e-007 1.09538
1.143144e-007 1.11989
1.145144e-007 1.0826
1.147144e-007 1.08467
1.149144e-007 1.12162
1.151144e-007 1.14337
1.153144e-007 1.1375
1.155144e-007 1.09607
1.157144e-007 1.08467
1.159144e-007 1.12818
1.161144e-007 1.16788
1.163144e-007 1.23072
1.165144e-007 1.33776
1.167144e-007 1.39645
1.169144e-007 1.32533
1.171144e-007 1.19551
1.173144e-007 1.17859
1.175144e-007 1.23936
1.177144e-007 1.20794
1.179144e-007 1.13094
1.181144e-007 1.13923
1.183144e-007 1.21312
1.185144e-007 1.30945
1.187144e-007 1.40301
1.189144e-007 1.35916
1.191144e-007 1.16029
1.193144e-007 1.01251
1.195144e-007 1.01044
1.197144e-007 1.0902
1.199144e-007 1.16823
1.201144e-007 1.18791
1.203144e-007 1.19067
1.205144e-007 1.23038
1.207144e-007 1.23314
1.209144e-007 1.14303
1.211144e-007 1.03599
1.213144e-007 0.966592
1.215144e-007 0.956925
1.217144e-007 1.02978
1.219144e-007 1.12196
1.221144e-007 1.14855
1.223144e-007 1.1047
1.225144e-007 1.01735
1.227144e-007 0.960377
1.229144e-007 1.00388
1.231144e-007 1.08053
1.233144e-007 1.12196
1.235144e-007 1.15338
1.237144e-007 1.15166
1.239144e-007 1.0864
1.241144e-007 1.02184
1.243144e-007 1.01251
1.245144e-007 1.03047
1.247144e-007 1.06016
1.249144e-007 1.11782
1.251144e-007 1.18204
1.253144e-007 1.20586
1.255144e-007 1.20345
1.257144e-007 1.2397
1.259144e-007 1.25386
1.261144e-007 1.15822
1.263144e-007 1.05567
1.265144e-007 1.08847
1.267144e-007 1.23211
1.269144e-007 1.29943
1.271144e-007 1.21657
1.273144e-007 1.12438
1.275144e-007 1.10332
1.277144e-007 1.1268
1.279144e-007 1.16167
1.281144e-007 1.15338
1.283144e-007 1.07328
1.285144e-007 1.017
1.287144e-007 1.11368
1.289144e-007 1.29598
1.291144e-007 1.38713
1.293144e-007 1.36642
1.295144e-007 1.30979
1.297144e-007 1.22451
1.299144e-007 1.16063
1.301144e-007 1.21139
1.303144e-007 1.26042
1.305144e-007 1.20207
1.307144e-007 1.18757
1.309144e-007 1.27078
1.311144e-007 1.32498
1.313144e-007 1.3236
1.315144e-007 1.32809
1.317144e-007 1.33154
1.319144e-007 1.3312
1.321144e-007 1.35191
1.323144e-007 1.34812
1.325144e-007 1.31773
1.327144e-007 1.33085
1.329144e-007 1.36814
1.331144e-007 1.36434
1.333144e-007 1.36089
1.335144e-007 1.41682
1.337144e-007 1.47
1.339144e-007 1.42408
1.341144e-007 1.32533
1.343144e-007 1.28769
1.345144e-007 1.27665
1.347144e-007 1.26145
1.349144e-007 1.31359
1.351144e-007 1.38057
1.353144e-007 1.39507
1.355144e-007 1.42097
1.357144e-007 1.42684
1.359144e-007 1.34328
1.361144e-007 1.29149
1.363144e-007 1.38057
1.365144e-007 1.58014
1.367144e-007 1.74587
1.369144e-007 1.67888
1.371144e-007 1.45964
1.373144e-007 1.33741
1.375144e-007 1.31842
1.377144e-007 1.3495
1.379144e-007 1.45032
1.381144e-007 1.528
1.383144e-007 1.51868
1.385144e-007 1.50176
1.387144e-007 1.50142
1.389144e-007 1.48553
1.391144e-007 1.45791
1.393144e-007 1.42131
1.395144e-007 1.39645
1.397144e-007 1.4113
1.399144e-007 1.43512
1.401144e-007 1.4479
1.403144e-007 1.4769
1.405144e-007 1.50487
1.407144e-007 1.50418
1.409144e-007 1.52766
1.411144e-007 1.56943
1.413144e-007 1.5646
1.415144e-007 1.55908
1.417144e-007 1.58221
1.419144e-007 1.58117
1.421144e-007 1.56115
1.423144e-007 1.55562
1.425144e-007 1.5608
1.427144e-007 1.54216
1.429144e-007 1.45757
1.431144e-007 1.38057
1.433144e-007 1.44963
1.435144e-007 1.56426
1.437144e-007 1.54354
1.439144e-007 1.50763
1.441144e-007 1.57185
1.443144e-007 1.57392
1.445144e-007 1.4845
1.447144e-007 1.49865
1.449144e-007 1.6561
1.451144e-007 1.76796
1.453144e-007 1.67336
1.455144e-007 1.5066
1.457144e-007 1.47621
1.459144e-007 1.50176
1.461144e-007 1.48346
1.463144e-007 1.47794
1.465144e-007 1.47241
1.467144e-007 1.46136
1.469144e-007 1.5028
1.471144e-007 1.58635
1.473144e-007 1.67612
1.475144e-007 1.74345
1.477144e-007 1.75864
1.479144e-007 1.75277
1.481144e-007 1.71514
1.483144e-007 1.60638
1.485144e-007 1.60396
1.487144e-007 1.7835
1.489144e-007 1.86464
1.491144e-007 1.7728
1.493144e-007 1.72791
1.495144e-007 1.73793
1.497144e-007 1.68924
1.499144e-007 1.65644
1.501144e-007 1.6851
1.503144e-007 1.69442
1.505144e-007 1.69684
1.507144e-007 1.69546
1.509144e-007 1.63952
1.511144e-007 1.57738
1.513144e-007 1.57634
1.515144e-007 1.68406
1.517144e-007 1.83944
1.519144e-007 1.86499
1.521144e-007 1.78765
1.523144e-007 1.76762
1.525144e-007 1.75692
1.527144e-007 1.68165
1.529144e-007 1.64816
1.531144e-007 1.69615
1.533144e-007 1.71203
1.535144e-007 1.66576
1.537144e-007 1.65679
1.539144e-007 1.7362
1.541144e-007 1.78765
1.543144e-007 1.7103
1.545144e-007 1.67854
1.547144e-007 1.80629
1.549144e-007 1.84876
1.551144e-007 1.6958
1.553144e-007 1.62088
1.555144e-007 1.70651
1.557144e-007 1.74759
1.559144e-007 1.70651
1.561144e-007 1.66887
1.563144e-007 1.67232
1.565144e-007 1.74034
1.567144e-007 1.81596
1.569144e-007 1.85014
1.571144e-007 1.89123
1.573144e-007 1.91712
1.575144e-007 1.92299
1.577144e-007 1.93887
1.579144e-007 1.89917
1.581144e-007 1.83633
1.583144e-007 1.80767
1.585144e-007 1.7652
1.587144e-007 1.72584
1.589144e-007 1.72722
1.591144e-007 1.75139
1.593144e-007 1.8018
1.595144e-007 1.87569
1.597144e-007 1.90538
1.599144e-007 1.86878
1.601144e-007 1.85843
1.603144e-007 1.89088
1.605144e-007 1.90469
1.607144e-007 1.9299
1.609144e-007 2.02208
1.611144e-007 2.13222
1.613144e-007 2.13775
1.615144e-007 1.99308
1.617144e-007 1.81389
1.619144e-007 1.73965
1.621144e-007 1.74172
1.623144e-007 1.73137
1.625144e-007 1.71341
1.627144e-007 1.72204
1.629144e-007 1.82942
1.631144e-007 2.02623
1.633144e-007 2.12118
1.635144e-007 2.07456
1.637144e-007 2.06283
1.639144e-007 2.10081
1.641144e-007 2.08389
1.643144e-007 2.04211
1.645144e-007 2.03486
1.647144e-007 2.04729
1.649144e-007 2.07456
1.651144e-007 2.11185
1.653144e-007 2.0718
1.655144e-007 1.96857
1.657144e-007 1.95993
1.659144e-007 2.02588
1.661144e-007 2.05937
1.663144e-007 2.0794
1.665144e-007 2.08699
1.667144e-007 2.07249
1.669144e-007 2.08734
1.671144e-007 2.11945
1.673144e-007 2.10322
1.675144e-007 2.07526
1.677144e-007 2.13809
1.679144e-007 2.24582
1.681144e-007 2.26999
1.683144e-007 2.23028
1.685144e-007 2.18919
1.687144e-007 2.14673
1.689144e-007 2.13499
1.691144e-007 2.15605
1.693144e-007 2.15536
1.695144e-007 2.15777
1.697144e-007 2.1816
1.699144e-007 2.1343
1.701144e-007 2.03279
1.703144e-007 2.01587
1.705144e-007 2.06731
1.707144e-007 2.08803
1.709144e-007 2.07595
1.711144e-007 2.02208
1.713144e-007 1.94336
1.715144e-007 1.93508
1.717144e-007 1.98134
1.719144e-007 2.00862
1.721144e-007 2.05523
1.723144e-007 2.13948
1.725144e-007 2.19575
1.727144e-007 2.20818
1.729144e-007 2.23788
1.731144e-007 2.30037
1.733144e-007 2.31142
1.735144e-007 2.22786
1.737144e-007 2.12083
1.739144e-007 2.07077
1.741144e-007 2.0901
1.743144e-007 2.15501
1.745144e-007 2.22338
1.747144e-007 2.22407
1.749144e-007 2.14673
1.751144e-007 2.07836
1.753144e-007 2.10495
1.755144e-007 2.22372
1.757144e-007 2.35113
1.759144e-007 2.38531
1.761144e-007 2.27827
1.763144e-007 2.14535
1.765144e-007 2.12877
1.767144e-007 2.20093
1.769144e-007 2.27102
1.771144e-007 2.27931
1.773144e-007 2.22648
1.775144e-007 2.1854
1.777144e-007 2.17987
1.779144e-007 2.12601
1.781144e-007 2.04245
1.783144e-007 2.04418
1.785144e-007 2.12774
1.787144e-007 2.21889
1.789144e-007 2.19817
1.791144e-007 2.09494
1.793144e-007 2.15708
1.795144e-007 2.37909
1.797144e-007 2.5279
1.799144e-007 2.51133
1.801144e-007 2.3494
1.803144e-007 2.20611
1.805144e-007 2.25859
1.807144e-007 2.4005
1.809144e-007 2.45816
1.811144e-007 2.43917
1.813144e-007 2.36148
1.815144e-007 2.25618
1.817144e-007 2.24755
1.819144e-007 2.3021
1.821144e-007 2.26653
1.823144e-007 2.17918
1.825144e-007 2.16399
1.827144e-007 2.2548
1.829144e-007 2.37599
1.831144e-007 2.39532
1.833144e-007 2.36079
1.835144e-007 2.40015
1.837144e-007 2.45954
1.839144e-007 2.48647
1.841144e-007 2.54102
1.843144e-007 2.60628
1.845144e-007 2.61008
1.847144e-007 2.58902
1.849144e-007 2.57175
1.851144e-007 2.50788
1.853144e-007 2.4371
1.855144e-007 2.42432
1.857144e-007 2.444
1.859144e-007 2.45298
1.861144e-007 2.45954
1.863144e-007 2.4592
1.865144e-007 2.41327
1.867144e-007 2.36494
1.869144e-007 2.38669
1.871144e-007 2.44331
1.873144e-007 2.45333
1.875144e-007 2.4478
1.877144e-007 2.48751
1.879144e-007 2.50374
1.881144e-007 2.47266
1.883144e-007 2.45747
1.885144e-007 2.46403
1.887144e-007 2.49269
1.889144e-007 2.53239
1.891144e-007 2.54689
1.893144e-007 2.51617
1.895144e-007 2.43641
1.897144e-007 2.36597
1.899144e-007 2.40223
1.901144e-007 2.53619
1.903144e-007 2.62147
1.905144e-007 2.58142
1.907144e-007 2.49718
1.909144e-007 2.43088
1.911144e-007 2.43744
1.913144e-007 2.52652
1.915144e-007 2.55276
1.917144e-007 2.51893
1.919144e-007 2.54379
1.921144e-007 2.52238
1.923144e-007 2.43917
1.925144e-007 2.50615
1.927144e-007 2.67913
1.929144e-007 2.74439
1.931144e-007 2.73886
1.933144e-007 2.75129
1.935144e-007 2.75958
1.937144e-007 2.74715
1.939144e-007 2.65255
1.941144e-007 2.51582
1.943144e-007 2.4699
1.945144e-007 2.48992
1.947144e-007 2.48751
1.949144e-007 2.46679
1.951144e-007 2.48336
1.953144e-007 2.51789
1.955144e-007 2.51271
1.957144e-007 2.50961
1.959144e-007 2.59868
1.961144e-007 2.7506
1.963144e-007 2.82484
1.965144e-007 2.76545
1.967144e-007 2.62423
1.969144e-007 2.49062
1.971144e-007 2.48302
1.973144e-007 2.59005
1.975144e-007 2.63632
1.977144e-007 2.58039
1.979144e-007 2.58039
1.981144e-007 2.68949
1.983144e-007 2.77995
1.985144e-007 2.78237
1.987144e-007 2.76441
1.989144e-007 2.77132
1.991144e-007 2.7475
1.993144e-007 2.67085
1.995144e-007 2.60973
1.997144e-007 2.6484
1.999144e-007 2.77995
2.001144e-007 2.84176
2.003144e-007 2.762
2.005144e-007 2.67257
2.007144e-007 2.63977
2.009144e-007 2.60421
2.011144e-007 2.55725
2.013144e-007 2.59661
2.015144e-007 2.73541
2.017144e-007 2.84348
2.019144e-007 2.87559
2.021144e-007 2.88388
2.023144e-007 2.85695
2.025144e-007 2.7475
2.027144e-007 2.63252
2.029144e-007 2.63183
2.031144e-007 2.72471
2.033144e-007 2.82967
2.035144e-007 2.87559
2.037144e-007 2.82346
2.039144e-007 2.74853
2.041144e-007 2.73196
2.043144e-007 2.74128
2.045144e-007 2.73714
2.047144e-007 2.76441
2.049144e-007 2.83036
2.051144e-007 2.86454
2.053144e-007 2.8642
2.055144e-007 2.90839
2.057144e-007 3.00092
2.059144e-007 3.04995
2.061144e-007 3.01232
2.063144e-007 2.88664
2.065144e-007 2.74922
2.067144e-007 2.75716
2.069144e-007 2.86075
2.071144e-007 2.91081
2.073144e-007 2.94534
2.075144e-007 3.00749
2.077144e-007 3.03994
2.079144e-007 3.02958
2.081144e-007 3.00541
2.083144e-007 2.95811
2.085144e-007 2.89596
2.087144e-007 2.85798
2.089144e-007 2.83347
2.091144e-007 2.82587
2.093144e-007 2.8528
2.095144e-007 2.8421
2.097144e-007 2.79583
2.099144e-007 2.81724
2.101144e-007 2.86282
2.103144e-007 2.81517
2.105144e-007 2.70606
2.107144e-007 2.65462
2.109144e-007 2.70779
2.111144e-007 2.81793
2.113144e-007 2.94396
2.115144e-007 3.05789
2.117144e-007 3.05513
2.119144e-007 2.91841
2.121144e-007 2.83209
2.123144e-007 2.90667
2.125144e-007 3.02475
2.127144e-007 3.0793
2.129144e-007 3.12281
2.131144e-007 3.17632
2.133144e-007 3.12626
2.135144e-007 2.97089
2.137144e-007 2.9153
2.139144e-007 3.02751
2.141144e-007 3.13627
2.143144e-007 3.12004
2.145144e-007 3.02406
2.147144e-007 2.94568
2.149144e-007 2.92048
2.151144e-007 2.9153
2.153144e-007 2.90943
2.155144e-007 2.94085
2.157144e-007 3.00852
2.159144e-007 3.06376
2.161144e-007 3.12453
2.163144e-007 3.19324
2.165144e-007 3.2074
2.167144e-007 3.1563
2.169144e-007 3.13593
2.171144e-007 3.22397
2.173144e-007 3.31512
2.175144e-007 3.28094
2.177144e-007 3.18426
2.179144e-007 3.12246
2.181144e-007 3.11348
2.183144e-007 3.12971
2.185144e-007 3.12591
2.187144e-007 3.12902
2.189144e-007 3.15422
2.191144e-007 3.12867
2.193144e-007 3.07827
2.195144e-007 3.07067
2.197144e-007 3.06411
2.199144e-007 2.99747
2.201144e-007 2.91115
2.203144e-007 2.97089
2.205144e-007 3.19531
2.207144e-007 3.32479
2.209144e-007 3.25677
2.211144e-007 3.19324
2.213144e-007 3.26575
2.215144e-007 3.34447
2.217144e-007 3.27783
2.219144e-007 3.15181
2.221144e-007 3.11348
2.223144e-007 3.15492
2.225144e-007 3.20084
2.227144e-007 3.18979
2.229144e-007 3.07205
2.231144e-007 2.92807
2.233144e-007 2.94257
2.235144e-007 3.08344
2.237144e-007 3.19876
2.239144e-007 3.29648
2.241144e-007 3.35828
2.243144e-007 3.33687
2.245144e-007 3.33169
2.247144e-007 3.36173
2.249144e-007 3.34067
2.251144e-007 3.33307
2.253144e-007 3.36104
2.255144e-007 3.29613
2.257144e-007 3.15457
2.259144e-007 3.08621
2.261144e-007 3.12315
2.263144e-007 3.1563
2.265144e-007 3.11935
2.267144e-007 3.06307
2.269144e-007 3.05824
2.271144e-007 3.0976
2.273144e-007 3.15492
2.275144e-007 3.24745
2.277144e-007 3.31409
2.279144e-007 3.2944
2.281144e-007 3.27714
2.283144e-007 3.30235
2.285144e-007 3.3386
2.287144e-007 3.38487
2.289144e-007 3.37761
2.291144e-007 3.32651
2.293144e-007 3.2913
2.295144e-007 3.21016
2.297144e-007 3.15008
2.299144e-007 3.22293
2.301144e-007 3.31132
2.303144e-007 3.34585
2.305144e-007 3.4042
2.307144e-007 3.45841
2.309144e-007 3.43493
2.311144e-007 3.36553
2.313144e-007 3.29717
2.315144e-007 3.2654
2.317144e-007 3.34274
2.319144e-007 3.466
2.321144e-007 3.47947
2.323144e-007 3.43044
2.325144e-007 3.43458
2.327144e-007 3.47602
2.329144e-007 3.48741
2.331144e-007 3.42181
2.333144e-007 3.33066
2.335144e-007 3.3127
2.337144e-007 3.34861
2.339144e-007 3.35345
2.341144e-007 3.34171
2.343144e-007 3.34792
2.345144e-007 3.33273
2.347144e-007 3.30304
2.349144e-007 3.331
2.351144e-007 3.41663
2.353144e-007 3.45668
2.355144e-007 3.3859
2.357144e-007 3.29475
2.359144e-007 3.31236
2.361144e-007 3.39315
2.363144e-007 3.40075
2.365144e-007 3.36346
2.367144e-007 3.37244
2.369144e-007 3.37831
2.371144e-007 3.34309
2.373144e-007 3.32928
2.375144e-007 3.38107
2.377144e-007 3.47912
2.379144e-007 3.54818
2.381144e-007 3.49432
2.383144e-007 3.38832
2.385144e-007 3.41698
2.387144e-007 3.52953
2.389144e-007 3.55439
2.391144e-007 3.50122
2.393144e-007 3.4446
2.395144e-007 3.44529
2.397144e-007 3.54058
2.399144e-007 3.62621
2.401144e-007 3.58823
2.403144e-007 3.49224
2.405144e-007 3.45426
2.407144e-007 3.51814
2.409144e-007 3.63864
2.411144e-007 3.68801
2.413144e-007 3.60895
2.415144e-007 3.48016
2.417144e-007 3.3897
2.419144e-007 3.35932
2.421144e-007 3.36691
2.423144e-007 3.37761
2.425144e-007 3.42112
2.427144e-007 3.54162
2.429144e-007 3.64416
2.431144e-007 3.66971
2.433144e-007 3.69941
2.435144e-007 3.72565
2.437144e-007 3.67006
2.439144e-007 3.54404
2.441144e-007 3.48879
2.443144e-007 3.5903
2.445144e-007 3.6742
2.447144e-007 3.59893
2.449144e-007 3.50191
2.451144e-007 3.53126
2.453144e-007 3.62897
2.455144e-007 3.649
2.457144e-007 3.56648
2.459144e-007 3.50122
2.461144e-007 3.52021
2.463144e-007 3.55888
2.465144e-007 3.59617
2.467144e-007 3.66074
2.469144e-007 3.67075
2.471144e-007 3.57545
2.473144e-007 3.49742
2.475144e-007 3.51641
2.477144e-007 3.58098
2.479144e-007 3.6704
2.481144e-007 3.7764
2.483144e-007 3.83717
2.485144e-007 3.82232
2.487144e-007 3.7657
2.489144e-007 3.69906
2.491144e-007 3.6307
2.493144e-007 3.58581
2.495144e-007 3.57131
2.497144e-007 3.56959
2.499144e-007 3.58374
2.501144e-007 3.59962
2.503144e-007 3.61102
2.505144e-007 3.64209
2.507144e-007 3.69285
2.509144e-007 3.71046
2.511144e-007 3.68801
2.513144e-007 3.71909
2.515144e-007 3.79332
2.517144e-007 3.81749
2.519144e-007 3.78918
2.521144e-007 3.7291
