-2.480184e-007 10.1328
-2.478184e-007 9.98091
-2.476184e-007 9.95329
-2.474184e-007 10.031
-2.472184e-007 10.0413
-2.470184e-007 10.0482
-2.468184e-007 10.1149
-2.466184e-007 10.1684
-2.464184e-007 10.1522
-2.462184e-007 10.0527
-2.460184e-007 9.98229
-2.458184e-007 10.0375
-2.456184e-007 10.0897
-2.454184e-007 10.042
-2.452184e-007 9.97538
-2.450184e-007 9.94949
-2.448184e-007 9.96365
-2.446184e-007 9.97573
-2.444184e-007 9.96296
-2.442184e-007 10.031
-2.440184e-007 10.1684
-2.438184e-007 10.158
-2.436184e-007 9.99748
-2.434184e-007 9.91738
-2.432184e-007 9.98091
-2.430184e-007 10.0814
-2.428184e-007 10.1339
-2.426184e-007 10.0848
-2.424184e-007 9.98643
-2.422184e-007 9.95018
-2.420184e-007 9.95018
-2.418184e-007 9.96019
-2.416184e-007 10.0172
-2.414184e-007 10.0548
-2.412184e-007 10.0365
-2.410184e-007 10.04
-2.408184e-007 10.0821
-2.406184e-007 10.0835
-2.404184e-007 10.0144
-2.402184e-007 9.95881
-2.400184e-007 9.97538
-2.398184e-007 10.0324
-2.396184e-007 10.1093
-2.394184e-007 10.1705
-2.392184e-007 10.1432
-2.390184e-007 10.0268
-2.388184e-007 9.92221
-2.386184e-007 9.94949
-2.384184e-007 10.0479
-2.382184e-007 10.0358
-2.380184e-007 9.96399
-2.378184e-007 10.0337
-2.376184e-007 10.1712
-2.374184e-007 10.1252
-2.372184e-007 9.96365
-2.370184e-007 9.97228
-2.368184e-007 10.1311
-2.366184e-007 10.1556
-2.364184e-007 10.0192
-2.362184e-007 9.95743
-2.360184e-007 10.0082
-2.358184e-007 10.0334
-2.356184e-007 9.99955
-2.354184e-007 9.93671
-2.352184e-007 9.89563
-2.350184e-007 9.93568
-2.348184e-007 10.0065
-2.346184e-007 10.0475
-2.344184e-007 10.0807
-2.342184e-007 10.1014
-2.340184e-007 10.1194
-2.338184e-007 10.1739
-2.336184e-007 10.2084
-2.334184e-007 10.1684
-2.332184e-007 10.1
-2.330184e-007 9.98333
-2.328184e-007 9.8245
-2.326184e-007 9.7993
-2.324184e-007 9.92118
-2.322184e-007 10.0327
-2.320184e-007 10.1131
-2.318184e-007 10.1698
-2.316184e-007 10.1308
-2.314184e-007 10.023
-2.312184e-007 10.0127
-2.310184e-007 10.1125
-2.308184e-007 10.1256
-2.306184e-007 10.0389
-2.304184e-007 9.99645
-2.302184e-007 10.0027
-2.300184e-007 9.974
-2.298184e-007 9.88423
-2.296184e-007 9.85281
-2.294184e-007 9.98298
-2.292184e-007 10.1456
-2.290184e-007 10.175
-2.288184e-007 10.0538
-2.286184e-007 9.8428
-2.284184e-007 9.69503
-2.282184e-007 9.73887
-2.280184e-007 9.88838
-2.278184e-007 10.0065
-2.276184e-007 10.0814
-2.274184e-007 10.1346
-2.272184e-007 10.1401
-2.270184e-007 10.1252
-2.268184e-007 10.1632
-2.266184e-007 10.204
-2.264184e-007 10.1163
-2.262184e-007 9.9526
-2.260184e-007 9.91842
-2.258184e-007 9.98505
-2.256184e-007 9.97193
-2.254184e-007 9.93084
-2.252184e-007 9.96744
-2.250184e-007 10.0054
-2.248184e-007 9.98229
-2.246184e-007 9.92877
-2.244184e-007 9.88734
-2.242184e-007 9.90253
-2.240184e-007 9.95398
-2.238184e-007 9.98678
-2.236184e-007 10.0234
-2.234184e-007 10.1021
-2.232184e-007 10.1933
-2.230184e-007 10.2298
-2.228184e-007 10.1791
-2.226184e-007 10.0748
-2.224184e-007 9.97124
-2.222184e-007 9.90633
-2.220184e-007 9.90737
-2.218184e-007 9.98264
-2.216184e-007 10.0828
-2.214184e-007 10.079
-2.212184e-007 9.95639
-2.210184e-007 9.89666
-2.208184e-007 9.96434
-2.206184e-007 10.0054
-2.204184e-007 9.91669
-2.202184e-007 9.79688
-2.200184e-007 9.79999
-2.198184e-007 9.88561
-2.196184e-007 9.93223
-2.194184e-007 9.97159
-2.192184e-007 10.0144
-2.190184e-007 9.99472
-2.188184e-007 9.95156
-2.186184e-007 9.9671
-2.184184e-007 10.042
-2.182184e-007 10.0721
-2.180184e-007 10.0009
-2.178184e-007 9.97884
-2.176184e-007 10.0741
-2.174184e-007 10.1021
-2.172184e-007 10.0109
-2.170184e-007 9.96123
-2.168184e-007 9.97849
-2.166184e-007 9.9557
-2.164184e-007 9.90737
-2.162184e-007 9.93223
-2.160184e-007 10.023
-2.158184e-007 10.1204
-2.156184e-007 10.1542
-2.154184e-007 10.0897
-2.152184e-007 10.0254
-2.150184e-007 10.0172
-2.148184e-007 10.0137
-2.146184e-007 10.0244
-2.144184e-007 10.0838
-2.142184e-007 10.1435
-2.140184e-007 10.1432
-2.138184e-007 10.0904
-2.136184e-007 10.0413
-2.134184e-007 10.0002
-2.132184e-007 9.92567
-2.130184e-007 9.91358
-2.128184e-007 10.0441
-2.126184e-007 10.1349
-2.124184e-007 10.0855
-2.122184e-007 10.0724
-2.120184e-007 10.1321
-2.118184e-007 10.1346
-2.116184e-007 10.0911
-2.114184e-007 10.0555
-2.112184e-007 10.0154
-2.110184e-007 10.013
-2.108184e-007 10.0803
-2.106184e-007 10.1466
-2.104184e-007 10.1232
-2.102184e-007 10.0058
-2.100184e-007 9.92152
-2.098184e-007 9.94535
-2.096184e-007 9.94776
-2.094184e-007 9.8718
-2.092184e-007 9.86732
-2.090184e-007 9.96986
-2.088184e-007 10.0372
-2.086184e-007 10.012
-2.084184e-007 9.92739
-2.082184e-007 9.84418
-2.080184e-007 9.85627
-2.078184e-007 9.92083
-2.076184e-007 9.93602
-2.074184e-007 9.98367
-2.072184e-007 10.1166
-2.070184e-007 10.2002
-2.068184e-007 10.1384
-2.066184e-007 10.0147
-2.064184e-007 9.96434
-2.062184e-007 9.97918
-2.060184e-007 9.97677
-2.058184e-007 9.96917
-2.056184e-007 9.97849
-2.054184e-007 9.96296
-2.052184e-007 9.93188
-2.050184e-007 9.92705
-2.048184e-007 9.94742
-2.046184e-007 9.97677
-2.044184e-007 9.95778
-2.042184e-007 9.90806
-2.040184e-007 9.92083
-2.038184e-007 9.94258
-2.036184e-007 9.87871
-2.034184e-007 9.78341
-2.032184e-007 9.78549
-2.030184e-007 9.90599
-2.028184e-007 10.042
-2.026184e-007 10.1107
-2.024184e-007 10.0669
-2.022184e-007 9.97642
-2.020184e-007 10.0179
-2.018184e-007 10.0966
-2.016184e-007 9.98574
-2.014184e-007 9.84384
-2.012184e-007 9.89217
-2.010184e-007 10.0116
-2.008184e-007 10.0527
-2.006184e-007 10.0355
-2.004184e-007 9.98574
-2.002184e-007 9.93257
-2.000184e-007 9.97538
-1.998184e-007 10.128
-1.996184e-007 10.2288
-1.994184e-007 10.1656
-1.992184e-007 10.0358
-1.990184e-007 9.96261
-1.988184e-007 9.94983
-1.986184e-007 9.97918
-1.984184e-007 10.0348
-1.982184e-007 10.0324
-1.980184e-007 9.97918
-1.978184e-007 10.0289
-1.976184e-007 10.1418
-1.974184e-007 10.1283
-1.972184e-007 10.0078
-1.970184e-007 9.94189
-1.968184e-007 9.98436
-1.966184e-007 10.052
-1.964184e-007 10.0579
-1.962184e-007 10.0254
-1.960184e-007 10.0365
-1.958184e-007 10.0738
-1.956184e-007 10.0493
-1.954184e-007 9.99437
-1.952184e-007 10.0403
-1.950184e-007 10.1625
-1.948184e-007 10.2081
-1.946184e-007 10.1156
-1.944184e-007 9.98333
-1.942184e-007 9.97297
-1.940184e-007 10.0582
-1.938184e-007 10.0983
-1.936184e-007 10.0914
-1.934184e-007 10.0555
-1.932184e-007 9.9923
-1.930184e-007 10.0051
-1.928184e-007 10.0859
-1.926184e-007 10.0527
-1.924184e-007 9.89217
-1.922184e-007 9.80793
-1.920184e-007 9.87974
-1.918184e-007 10.0065
-1.916184e-007 10.1087
-1.914184e-007 10.1656
-1.912184e-007 10.1957
-1.910184e-007 10.2102
-1.908184e-007 10.1953
-1.906184e-007 10.1311
-1.904184e-007 10.0168
-1.902184e-007 9.96744
-1.900184e-007 10.023
-1.898184e-007 10.0344
-1.896184e-007 9.98402
-1.894184e-007 9.96399
-1.892184e-007 9.96503
-1.890184e-007 9.97124
-1.888184e-007 9.99403
-1.886184e-007 9.9778
-1.884184e-007 9.89873
-1.882184e-007 9.85627
-1.880184e-007 9.89183
-1.878184e-007 9.93879
-1.876184e-007 9.94086
-1.874184e-007 9.88182
-1.872184e-007 9.86214
-1.870184e-007 9.97504
-1.868184e-007 10.1066
-1.866184e-007 10.1211
-1.864184e-007 10.0382
-1.862184e-007 9.96468
-1.860184e-007 9.99196
-1.858184e-007 10.1018
-1.856184e-007 10.1494
-1.854184e-007 10.0393
-1.852184e-007 9.92221
-1.850184e-007 9.945
-1.848184e-007 10.003
-1.846184e-007 9.97849
-1.844184e-007 9.94914
-1.842184e-007 10.0375
-1.840184e-007 10.1539
-1.838184e-007 10.1176
-1.836184e-007 9.97815
-1.834184e-007 9.91427
-1.832184e-007 9.96365
-1.830184e-007 10.0759
-1.828184e-007 10.1708
-1.826184e-007 10.1642
-1.824184e-007 10.0983
-1.822184e-007 10.07
-1.820184e-007 10.0731
-1.818184e-007 10.0607
-1.816184e-007 10.0327
-1.814184e-007 9.97297
-1.812184e-007 9.90771
-1.810184e-007 9.92774
-1.808184e-007 9.97849
-1.806184e-007 9.97573
-1.804184e-007 10.0002
-1.802184e-007 10.0551
-1.800184e-007 10.0541
-1.798184e-007 10.0455
-1.796184e-007 10.0883
-1.794184e-007 10.139
-1.792184e-007 10.1515
-1.790184e-007 10.1387
-1.788184e-007 10.1093
-1.786184e-007 10.061
-1.784184e-007 10.0217
-1.782184e-007 10.0248
-1.780184e-007 10.0496
-1.778184e-007 10.012
-1.776184e-007 9.96848
-1.774184e-007 10.033
-1.772184e-007 10.0921
-1.770184e-007 10.0548
-1.768184e-007 10.0116
-1.766184e-007 9.99023
-1.764184e-007 9.97573
-1.762184e-007 9.98781
-1.760184e-007 10.0078
-1.758184e-007 10.0206
-1.756184e-007 10.04
-1.754184e-007 10.0427
-1.752184e-007 10.0258
-1.750184e-007 10.0306
-1.748184e-007 10.0603
-1.746184e-007 10.1118
-1.744184e-007 10.1301
-1.742184e-007 10.0092
-1.740184e-007 9.86455
-1.738184e-007 9.91358
-1.736184e-007 10.0776
-1.734184e-007 10.1556
-1.732184e-007 10.1242
-1.730184e-007 10.0576
-1.728184e-007 10.0482
-1.726184e-007 10.0904
-1.724184e-007 10.0624
-1.722184e-007 9.96088
-1.720184e-007 9.9046
-1.718184e-007 9.91013
-1.716184e-007 9.89701
-1.714184e-007 9.87733
-1.712184e-007 9.8756
-1.710184e-007 9.84902
-1.708184e-007 9.82899
-1.706184e-007 9.88631
-1.704184e-007 9.99955
-1.702184e-007 10.0721
-1.700184e-007 10.0572
-1.698184e-007 9.99679
-1.696184e-007 9.96192
-1.694184e-007 9.96054
-1.692184e-007 9.9381
-1.690184e-007 9.92981
-1.688184e-007 9.95674
-1.686184e-007 9.94673
-1.684184e-007 9.92187
-1.682184e-007 9.92912
-1.680184e-007 9.94017
-1.678184e-007 9.95156
-1.676184e-007 9.96261
-1.674184e-007 9.99507
-1.672184e-007 10.0576
-1.670184e-007 10.0783
-1.668184e-007 10.0748
-1.666184e-007 10.0679
-1.664184e-007 9.95847
-1.662184e-007 9.82485
-1.660184e-007 9.86179
-1.658184e-007 9.97469
-1.656184e-007 9.96296
-1.654184e-007 9.87526
-1.652184e-007 9.85281
-1.650184e-007 9.89873
-1.648184e-007 9.9305
-1.646184e-007 9.94604
-1.644184e-007 9.99576
-1.642184e-007 10.0627
-1.640184e-007 10.1339
-1.638184e-007 10.1901
-1.636184e-007 10.1422
-1.634184e-007 10.031
-1.632184e-007 10.0227
-1.630184e-007 10.1024
-1.628184e-007 10.1076
-1.626184e-007 10.0365
-1.624184e-007 9.99092
-1.622184e-007 9.95743
-1.620184e-007 9.94949
-1.618184e-007 9.99023
-1.616184e-007 9.96226
-1.614184e-007 9.87249
-1.612184e-007 9.87457
-1.610184e-007 9.92877
-1.608184e-007 9.91151
-1.606184e-007 9.86386
-1.604184e-007 9.86628
-1.602184e-007 9.93844
-1.600184e-007 10.0154
-1.598184e-007 9.99403
-1.596184e-007 9.94983
-1.594184e-007 10.0106
-1.592184e-007 10.1121
-1.590184e-007 10.1677
-1.588184e-007 10.1625
-1.586184e-007 10.1
-1.584184e-007 10.0058
-1.582184e-007 9.8977
-1.580184e-007 9.86006
-1.578184e-007 9.9488
-1.576184e-007 10.0223
-1.574184e-007 10.0034
-1.572184e-007 9.98367
-1.570184e-007 9.98609
-1.568184e-007 9.95018
-1.566184e-007 9.90322
-1.564184e-007 9.92221
-1.562184e-007 9.9229
-1.560184e-007 9.84936
-1.558184e-007 9.82416
-1.556184e-007 9.84246
-1.554184e-007 9.81173
-1.552184e-007 9.79377
-1.550184e-007 9.89735
-1.548184e-007 10.0807
-1.546184e-007 10.1601
-1.544184e-007 10.0586
-1.542184e-007 9.92428
-1.540184e-007 9.93913
-1.538184e-007 10.0444
-1.536184e-007 10.0493
-1.534184e-007 10.0023
-1.532184e-007 10.0527
-1.530184e-007 10.1204
-1.528184e-007 10.0693
-1.526184e-007 9.95225
-1.524184e-007 9.88907
-1.522184e-007 9.88631
-1.520184e-007 9.8939
-1.518184e-007 9.92808
-1.516184e-007 9.98091
-1.514184e-007 9.98678
-1.512184e-007 9.97055
-1.510184e-007 9.99748
-1.508184e-007 10.0344
-1.506184e-007 10.0151
-1.504184e-007 9.974
-1.502184e-007 9.97884
-1.500184e-007 10.0061
-1.498184e-007 10.0013
-1.496184e-007 9.97918
-1.494184e-007 9.98505
-1.492184e-007 9.98402
-1.490184e-007 9.96986
-1.488184e-007 10.0199
-1.486184e-007 10.0752
-1.484184e-007 10.0648
-1.482184e-007 10.0752
-1.480184e-007 10.1497
-1.478184e-007 10.2371
-1.476184e-007 10.2402
-1.474184e-007 10.1356
-1.472184e-007 10.0248
-1.470184e-007 9.98091
-1.468184e-007 10.0576
-1.466184e-007 10.1725
-1.464184e-007 10.1615
-1.462184e-007 10.0741
-1.460184e-007 10.0192
-1.458184e-007 10.0099
-1.456184e-007 10.0237
-1.454184e-007 10.0196
-1.452184e-007 10.0234
-1.450184e-007 10.0703
-1.448184e-007 10.0852
-1.446184e-007 10.0185
-1.444184e-007 9.95916
-1.442184e-007 9.9633
-1.440184e-007 9.94086
-1.438184e-007 9.84211
-1.436184e-007 9.76201
-1.434184e-007 9.78031
-1.432184e-007 9.90012
-1.430184e-007 10.0085
-1.428184e-007 9.98125
-1.426184e-007 9.94673
-1.424184e-007 10.0465
-1.422184e-007 10.1473
-1.420184e-007 10.09
-1.418184e-007 9.93844
-1.416184e-007 9.88838
-1.414184e-007 9.93568
-1.412184e-007 9.88872
-1.410184e-007 9.7993
-1.408184e-007 9.86352
-1.406184e-007 9.94949
-1.404184e-007 9.87664
-1.402184e-007 9.83279
-1.400184e-007 9.94535
-1.398184e-007 10.0413
-1.396184e-007 10.0103
-1.394184e-007 9.91358
-1.392184e-007 9.88389
-1.390184e-007 9.92946
-1.388184e-007 9.92049
-1.386184e-007 9.89977
-1.384184e-007 9.92981
-1.382184e-007 9.90426
-1.380184e-007 9.87249
-1.378184e-007 9.95916
-1.376184e-007 10.0655
-1.374184e-007 10.1021
-1.372184e-007 10.0679
-1.370184e-007 9.93706
-1.368184e-007 9.84004
-1.366184e-007 9.90771
-1.364184e-007 9.97331
-1.362184e-007 9.90253
-1.360184e-007 9.91116
-1.358184e-007 10.0945
-1.356184e-007 10.1853
-1.354184e-007 10.0955
-1.352184e-007 9.97159
-1.350184e-007 9.88838
-1.348184e-007 9.92359
-1.346184e-007 10.0386
-1.344184e-007 10.0955
-1.342184e-007 10.1508
-1.340184e-007 10.2181
-1.338184e-007 10.1687
-1.336184e-007 10.0413
-1.334184e-007 9.9412
-1.332184e-007 9.87526
-1.330184e-007 9.87388
-1.328184e-007 9.93775
-1.326184e-007 10.002
-1.324184e-007 10.0227
-1.322184e-007 9.97573
-1.320184e-007 9.97573
-1.318184e-007 10.1135
-1.316184e-007 10.1705
-1.314184e-007 10.042
-1.312184e-007 9.95916
-1.310184e-007 10.0013
-1.308184e-007 10.0417
-1.306184e-007 10.0268
-1.304184e-007 9.95363
-1.302184e-007 9.91358
-1.300184e-007 9.99127
-1.298184e-007 10.052
-1.296184e-007 10.0327
-1.294184e-007 10.0717
-1.292184e-007 10.1377
-1.290184e-007 10.1239
-1.288184e-007 10.1183
-1.286184e-007 10.1232
-1.284184e-007 10.0614
-1.282184e-007 10.0161
-1.280184e-007 10.0013
-1.278184e-007 9.93464
-1.276184e-007 9.8718
-1.274184e-007 9.93913
-1.272184e-007 10.1252
-1.270184e-007 10.2174
-1.268184e-007 10.1073
-1.266184e-007 9.98678
-1.264184e-007 9.98851
-1.262184e-007 10.0075
-1.260184e-007 9.98781
-1.258184e-007 9.98505
-1.256184e-007 9.99196
-1.254184e-007 9.97297
-1.252184e-007 9.94189
-1.250184e-007 9.90564
-1.248184e-007 9.88182
-1.246184e-007 9.89701
-1.244184e-007 9.93154
-1.242184e-007 9.95881
-1.240184e-007 9.9671
-1.238184e-007 9.95018
-1.236184e-007 9.90944
-1.234184e-007 9.89114
-1.232184e-007 9.90978
-1.230184e-007 9.90012
-1.228184e-007 9.91082
-1.226184e-007 10.0061
-1.224184e-007 10.0676
-1.222184e-007 10.0217
-1.220184e-007 9.95363
-1.218184e-007 9.9488
-1.216184e-007 9.9923
-1.214184e-007 10.0068
-1.212184e-007 9.98505
-1.210184e-007 9.96261
-1.208184e-007 9.887
-1.206184e-007 9.781
-1.204184e-007 9.77133
-1.202184e-007 9.83693
-1.200184e-007 9.92532
-1.198184e-007 10.0185
-1.196184e-007 10.0099
-1.194184e-007 9.91047
-1.192184e-007 9.88216
-1.190184e-007 9.9084
-1.188184e-007 9.89183
-1.186184e-007 9.95191
-1.184184e-007 10.1321
-1.182184e-007 10.205
-1.180184e-007 10.0679
-1.178184e-007 9.89079
-1.176184e-007 9.82726
-1.174184e-007 9.87664
-1.172184e-007 9.96572
-1.170184e-007 9.99817
-1.168184e-007 9.96779
-1.166184e-007 10.0027
-1.164184e-007 10.1142
-1.162184e-007 10.1497
-1.160184e-007 10.079
-1.158184e-007 10.0341
-1.156184e-007 10.0455
-1.154184e-007 10.0199
-1.152184e-007 9.99472
-1.150184e-007 10.0938
-1.148184e-007 10.2564
-1.146184e-007 10.2758
-1.144184e-007 10.1173
-1.142184e-007 9.95156
-1.140184e-007 9.85454
-1.138184e-007 9.81104
-1.136184e-007 9.88044
-1.134184e-007 10.0589
-1.132184e-007 10.1812
-1.130184e-007 10.1169
-1.128184e-007 9.96848
-1.126184e-007 9.9229
-1.124184e-007 9.98091
-1.122184e-007 9.99127
-1.120184e-007 9.89563
-1.118184e-007 9.82795
-1.116184e-007 9.90529
-1.114184e-007 10.041
-1.112184e-007 10.1011
-1.110184e-007 10.1294
-1.108184e-007 10.176
-1.106184e-007 10.1401
-1.104184e-007 10.0355
-1.102184e-007 10.0027
-1.100184e-007 10.0179
-1.098184e-007 9.98781
-1.096184e-007 9.9709
-1.094184e-007 10.0199
-1.092184e-007 10.0752
-1.090184e-007 10.0973
-1.088184e-007 10.0976
-1.086184e-007 10.0911
-1.084184e-007 10.0786
-1.082184e-007 10.0548
-1.080184e-007 10.0182
-1.078184e-007 9.9595
-1.076184e-007 9.89701
-1.074184e-007 9.86317
-1.072184e-007 9.87215
-1.070184e-007 9.91842
-1.068184e-007 9.98471
-1.066184e-007 10.0455
-1.064184e-007 10.0548
-1.062184e-007 10.0379
-1.060184e-007 10.0524
-1.058184e-007 10.042
-1.056184e-007 9.9999
-1.054184e-007 9.98954
-1.052184e-007 9.95743
-1.050184e-007 9.916
-1.048184e-007 9.95674
-1.046184e-007 9.98505
-1.044184e-007 9.93499
-1.042184e-007 9.9305
-1.040184e-007 9.96986
-1.038184e-007 9.96157
-1.036184e-007 9.94431
-1.034184e-007 9.95329
-1.032184e-007 9.98436
-1.030184e-007 10.0569
-1.028184e-007 10.1252
-1.026184e-007 10.1346
-1.024184e-007 10.1366
-1.022184e-007 10.1473
-1.020184e-007 10.1176
-1.018184e-007 10.06
-1.016184e-007 10.0078
-1.014184e-007 9.99886
-1.012184e-007 10.002
-1.010184e-007 9.95018
-1.008184e-007 9.9198
-1.006184e-007 9.98298
-1.004184e-007 10.0358
-1.002184e-007 9.99748
-1.000184e-007 9.9671
-9.981839e-008 10.0158
-9.961839e-008 10.0645
-9.941839e-008 10.0624
-9.921839e-008 10.0455
-9.901839e-008 10.0527
-9.881839e-008 10.0835
-9.861839e-008 10.1014
-9.841839e-008 10.108
-9.821839e-008 10.1152
-9.801839e-008 10.0835
-9.781839e-008 10.0372
-9.761839e-008 10.0765
-9.741839e-008 10.139
-9.721839e-008 10.1007
-9.701839e-008 10.0444
-9.681839e-008 10.0299
-9.661839e-008 9.97884
-9.641839e-008 9.89943
-9.621839e-008 9.86801
-9.601839e-008 9.92843
-9.581839e-008 10.0451
-9.561839e-008 10.1062
-9.541839e-008 10.0866
-9.521839e-008 10.0942
-9.501839e-008 10.1604
-9.481839e-008 10.2015
-9.461839e-008 10.1701
-9.441839e-008 10.0917
-9.421839e-008 10.0448
-9.401839e-008 10.0562
-9.381839e-008 10.0092
-9.361839e-008 9.86766
-9.341839e-008 9.81414
-9.321839e-008 9.90046
-9.301839e-008 9.95605
-9.281839e-008 9.94224
-9.261839e-008 9.9526
-9.241839e-008 10.0175
-9.221839e-008 10.0576
-9.201839e-008 10.0044
-9.181839e-008 9.98436
-9.161839e-008 10.0634
-9.141839e-008 10.0748
-9.121839e-008 9.99437
-9.101839e-008 9.95432
-9.081839e-008 9.97021
-9.061839e-008 9.99852
-9.041839e-008 10.0013
-9.021839e-008 9.9816
-9.001839e-008 9.99645
-8.981839e-008 10.0306
-8.961839e-008 10.0037
-8.941839e-008 9.93879
-8.921839e-008 9.89459
-8.901839e-008 9.79308
-8.881839e-008 9.66292
-8.861839e-008 9.71885
-8.841839e-008 9.92428
-8.821839e-008 10.0144
-8.801839e-008 9.95053
-8.781839e-008 9.90219
-8.761839e-008 9.97711
-8.741839e-008 10.1276
-8.721839e-008 10.1943
-8.701839e-008 10.1321
-8.681839e-008 10.0803
-8.661839e-008 10.1201
-8.641839e-008 10.1832
-8.621839e-008 10.1674
-8.601839e-008 10.0089
-8.581839e-008 9.83141
-8.561839e-008 9.85972
-8.541839e-008 10.0058
-8.521839e-008 10.04
-8.501839e-008 10.0106
-8.481839e-008 10.0579
-8.461839e-008 10.1515
-8.441839e-008 10.1439
-8.421839e-008 10.0324
-8.401839e-008 9.98851
-8.381839e-008 10.0576
-8.361839e-008 10.1156
-8.341839e-008 10.109
-8.321839e-008 10.0879
-8.301839e-008 10.0848
-8.281839e-008 10.0696
-8.261839e-008 10.0103
-8.241839e-008 9.97331
-8.221839e-008 10.0472
-8.201839e-008 10.1497
-8.181839e-008 10.1459
-8.161839e-008 10.1207
-8.141839e-008 10.1712
-8.121839e-008 10.1539
-8.101839e-008 10.0199
-8.081839e-008 9.94845
-8.061839e-008 9.93948
-8.041839e-008 9.87111
-8.021839e-008 9.80448
-8.001839e-008 9.7955
-7.981839e-008 9.83624
-7.961839e-008 9.97124
-7.941839e-008 10.1228
-7.921839e-008 10.1491
-7.901839e-008 10.1073
-7.881839e-008 10.099
-7.861839e-008 10.0686
-7.841839e-008 9.97262
-7.821839e-008 9.90668
-7.801839e-008 9.95053
-7.781839e-008 10.052
-7.761839e-008 10.08
-7.741839e-008 9.9778
-7.721839e-008 9.89183
-7.701839e-008 9.98747
-7.681839e-008 10.1687
-7.661839e-008 10.2043
-7.641839e-008 10.0883
-7.621839e-008 10.0082
-7.601839e-008 10.0023
-7.581839e-008 9.96019
-7.561839e-008 9.89079
-7.541839e-008 9.89287
-7.521839e-008 9.95018
-7.501839e-008 9.98885
-7.481839e-008 9.9923
-7.461839e-008 9.98125
-7.441839e-008 10.0103
-7.421839e-008 10.0679
-7.401839e-008 10.0662
-7.381839e-008 10.0234
-7.361839e-008 10.0223
-7.341839e-008 10.0265
-7.321839e-008 9.98333
-7.301839e-008 9.93395
-7.281839e-008 9.88941
-7.261839e-008 9.84694
-7.241839e-008 9.85765
-7.221839e-008 9.91911
-7.201839e-008 9.97884
-7.181839e-008 10.0099
-7.161839e-008 10.0227
-7.141839e-008 10.0396
-7.121839e-008 10.0417
-7.101839e-008 10.0258
-7.081839e-008 10.042
-7.061839e-008 10.0969
-7.041839e-008 10.1314
-7.021839e-008 10.0911
-7.001839e-008 9.98989
-6.981839e-008 9.9381
-6.961839e-008 10.0213
-6.941839e-008 10.0876
-6.921839e-008 9.94742
-6.901839e-008 9.72506
-6.881839e-008 9.67949
-6.861839e-008 9.80586
-6.841839e-008 9.90253
-6.821839e-008 9.96468
-6.801839e-008 10.0531
-6.781839e-008 10.1076
-6.761839e-008 10.1073
-6.741839e-008 10.0465
-6.721839e-008 9.98367
-6.701839e-008 10.0279
-6.681839e-008 10.1187
-6.661839e-008 10.11
-6.641839e-008 10.0317
-6.621839e-008 10.0217
-6.601839e-008 10.079
-6.581839e-008 10.1
-6.561839e-008 10.0534
-6.541839e-008 10.0096
-6.521839e-008 10.0013
-6.501839e-008 9.95847
-6.481839e-008 9.9015
-6.461839e-008 9.92981
-6.441839e-008 9.99196
-6.421839e-008 10.0009
-6.401839e-008 10.0261
-6.381839e-008 10.1097
-6.361839e-008 10.1625
-6.341839e-008 10.1511
-6.321839e-008 10.1308
-6.301839e-008 10.1187
-6.281839e-008 10.0886
-6.261839e-008 10.0496
-6.241839e-008 10.0355
-6.221839e-008 10.0548
-6.201839e-008 10.0545
-6.181839e-008 9.9816
-6.161839e-008 9.92428
-6.141839e-008 9.97469
-6.121839e-008 10.0545
-6.101839e-008 10.0507
-6.081839e-008 9.97849
-6.061839e-008 9.95743
-6.041839e-008 10.0089
-6.021839e-008 9.99955
-6.001839e-008 9.93292
-5.981839e-008 9.95881
-5.961839e-008 9.99161
-5.941839e-008 9.90426
-5.921839e-008 9.86283
-5.901839e-008 9.92498
-5.881839e-008 9.94811
-5.861839e-008 9.98643
-5.841839e-008 10.0696
-5.821839e-008 10.0634
-5.801839e-008 10.0213
-5.781839e-008 10.0551
-5.761839e-008 10.1256
-5.741839e-008 10.1801
-5.721839e-008 10.185
-5.701839e-008 10.1691
-5.681839e-008 10.1636
-5.661839e-008 10.0696
-5.641839e-008 9.88596
-5.621839e-008 9.81276
-5.601839e-008 9.92808
-5.581839e-008 10.0648
-5.561839e-008 10.0786
-5.541839e-008 9.98264
-5.521839e-008 9.87249
-5.501839e-008 9.87008
-5.481839e-008 9.99334
-5.461839e-008 10.1207
-5.441839e-008 10.1743
-5.421839e-008 10.1501
-5.401839e-008 10.0717
-5.381839e-008 10.0116
-5.361839e-008 9.94224
-5.341839e-008 9.8504
-5.321839e-008 9.88596
-5.301839e-008 9.97297
-5.281839e-008 9.91082
-5.261839e-008 9.84798
-5.241839e-008 9.92774
-5.221839e-008 10.0203
-5.201839e-008 10.0752
-5.181839e-008 10.0959
-5.161839e-008 10.0313
-5.141839e-008 9.9816
-5.121839e-008 10.032
-5.101839e-008 10.0765
-5.081839e-008 10.1049
-5.061839e-008 10.1653
-5.041839e-008 10.1556
-5.021839e-008 10.0655
-5.001839e-008 9.99645
-4.981839e-008 9.95053
-4.961839e-008 9.89148
-4.941839e-008 9.83106
-4.921839e-008 9.83037
-4.901839e-008 9.92636
-4.881839e-008 10.0562
-4.861839e-008 10.0658
-4.841839e-008 9.90495
-4.821839e-008 9.7955
-4.801839e-008 9.90391
-4.781839e-008 10.0634
-4.761839e-008 10.1083
-4.741839e-008 10.08
-4.721839e-008 10.0261
-4.701839e-008 9.97573
-4.681839e-008 9.97711
-4.661839e-008 10.0161
-4.641839e-008 10.0493
-4.621839e-008 10.0355
-4.601839e-008 9.97642
-4.581839e-008 9.94017
-4.561839e-008 9.97055
-4.541839e-008 10.0579
-4.521839e-008 10.1304
-4.501839e-008 10.1028
-4.481839e-008 10.0151
-4.461839e-008 9.93154
-4.441839e-008 9.8359
-4.421839e-008 9.81932
-4.401839e-008 9.96572
-4.381839e-008 10.1176
-4.361839e-008 10.127
-4.341839e-008 10.0469
-4.321839e-008 10.0313
-4.301839e-008 10.1428
-4.281839e-008 10.1953
-4.261839e-008 10.0417
-4.241839e-008 9.86386
-4.221839e-008 9.88182
-4.201839e-008 10.0244
-4.181839e-008 10.0831
-4.161839e-008 10.0303
-4.141839e-008 9.97331
-4.121839e-008 9.94224
-4.101839e-008 9.92843
-4.081839e-008 9.94431
-4.061839e-008 9.96468
-4.041839e-008 9.95467
-4.021839e-008 9.94431
-4.001839e-008 10.0213
-3.981839e-008 10.1387
-3.961839e-008 10.118
-3.941839e-008 9.95053
-3.921839e-008 9.81691
-3.901839e-008 9.87457
-3.881839e-008 10.069
-3.861839e-008 10.176
-3.841839e-008 10.1332
-3.821839e-008 10.0638
-3.801839e-008 10.0261
-3.781839e-008 10.0044
-3.761839e-008 9.97538
-3.741839e-008 9.91772
-3.721839e-008 9.88596
-3.701839e-008 9.94949
-3.681839e-008 10.0576
-3.661839e-008 10.1035
-3.641839e-008 10.06
-3.621839e-008 10.021
-3.601839e-008 10.0793
-3.581839e-008 10.156
-3.561839e-008 10.138
-3.541839e-008 10.0948
-3.521839e-008 10.089
-3.501839e-008 10.0693
-3.481839e-008 10.0634
-3.461839e-008 10.1335
-3.441839e-008 10.214
-3.421839e-008 10.205
-3.401839e-008 10.1639
-3.381839e-008 10.1884
-3.361839e-008 10.1898
-3.341839e-008 10.0817
-3.321839e-008 9.97918
-3.301839e-008 9.97228
-3.281839e-008 10.0147
-3.261839e-008 10.0396
-3.241839e-008 10.0106
-3.221839e-008 9.93844
-3.201839e-008 9.89217
-3.181839e-008 9.95605
-3.161839e-008 10.08
-3.141839e-008 10.1525
-3.121839e-008 10.1891
-3.101839e-008 10.2119
-3.081839e-008 10.1542
-3.061839e-008 10.0182
-3.041839e-008 9.9709
-3.021839e-008 10.0351
-3.001839e-008 10.0047
-2.981839e-008 9.90391
-2.961839e-008 9.89321
-2.941839e-008 9.93602
-2.921839e-008 9.95156
-2.901839e-008 9.91911
-2.881839e-008 9.87111
-2.861839e-008 9.84487
-2.841839e-008 9.83072
-2.821839e-008 9.83348
-2.801839e-008 9.88251
-2.781839e-008 9.9633
-2.761839e-008 10.0065
-2.741839e-008 9.94949
-2.721839e-008 9.85143
-2.701839e-008 9.85074
-2.681839e-008 9.93879
-2.661839e-008 9.98816
-2.641839e-008 9.98402
-2.621839e-008 10.0109
-2.601839e-008 10.089
-2.581839e-008 10.1604
-2.561839e-008 10.2012
-2.541839e-008 10.1698
-2.521839e-008 10.0375
-2.501839e-008 9.98264
-2.481839e-008 10.0545
-2.461839e-008 10.0078
-2.441839e-008 9.87664
-2.421839e-008 9.90495
-2.401839e-008 10.0486
-2.381839e-008 10.1052
-2.361839e-008 10.0082
-2.341839e-008 9.89287
-2.321839e-008 9.92325
-2.301839e-008 10.0268
-2.281839e-008 10.0589
-2.261839e-008 10.0769
-2.241839e-008 10.1508
-2.221839e-008 10.1929
-2.201839e-008 10.1373
-2.181839e-008 10.04
-2.161839e-008 9.99507
-2.141839e-008 10.0134
-2.121839e-008 10.0327
-2.101839e-008 10.0424
-2.081839e-008 10.0282
-2.061839e-008 9.97677
-2.041839e-008 9.99714
-2.021839e-008 10.1207
-2.001839e-008 10.1107
-1.981839e-008 9.91013
-1.961839e-008 9.82657
-1.941839e-008 9.94707
-1.921839e-008 10.0562
-1.901839e-008 10.08
-1.881839e-008 10.0634
-1.861839e-008 10.0306
-1.841839e-008 10.0368
-1.821839e-008 10.0614
-1.801839e-008 10.0448
-1.781839e-008 10.0303
-1.761839e-008 9.99955
-1.741839e-008 9.89528
-1.721839e-008 9.84833
-1.701839e-008 9.94535
-1.681839e-008 10.0365
-1.661839e-008 10.0638
-1.641839e-008 10.0759
-1.621839e-008 10.0292
-1.601839e-008 9.96606
-1.581839e-008 9.93982
-1.561839e-008 9.9084
-1.541839e-008 9.9381
-1.521839e-008 10.0786
-1.501839e-008 10.1919
-1.481839e-008 10.1591
-1.461839e-008 10.0451
-1.441839e-008 9.97815
-1.421839e-008 9.96261
-1.401839e-008 9.90184
-1.381839e-008 9.82968
-1.361839e-008 9.89183
-1.341839e-008 10.0141
-1.321839e-008 10.0203
-1.301839e-008 9.95812
-1.281839e-008 9.94914
-1.261839e-008 10.0016
-1.241839e-008 10.021
-1.221839e-008 9.92118
-1.201839e-008 9.78307
-1.181839e-008 9.77237
-1.161839e-008 9.87042
-1.141839e-008 9.91462
-1.121839e-008 9.9046
-1.101839e-008 9.91013
-1.081839e-008 9.90599
-1.061839e-008 9.93499
-1.041839e-008 10.0341
-1.021839e-008 10.1011
-1.001839e-008 10.0455
-9.81839e-009 9.92877
-9.61839e-009 9.88907
-9.41839e-009 9.93775
-9.21839e-009 9.99817
-9.01839e-009 10.0545
-8.81839e-009 10.0645
-8.61839e-009 9.97297
-8.41839e-009 9.89597
-8.21839e-009 9.95743
-8.01839e-009 10.0475
-7.81839e-009 10.0427
-7.61839e-009 9.99955
-7.41839e-009 9.98885
-7.21839e-009 10.0009
-7.01839e-009 9.99679
-6.81839e-009 9.96882
-6.61839e-009 9.96088
-6.41839e-009 10.0013
-6.21839e-009 10.0496
-6.01839e-009 10.0517
-5.81839e-009 10.003
-5.61839e-009 9.92187
-5.41839e-009 9.85696
-5.21839e-009 9.88423
-5.01839e-009 9.91496
-4.81839e-009 9.83693
-4.61839e-009 9.77789
-4.41839e-009 9.85247
-4.21839e-009 9.97366
-4.01839e-009 10.0517
-3.81839e-009 10.1024
-3.61839e-009 10.139
-3.41839e-009 10.1245
-3.21839e-009 10.0427
-3.01839e-009 9.94431
-2.81839e-009 9.88527
-2.61839e-009 9.88734
-2.41839e-009 9.96088
-2.21839e-009 10.0382
-2.01839e-009 9.98367
-1.81839e-009 9.73162
-1.61839e-009 9.28519
-1.41839e-009 8.58878
-1.21839e-009 7.57576
-1.01839e-009 6.35315
-8.183901e-010 5.15438
-6.183901e-010 4.09578
-4.183901e-010 3.16804
-2.183901e-010 2.42087
-1.839006e-011 1.95441
1.816099e-010 1.76348
3.816099e-010 1.65817
5.816099e-010 1.53456
7.816099e-010 1.51316
9.816099e-010 1.55839
1.18161e-009 1.55597
1.38161e-009 1.54906
1.58161e-009 1.48346
1.78161e-009 1.31048
1.98161e-009 1.16547
2.18161e-009 1.14372
2.38161e-009 1.21622
2.58161e-009 1.29909
2.78161e-009 1.31152
2.98161e-009 1.25489
3.18161e-009 1.20103
3.38161e-009 1.2031
3.58161e-009 1.24384
3.78161e-009 1.26594
3.98161e-009 1.28079
4.18161e-009 1.32291
4.38161e-009 1.32188
4.58161e-009 1.21933
4.78161e-009 1.13094
4.98161e-009 1.17065
5.18161e-009 1.24592
5.38161e-009 1.2656
5.58161e-009 1.27906
5.78161e-009 1.31152
5.98161e-009 1.37298
6.18161e-009 1.42649
6.38161e-009 1.36918
6.58161e-009 1.26629
6.78161e-009 1.20966
6.98161e-009 1.16029
7.18161e-009 1.20448
7.38161e-009 1.36642
7.58161e-009 1.40509
7.78161e-009 1.26249
7.98161e-009 1.17168
8.18161e-009 1.22624
8.38161e-009 1.30634
8.58161e-009 1.31117
8.78161e-009 1.27457
8.98161e-009 1.27354
9.18161e-009 1.30841
9.38161e-009 1.34156
9.58161e-009 1.32913
9.78161e-009 1.25973
9.98161e-009 1.17548
1.018161e-008 1.13888
1.038161e-008 1.16547
1.058161e-008 1.15269
1.078161e-008 1.1047
1.098161e-008 1.1482
1.118161e-008 1.20207
1.138161e-008 1.17065
1.158161e-008 1.1306
1.178161e-008 1.12991
1.198161e-008 1.20863
1.218161e-008 1.35468
1.238161e-008 1.43098
1.258161e-008 1.43927
1.278161e-008 1.42995
1.298161e-008 1.30634
1.318161e-008 1.13647
1.338161e-008 1.08985
1.358161e-008 1.12058
1.378161e-008 1.14303
1.398161e-008 1.1489
1.418161e-008 1.14372
1.438161e-008 1.19482
1.458161e-008 1.32395
1.478161e-008 1.37125
1.498161e-008 1.26594
1.518161e-008 1.16202
1.538161e-008 1.12231
1.558161e-008 1.11057
1.578161e-008 1.11748
1.598161e-008 1.0902
1.618161e-008 1.08882
1.638161e-008 1.19654
1.658161e-008 1.23349
1.678161e-008 1.10884
1.698161e-008 1.05567
1.718161e-008 1.16029
1.738161e-008 1.21173
1.758161e-008 1.10263
1.778161e-008 0.972807
1.798161e-008 0.9697
1.818161e-008 1.05602
1.838161e-008 1.09365
1.858161e-008 1.07501
1.878161e-008 1.0795
1.898161e-008 1.09987
1.918161e-008 1.12645
1.938161e-008 1.16132
1.958161e-008 1.16409
1.978161e-008 1.10988
1.998161e-008 1.03634
2.018161e-008 0.976605
2.038161e-008 0.926196
2.058161e-008 0.928613
2.078161e-008 0.967283
2.098161e-008 1.00043
2.118161e-008 1.06292
2.138161e-008 1.13923
2.158161e-008 1.18757
2.178161e-008 1.16754
2.198161e-008 1.05809
2.218161e-008 0.996631
2.238161e-008 1.06879
2.258161e-008 1.15649
2.278161e-008 1.19102
2.298161e-008 1.19516
2.318161e-008 1.14337
2.338161e-008 1.03772
2.358161e-008 0.998357
2.378161e-008 1.07639
2.398161e-008 1.12507
2.418161e-008 1.06845
2.438161e-008 1.01182
2.458161e-008 1.00354
2.478161e-008 0.986963
2.498161e-008 0.960377
2.518161e-008 0.990071
2.538161e-008 1.06361
2.558161e-008 1.08847
2.578161e-008 1.03841
2.598161e-008 0.970736
2.618161e-008 0.94484
2.638161e-008 1.0025
2.658161e-008 1.09503
2.678161e-008 1.08364
2.698161e-008 0.982129
2.718161e-008 0.954163
2.738161e-008 1.00319
2.758161e-008 1.04877
2.778161e-008 1.12196
2.798161e-008 1.18687
2.818161e-008 1.14026
2.838161e-008 1.02667
2.858161e-008 0.951746
2.878161e-008 0.965902
2.898161e-008 1.07086
2.918161e-008 1.13232
2.938161e-008 1.05015
2.958161e-008 0.959342
2.978161e-008 0.948638
2.998161e-008 0.997667
3.018161e-008 1.10263
3.038161e-008 1.16443
3.058161e-008 1.12714
3.078161e-008 1.11678
3.098161e-008 1.17237
3.118161e-008 1.17237
3.138161e-008 1.0864
3.158161e-008 0.993178
3.178161e-008 0.915838
3.198161e-008 0.887871
3.218161e-008 0.979367
3.238161e-008 1.12818
3.258161e-008 1.19965
3.278161e-008 1.17306
3.298161e-008 1.12058
3.318161e-008 1.08191
3.338161e-008 1.03219
3.358161e-008 1.01666
3.378161e-008 1.10436
3.398161e-008 1.17168
3.418161e-008 1.10781
3.438161e-008 1.07501
3.458161e-008 1.13267
3.478161e-008 1.11886
3.498161e-008 1.07017
3.518161e-008 1.11471
3.538161e-008 1.14751
3.558161e-008 1.06465
3.578161e-008 0.960032
3.598161e-008 0.933446
3.618161e-008 0.992488
3.638161e-008 1.07363
3.658161e-008 1.11195
3.678161e-008 1.11955
3.698161e-008 1.09952
3.718161e-008 1.05878
3.738161e-008 1.07363
3.758161e-008 1.12611
3.778161e-008 1.10436
3.798161e-008 1.03496
3.818161e-008 1.04221
3.838161e-008 1.13474
3.858161e-008 1.15097
3.878161e-008 1.0467
3.898161e-008 0.996976
3.918161e-008 1.02909
3.938161e-008 1.02218
3.958161e-008 0.995595
3.978161e-008 1.01182
3.998161e-008 1.04877
4.018161e-008 1.07639
4.038161e-008 1.08398
4.058161e-008 1.09952
4.078161e-008 1.14682
4.098161e-008 1.16858
4.118161e-008 1.15925
4.138161e-008 1.17168
4.158161e-008 1.17962
4.178161e-008 1.1451
4.198161e-008 1.04324
4.218161e-008 0.922743
4.238161e-008 0.917219
4.258161e-008 0.999738
4.278161e-008 1.03737
4.298161e-008 1.05256
4.318161e-008 1.09054
4.338161e-008 1.11022
4.358161e-008 1.11437
4.378161e-008 1.12093
4.398161e-008 1.14406
4.418161e-008 1.14993
4.438161e-008 1.07811
4.458161e-008 1.06292
4.478161e-008 1.17134
4.498161e-008 1.22278
4.518161e-008 1.20069
4.538161e-008 1.21035
4.558161e-008 1.23452
4.578161e-008 1.26042
4.598161e-008 1.26076
4.618161e-008 1.16512
4.638161e-008 1.06707
4.658161e-008 1.11195
4.678161e-008 1.14924
4.698161e-008 1.02253
4.718161e-008 0.933792
4.738161e-008 1.03772
4.758161e-008 1.16754
4.778161e-008 1.12783
4.798161e-008 1.00492
4.818161e-008 1.0246
4.838161e-008 1.14026
4.858161e-008 1.19102
4.878161e-008 1.1779
4.898161e-008 1.12576
4.918161e-008 1.10332
4.938161e-008 1.14682
4.958161e-008 1.12473
4.978161e-008 1.02425
4.998161e-008 0.987999
5.018161e-008 1.02253
5.038161e-008 1.06603
5.058161e-008 1.12196
5.078161e-008 1.1375
5.098161e-008 1.06914
5.118161e-008 1.00906
5.138161e-008 0.991797
5.158161e-008 0.994904
5.178161e-008 1.02184
5.198161e-008 0.996976
5.218161e-008 0.945876
5.238161e-008 0.960032
5.258161e-008 0.971771
5.278161e-008 0.990761
5.298161e-008 1.09193
5.318161e-008 1.16374
5.338161e-008 1.07604
5.358161e-008 0.935518
5.378161e-008 0.964866
5.398161e-008 1.12162
5.418161e-008 1.19343
5.438161e-008 1.16167
5.458161e-008 1.08606
5.478161e-008 1.01942
5.498161e-008 1.03357
5.518161e-008 1.07155
5.538161e-008 1.05533
5.558161e-008 1.03634
5.578161e-008 1.06983
5.598161e-008 1.09849
5.618161e-008 1.07397
5.638161e-008 1.04497
5.658161e-008 1.00146
5.678161e-008 0.952436
5.698161e-008 1.02667
5.718161e-008 1.18895
5.738161e-008 1.23797
5.758161e-008 1.15476
5.778161e-008 1.09123
5.798161e-008 1.1123
5.818161e-008 1.17272
5.838161e-008 1.20586
5.858161e-008 1.1741
5.878161e-008 1.13094
5.898161e-008 1.13992
5.918161e-008 1.13577
5.938161e-008 1.07501
5.958161e-008 1.04497
5.978161e-008 1.07846
5.998161e-008 1.17548
6.018161e-008 1.30461
6.038161e-008 1.29356
6.058161e-008 1.13647
6.078161e-008 1.1123
6.098161e-008 1.26974
6.118161e-008 1.33914
6.138161e-008 1.25006
6.158161e-008 1.15546
6.178161e-008 1.14648
6.198161e-008 1.20794
6.218161e-008 1.19654
6.238161e-008 1.0719
6.258161e-008 0.991107
6.278161e-008 1.03047
6.298161e-008 1.11299
6.318161e-008 1.12438
6.338161e-008 1.03427
6.358161e-008 0.957961
6.378161e-008 1.00837
6.398161e-008 1.10539
6.418161e-008 1.13992
6.438161e-008 1.17237
6.458161e-008 1.25075
6.478161e-008 1.35399
6.498161e-008 1.43858
6.518161e-008 1.37815
6.538161e-008 1.19896
6.558161e-008 1.11817
6.578161e-008 1.17548
6.598161e-008 1.23003
6.618161e-008 1.21415
6.638161e-008 1.16892
6.658161e-008 1.16098
6.678161e-008 1.1741
6.698161e-008 1.14751
6.718161e-008 1.12231
6.738161e-008 1.12369
6.758161e-008 1.07811
6.778161e-008 1.0063
6.798161e-008 1.00906
6.818161e-008 1.06741
6.838161e-008 1.09538
6.858161e-008 1.09469
6.878161e-008 1.14061
6.898161e-008 1.21208
6.918161e-008 1.15476
6.938161e-008 0.979367
6.958161e-008 0.898229
6.978161e-008 0.998012
6.998161e-008 1.16512
7.018161e-008 1.22796
7.038161e-008 1.18066
7.058161e-008 1.15787
7.078161e-008 1.14751
7.098161e-008 1.08502
7.118161e-008 1.03392
7.138161e-008 1.06051
7.158161e-008 1.10815
7.178161e-008 1.11333
7.198161e-008 1.15304
7.218161e-008 1.26456
7.238161e-008 1.29978
7.258161e-008 1.2069
7.278161e-008 1.13301
7.298161e-008 1.13163
7.318161e-008 1.14406
7.338161e-008 1.15753
7.358161e-008 1.12473
7.378161e-008 1.04359
7.398161e-008 1.03875
7.418161e-008 1.07673
7.438161e-008 1.06707
7.458161e-008 1.09331
7.478161e-008 1.12887
7.498161e-008 1.09849
7.518161e-008 1.08675
7.538161e-008 1.10608
7.558161e-008 1.1596
7.578161e-008 1.29046
7.598161e-008 1.32809
7.618161e-008 1.17479
7.638161e-008 1.05774
7.658161e-008 1.12921
7.678161e-008 1.23521
7.698161e-008 1.20932
7.718161e-008 1.12024
7.738161e-008 1.10228
7.758161e-008 1.14959
7.778161e-008 1.16961
7.798161e-008 1.14786
7.818161e-008 1.13439
7.838161e-008 1.11678
7.858161e-008 1.07121
7.878161e-008 1.03944
7.898161e-008 1.08847
7.918161e-008 1.16996
7.938161e-008 1.13543
7.958161e-008 1.03012
7.978161e-008 1.01976
7.998161e-008 1.0536
8.018161e-008 1.04359
8.038161e-008 1.08226
8.058161e-008 1.18722
8.078161e-008 1.22037
8.098161e-008 1.16167
8.118161e-008 1.15476
8.138161e-008 1.22934
8.158161e-008 1.26663
8.178161e-008 1.20863
8.198161e-008 1.1009
8.218161e-008 1.04255
8.238161e-008 1.12507
8.258161e-008 1.25869
8.278161e-008 1.2511
8.298161e-008 1.13681
8.318161e-008 1.0826
8.338161e-008 1.10539
8.358161e-008 1.10746
8.378161e-008 1.05464
8.398161e-008 1.02529
8.418161e-008 1.04566
8.438161e-008 1.03979
8.458161e-008 1.01838
8.478161e-008 1.0467
8.498161e-008 1.07466
8.518161e-008 1.06258
8.538161e-008 1.04911
8.558161e-008 1.0498
8.578161e-008 1.09814
8.598161e-008 1.19067
8.618161e-008 1.23763
8.638161e-008 1.23245
8.658161e-008 1.21657
8.678161e-008 1.15994
8.698161e-008 1.11333
8.718161e-008 1.16098
8.738161e-008 1.19274
8.758161e-008 1.1192
8.778161e-008 1.04013
8.798161e-008 1.04083
8.818161e-008 1.14372
8.838161e-008 1.28562
8.858161e-008 1.29702
8.878161e-008 1.15442
8.898161e-008 1.05118
8.918161e-008 1.06776
8.938161e-008 1.12852
8.958161e-008 1.19447
8.978161e-008 1.19585
8.998161e-008 1.11955
9.018161e-008 1.08398
9.038161e-008 1.09952
9.058161e-008 1.10436
9.078161e-008 1.08847
9.098161e-008 1.03806
9.118161e-008 1.02667
9.138161e-008 1.10608
9.158161e-008 1.12507
9.178161e-008 1.05878
9.198161e-008 1.12956
9.218161e-008 1.30945
9.238161e-008 1.31117
9.258161e-008 1.18273
9.278161e-008 1.17652
9.298161e-008 1.24281
9.318161e-008 1.23141
9.338161e-008 1.14855
9.358161e-008 1.0826
9.378161e-008 1.10056
9.398161e-008 1.13888
9.418161e-008 1.12196
9.438161e-008 1.11333
9.458161e-008 1.15062
9.478161e-008 1.18791
9.498161e-008 1.21968
9.518161e-008 1.21795
9.538161e-008 1.14199
9.558161e-008 1.06258
9.578161e-008 1.04117
9.598161e-008 1.07086
9.618161e-008 1.1413
9.638161e-008 1.17548
9.658161e-008 1.17375
9.678161e-008 1.22831
9.698161e-008 1.27078
9.718161e-008 1.2
9.738161e-008 1.12921
9.758161e-008 1.16443
9.778161e-008 1.21104
9.798161e-008 1.16858
9.818161e-008 1.08329
9.838161e-008 1.04911
9.858161e-008 1.05602
9.878161e-008 1.04635
9.898161e-008 1.02874
9.918161e-008 1.03703
9.938161e-008 1.0681
9.958161e-008 1.10781
9.978161e-008 1.14337
9.998161e-008 1.14199
1.001816e-007 1.12991
1.003816e-007 1.11644
1.005816e-007 1.05084
1.007816e-007 0.98869
1.009816e-007 1.01286
1.011816e-007 1.08502
1.013816e-007 1.13232
1.015816e-007 1.14475
1.017816e-007 1.16685
1.019816e-007 1.20414
1.021816e-007 1.23107
1.023816e-007 1.26042
1.025816e-007 1.2946
1.027816e-007 1.27457
1.029816e-007 1.17997
1.031816e-007 1.0902
1.033816e-007 1.06016
1.035816e-007 1.07984
1.037816e-007 1.10539
1.039816e-007 1.09538
1.041816e-007 1.08295
1.043816e-007 1.1268
1.045816e-007 1.20069
1.047816e-007 1.21001
1.049816e-007 1.13301
1.051816e-007 1.07259
1.053816e-007 1.12369
1.055816e-007 1.24833
1.057816e-007 1.30358
1.059816e-007 1.21346
1.061816e-007 1.07881
1.063816e-007 1.05602
1.065816e-007 1.11609
1.067816e-007 1.09745
1.069816e-007 1.0246
1.071816e-007 1.06258
1.073816e-007 1.18895
1.075816e-007 1.22727
1.077816e-007 1.152
1.079816e-007 1.1489
1.081816e-007 1.25282
1.083816e-007 1.23314
1.085816e-007 1.11161
1.087816e-007 1.14579
1.089816e-007 1.25593
1.091816e-007 1.23383
1.093816e-007 1.16547
1.095816e-007 1.16409
1.097816e-007 1.18791
1.099816e-007 1.17272
1.101816e-007 1.08226
1.103816e-007 1.03565
1.105816e-007 1.17203
1.107816e-007 1.30945
1.109816e-007 1.25144
1.111816e-007 1.16374
1.113816e-007 1.19171
1.115816e-007 1.20966
1.117816e-007 1.1482
1.119816e-007 1.11057
1.121816e-007 1.14233
1.123816e-007 1.16512
1.125816e-007 1.12749
1.127816e-007 1.11782
1.129816e-007 1.23832
1.131816e-007 1.35847
1.133816e-007 1.30116
1.135816e-007 1.18687
1.137816e-007 1.20483
1.139816e-007 1.27285
1.141816e-007 1.24246
1.143816e-007 1.16409
1.145816e-007 1.13923
1.147816e-007 1.13647
1.149816e-007 1.08778
1.151816e-007 1.05982
1.153816e-007 1.11195
1.155816e-007 1.09469
1.157816e-007 0.981784
1.159816e-007 0.994214
1.161816e-007 1.1047
1.163816e-007 1.11264
1.165816e-007 1.1085
1.167816e-007 1.19482
1.169816e-007 1.21553
1.171816e-007 1.11471
1.173816e-007 1.04221
1.175816e-007 1.06568
1.177816e-007 1.14061
1.179816e-007 1.1993
1.181816e-007 1.19274
1.183816e-007 1.16098
1.185816e-007 1.12127
1.187816e-007 1.07535
1.189816e-007 1.09469
1.191816e-007 1.12783
1.193816e-007 1.08709
1.195816e-007 1.06154
1.197816e-007 1.1123
1.199816e-007 1.18135
1.201816e-007 1.20794
1.203816e-007 1.16063
1.205816e-007 1.07155
1.207816e-007 1.03703
1.209816e-007 1.07777
1.211816e-007 1.09089
1.213816e-007 1.0574
1.215816e-007 1.05326
1.217816e-007 1.06465
1.219816e-007 1.05809
1.221816e-007 1.07328
1.223816e-007 1.10297
1.225816e-007 1.11851
1.227816e-007 1.14613
1.229816e-007 1.14026
1.231816e-007 1.04117
1.233816e-007 0.933792
1.235816e-007 0.943459
1.237816e-007 1.07017
1.239816e-007 1.20517
1.241816e-007 1.27112
1.243816e-007 1.24902
1.245816e-007 1.1779
1.247816e-007 1.1306
1.249816e-007 1.12887
1.251816e-007 1.16478
1.253816e-007 1.19827
1.255816e-007 1.19654
1.257816e-007 1.2069
1.259816e-007 1.24488
1.261816e-007 1.2542
1.263816e-007 1.21104
1.265816e-007 1.16132
1.267816e-007 1.17099
1.269816e-007 1.23487
1.271816e-007 1.26249
1.273816e-007 1.21657
1.275816e-007 1.13785
1.277816e-007 1.09572
1.279816e-007 1.152
1.281816e-007 1.24971
1.283816e-007 1.31635
1.285816e-007 1.40336
1.287816e-007 1.46689
1.289816e-007 1.38299
1.291816e-007 1.24626
1.293816e-007 1.18826
1.295816e-007 1.19343
1.297816e-007 1.22313
1.299816e-007 1.19654
1.301816e-007 1.13336
1.303816e-007 1.15476
1.305816e-007 1.18446
1.307816e-007 1.152
1.309816e-007 1.1962
1.311816e-007 1.30047
1.313816e-007 1.29771
1.315816e-007 1.20552
1.317816e-007 1.13439
1.319816e-007 1.15442
1.321816e-007 1.28217
1.323816e-007 1.36055
1.325816e-007 1.2763
1.327816e-007 1.20069
1.329816e-007 1.24074
1.331816e-007 1.29011
1.333816e-007 1.29046
1.335816e-007 1.27354
1.337816e-007 1.3129
1.339816e-007 1.41993
1.341816e-007 1.48553
1.343816e-007 1.42684
1.345816e-007 1.30979
1.347816e-007 1.28182
1.349816e-007 1.35675
1.351816e-007 1.39991
1.353816e-007 1.36469
1.355816e-007 1.31739
1.357816e-007 1.28251
1.359816e-007 1.28666
1.361816e-007 1.37574
1.363816e-007 1.46931
1.365816e-007 1.44755
1.367816e-007 1.33223
1.369816e-007 1.24902
1.371816e-007 1.29425
1.373816e-007 1.42373
1.375816e-007 1.50383
1.377816e-007 1.49658
1.379816e-007 1.45826
1.381816e-007 1.41752
1.383816e-007 1.35157
1.385816e-007 1.26629
1.387816e-007 1.25938
1.389816e-007 1.35157
1.391816e-007 1.41579
1.393816e-007 1.42615
1.395816e-007 1.44168
1.397816e-007 1.45653
1.399816e-007 1.47794
1.401816e-007 1.51316
1.403816e-007 1.53974
1.405816e-007 1.54768
1.407816e-007 1.53111
1.409816e-007 1.53422
1.411816e-007 1.60707
1.413816e-007 1.67405
1.415816e-007 1.62709
1.417816e-007 1.52351
1.419816e-007 1.48519
1.421816e-007 1.50798
1.423816e-007 1.52662
1.425816e-007 1.52351
1.427816e-007 1.51626
1.429816e-007 1.50487
1.431816e-007 1.47069
1.433816e-007 1.44099
1.435816e-007 1.44272
1.437816e-007 1.43133
1.439816e-007 1.4258
1.441816e-007 1.49347
1.443816e-007 1.54043
1.445816e-007 1.52075
1.447816e-007 1.58635
1.449816e-007 1.71583
1.451816e-007 1.7469
1.453816e-007 1.66887
1.455816e-007 1.54768
1.457816e-007 1.48035
1.459816e-007 1.52075
1.461816e-007 1.58808
1.463816e-007 1.62709
1.465816e-007 1.62848
1.467816e-007 1.58394
1.469816e-007 1.56943
1.471816e-007 1.64608
1.473816e-007 1.67647
1.475816e-007 1.53871
1.477816e-007 1.39507
1.479816e-007 1.37505
1.481816e-007 1.44859
1.483816e-007 1.58601
1.485816e-007 1.66024
1.487816e-007 1.62744
1.489816e-007 1.61501
1.491816e-007 1.60362
1.493816e-007 1.57012
1.495816e-007 1.64988
1.497816e-007 1.74345
1.499816e-007 1.69131
1.501816e-007 1.63055
1.503816e-007 1.66438
1.505816e-007 1.70754
1.507816e-007 1.70823
1.509816e-007 1.68268
1.511816e-007 1.65333
1.513816e-007 1.6416
1.515816e-007 1.63642
1.517816e-007 1.62744
1.519816e-007 1.65817
1.521816e-007 1.73758
1.523816e-007 1.81872
1.525816e-007 1.84082
1.527816e-007 1.73413
1.529816e-007 1.5936
1.531816e-007 1.57392
1.533816e-007 1.62571
1.535816e-007 1.70098
1.537816e-007 1.8163
1.539816e-007 1.87396
1.541816e-007 1.82183
1.543816e-007 1.77522
1.545816e-007 1.78005
1.547816e-007 1.75346
1.549816e-007 1.68648
1.551816e-007 1.62951
1.553816e-007 1.62261
1.555816e-007 1.67163
1.557816e-007 1.69995
1.559816e-007 1.70271
1.561816e-007 1.78212
1.563816e-007 1.92955
1.565816e-007 2.03866
1.567816e-007 2.04694
1.569816e-007 1.97133
1.571816e-007 1.91263
1.573816e-007 1.89882
1.575816e-007 1.83633
1.577816e-007 1.77452
1.579816e-007 1.84082
1.581816e-007 1.93887
1.583816e-007 1.91367
1.585816e-007 1.83875
1.587816e-007 1.83598
1.589816e-007 1.87258
1.591816e-007 1.90573
1.593816e-007 1.93646
1.595816e-007 1.92506
1.597816e-007 1.8674
1.599816e-007 1.7873
1.601816e-007 1.73655
1.603816e-007 1.77901
1.605816e-007 1.84254
1.607816e-007 1.89088
1.609816e-007 1.9841
1.611816e-007 2.05523
1.613816e-007 2.02554
1.615816e-007 1.93784
1.617816e-007 1.87672
1.619816e-007 1.91954
1.621816e-007 2.03002
1.623816e-007 2.05074
1.625816e-007 1.93162
1.627816e-007 1.84289
1.629816e-007 1.89986
1.631816e-007 1.95924
1.633816e-007 1.91229
1.635816e-007 1.84358
1.637816e-007 1.84979
1.639816e-007 1.9299
1.641816e-007 1.94233
1.643816e-007 1.87396
1.645816e-007 1.90297
1.647816e-007 1.97098
1.649816e-007 1.97098
1.651816e-007 2.00137
1.653816e-007 2.03624
1.655816e-007 2.00413
1.657816e-007 1.97064
1.659816e-007 1.96097
1.661816e-007 1.95786
1.663816e-007 1.9482
1.665816e-007 1.92403
1.667816e-007 1.95165
1.669816e-007 2.05696
1.671816e-007 2.10426
1.673816e-007 2.06144
1.675816e-007 2.05454
1.677816e-007 2.08009
1.679816e-007 2.0794
1.681816e-007 2.10219
1.683816e-007 2.14396
1.685816e-007 2.10633
1.687816e-007 2.0352
1.689816e-007 2.05834
1.691816e-007 2.14569
1.693816e-007 2.19783
1.695816e-007 2.20646
1.697816e-007 2.23684
1.699816e-007 2.25687
1.701816e-007 2.18747
1.703816e-007 2.13533
1.705816e-007 2.15432
1.707816e-007 2.12325
1.709816e-007 2.07111
1.711816e-007 2.0977
1.713816e-007 2.11393
1.715816e-007 2.05385
1.717816e-007 2.0169
1.719816e-007 2.00482
1.721816e-007 1.96857
1.723816e-007 1.99205
1.725816e-007 2.06731
1.727816e-007 2.10564
1.729816e-007 2.14673
1.731816e-007 2.2037
1.733816e-007 2.22061
1.735816e-007 2.2289
1.737816e-007 2.25997
1.739816e-007 2.25756
1.741816e-007 2.19092
1.743816e-007 2.14811
1.745816e-007 2.21198
1.747816e-007 2.31315
1.749816e-007 2.30141
1.751816e-007 2.15363
1.753816e-007 2.03348
1.755816e-007 2.04556
1.757816e-007 2.11082
1.759816e-007 2.17953
1.761816e-007 2.26723
1.763816e-007 2.31798
1.765816e-007 2.2731
1.767816e-007 2.21992
1.769816e-007 2.28518
1.771816e-007 2.36908
1.773816e-007 2.32903
1.775816e-007 2.24306
1.777816e-007 2.19817
1.779816e-007 2.17987
1.781816e-007 2.19817
1.783816e-007 2.28587
1.785816e-007 2.3746
1.787816e-007 2.34077
1.789816e-007 2.23442
1.791816e-007 2.22372
1.793816e-007 2.35561
1.795816e-007 2.45643
1.797816e-007 2.36632
1.799816e-007 2.26999
1.801816e-007 2.33835
1.803816e-007 2.32868
1.805816e-007 2.13395
1.807816e-007 2.0611
1.809816e-007 2.22683
1.811816e-007 2.38082
1.813816e-007 2.37115
1.815816e-007 2.3387
1.817816e-007 2.41258
1.819816e-007 2.49303
1.821816e-007 2.48198
1.823816e-007 2.44021
1.825816e-007 2.41051
1.827816e-007 2.36079
1.829816e-007 2.3311
1.831816e-007 2.3601
1.833816e-007 2.34629
1.835816e-007 2.27586
1.837816e-007 2.27896
1.839816e-007 2.33835
1.841816e-007 2.37702
1.843816e-007 2.44538
1.845816e-007 2.52203
1.847816e-007 2.45954
1.849816e-007 2.24858
1.851816e-007 2.14638
1.853816e-007 2.2731
1.855816e-007 2.38013
1.857816e-007 2.3242
1.859816e-007 2.24789
1.861816e-007 2.24547
1.863816e-007 2.31418
1.865816e-007 2.42363
1.867816e-007 2.44711
1.869816e-007 2.36321
1.871816e-007 2.36183
1.873816e-007 2.47991
1.875816e-007 2.50753
1.877816e-007 2.41949
1.879816e-007 2.40464
1.881816e-007 2.45436
1.883816e-007 2.44124
1.885816e-007 2.39636
1.887816e-007 2.37633
1.889816e-007 2.39636
1.891816e-007 2.46368
1.893816e-007 2.52273
1.895816e-007 2.55173
1.897816e-007 2.55345
1.899816e-007 2.51237
1.901816e-007 2.4768
1.903816e-007 2.49062
1.905816e-007 2.51789
1.907816e-007 2.521
1.909816e-007 2.52376
1.911816e-007 2.49131
1.913816e-007 2.40326
1.915816e-007 2.37357
1.917816e-007 2.41638
1.919816e-007 2.43917
1.921816e-007 2.45229
1.923816e-007 2.49338
1.925816e-007 2.56899
1.927816e-007 2.65704
1.929816e-007 2.67188
1.931816e-007 2.62562
1.933816e-007 2.63977
1.935816e-007 2.69467
1.937816e-007 2.7071
1.939816e-007 2.66981
1.941816e-007 2.57797
1.943816e-007 2.51651
1.945816e-007 2.57141
1.947816e-007 2.60973
1.949816e-007 2.54655
1.951816e-007 2.52342
1.953816e-007 2.5721
1.955816e-007 2.58487
1.957816e-007 2.55967
1.959816e-007 2.51513
1.961816e-007 2.46576
1.963816e-007 2.50753
1.965816e-007 2.65876
1.967816e-007 2.75958
1.969816e-007 2.71884
1.971816e-007 2.61837
1.973816e-007 2.53619
1.975816e-007 2.53239
1.977816e-007 2.5904
1.979816e-007 2.63114
1.981816e-007 2.6781
1.983816e-007 2.7361
1.985816e-007 2.71849
1.987816e-007 2.62734
1.989816e-007 2.57141
1.991816e-007 2.59558
1.993816e-007 2.64322
1.995816e-007 2.66014
1.997816e-007 2.61629
1.999816e-007 2.60766
2.001816e-007 2.75199
2.003816e-007 2.88008
2.005816e-007 2.8497
2.007816e-007 2.80792
2.009816e-007 2.80861
2.011816e-007 2.77961
2.013816e-007 2.71331
2.015816e-007 2.64668
2.017816e-007 2.66843
2.019816e-007 2.78548
2.021816e-007 2.88146
2.023816e-007 2.88319
2.025816e-007 2.7765
2.027816e-007 2.65462
2.029816e-007 2.67326
2.031816e-007 2.75371
2.033816e-007 2.73783
2.035816e-007 2.73645
2.037816e-007 2.85349
2.039816e-007 2.92635
2.041816e-007 2.86558
2.043816e-007 2.81068
2.045816e-007 2.81621
2.047816e-007 2.81448
2.049816e-007 2.78824
2.051816e-007 2.77995
2.053816e-007 2.84106
2.055816e-007 2.9191
2.057816e-007 2.93429
2.059816e-007 2.93463
2.061816e-007 2.97572
2.063816e-007 3.01163
2.065816e-007 2.96571
2.067816e-007 2.84003
2.069816e-007 2.74888
2.071816e-007 2.7727
2.073816e-007 2.82104
2.075816e-007 2.81517
2.077816e-007 2.84003
2.079816e-007 2.90667
2.081816e-007 2.93153
2.083816e-007 2.92738
2.085816e-007 2.90805
2.087816e-007 2.8711
2.089816e-007 2.87594
2.091816e-007 2.91254
2.093816e-007 2.91115
2.095816e-007 2.86489
2.097816e-007 2.81793
2.099816e-007 2.84037
2.101816e-007 2.89631
2.103816e-007 2.88422
2.105816e-007 2.83865
2.107816e-007 2.82898
2.109816e-007 2.8528
2.111816e-007 2.87387
2.113816e-007 2.87248
2.115816e-007 2.89734
2.117816e-007 2.94016
2.119816e-007 2.88043
2.121816e-007 2.74681
2.123816e-007 2.69087
2.125816e-007 2.70779
2.127816e-007 2.762
2.129816e-007 2.88215
2.131816e-007 3.01335
2.133816e-007 3.09311
2.135816e-007 3.13109
2.137816e-007 3.1083
2.139816e-007 3.01301
2.141816e-007 2.98953
2.143816e-007 3.08103
2.145816e-007 3.05272
2.147816e-007 2.85591
2.149816e-007 2.79031
2.151816e-007 2.95846
2.153816e-007 3.11072
2.155816e-007 3.08862
2.157816e-007 2.96571
2.159816e-007 2.91426
2.161816e-007 3.06066
2.163816e-007 3.24607
2.165816e-007 3.20049
2.167816e-007 3.03442
2.169816e-007 3.02164
2.171816e-007 3.09795
2.173816e-007 3.12384
2.175816e-007 3.11521
2.177816e-007 3.06169
2.179816e-007 3.00369
2.181816e-007 3.0465
2.183816e-007 3.14594
2.185816e-007 3.1632
2.187816e-007 3.0793
2.189816e-007 2.98194
2.191816e-007 2.91392
2.193816e-007 2.91254
2.195816e-007 3.0099
2.197816e-007 3.15112
2.199816e-007 3.26229
2.201816e-007 3.27438
2.203816e-007 3.19876
2.205816e-007 3.15008
2.207816e-007 3.13938
2.209816e-007 3.14007
2.211816e-007 3.16458
2.213816e-007 3.18323
2.215816e-007 3.22431
2.217816e-007 3.27611
2.219816e-007 3.22535
2.221816e-007 3.13558
2.223816e-007 3.13558
2.225816e-007 3.15595
2.227816e-007 3.138
2.229816e-007 3.14628
2.231816e-007 3.1563
2.233816e-007 3.07999
2.235816e-007 2.99575
2.237816e-007 3.03821
2.239816e-007 3.17943
2.241816e-007 3.29717
2.243816e-007 3.3096
2.245816e-007 3.27541
2.247816e-007 3.29579
2.249816e-007 3.31547
2.251816e-007 3.29199
2.253816e-007 3.33204
2.255816e-007 3.40938
2.257816e-007 3.34447
2.259816e-007 3.15353
2.261816e-007 3.03718
2.263816e-007 3.08655
2.265816e-007 3.18323
2.267816e-007 3.18426
2.269816e-007 3.16182
2.271816e-007 3.2547
2.273816e-007 3.3607
2.275816e-007 3.32997
2.277816e-007 3.23985
2.279816e-007 3.22362
2.281816e-007 3.23882
2.283816e-007 3.19255
2.285816e-007 3.1815
2.287816e-007 3.24952
2.289816e-007 3.23191
2.291816e-007 3.15699
2.293816e-007 3.22708
2.295816e-007 3.38694
2.297816e-007 3.43631
2.299816e-007 3.408
2.301816e-007 3.41801
2.303816e-007 3.4118
2.305816e-007 3.30683
2.307816e-007 3.17494
2.309816e-007 3.17839
2.311816e-007 3.27887
2.313816e-007 3.26437
2.315816e-007 3.13558
2.317816e-007 3.08862
2.319816e-007 3.18461
2.321816e-007 3.29613
2.323816e-007 3.31995
2.325816e-007 3.32341
2.327816e-007 3.41732
2.329816e-007 3.53678
2.331816e-007 3.52194
2.333816e-007 3.40006
2.335816e-007 3.35621
2.337816e-007 3.39591
2.339816e-007 3.36726
2.341816e-007 3.30856
2.343816e-007 3.33307
2.345816e-007 3.37278
2.347816e-007 3.34309
2.349816e-007 3.27541
2.351816e-007 3.20947
2.353816e-007 3.15595
2.355816e-007 3.18116
2.357816e-007 3.31616
2.359816e-007 3.43942
2.361816e-007 3.44425
2.363816e-007 3.37278
2.365816e-007 3.33929
2.367816e-007 3.39764
2.369816e-007 3.48223
2.371816e-007 3.53264
2.373816e-007 3.5102
2.375816e-007 3.41042
2.377816e-007 3.37485
2.379816e-007 3.44184
2.381816e-007 3.45288
2.383816e-007 3.38763
2.385816e-007 3.39591
2.387816e-007 3.5209
2.389816e-007 3.59203
2.391816e-007 3.50571
2.393816e-007 3.38832
2.395816e-007 3.36001
2.397816e-007 3.4118
2.399816e-007 3.45841
2.401816e-007 3.46531
2.403816e-007 3.49604
2.405816e-007 3.54921
2.407816e-007 3.57856
2.409816e-007 3.55923
2.411816e-007 3.50019
2.413816e-007 3.47671
2.415816e-007 3.48948
2.417816e-007 3.48983
2.419816e-007 3.4736
2.421816e-007 3.43562
2.423816e-007 3.42837
2.425816e-007 3.47187
2.427816e-007 3.4774
2.429816e-007 3.46324
2.431816e-007 3.53402
2.433816e-007 3.61827
2.435816e-007 3.58857
2.437816e-007 3.5171
2.439816e-007 3.51676
2.441816e-007 3.53091
2.443816e-007 3.47912
2.445816e-007 3.43424
2.447816e-007 3.44874
2.449816e-007 3.42526
2.451816e-007 3.39902
2.453816e-007 3.53022
2.455816e-007 3.69319
2.457816e-007 3.64658
2.459816e-007 3.48776
2.461816e-007 3.466
2.463816e-007 3.59134
2.465816e-007 3.69216
2.467816e-007 3.65866
2.469816e-007 3.55992
2.471816e-007 3.50847
2.473816e-007 3.51469
2.475816e-007 3.55405
2.477816e-007 3.59652
2.479816e-007 3.60791
2.481816e-007 3.58685
2.483816e-007 3.56579
2.485816e-007 3.57753
2.487816e-007 3.61033
2.489816e-007 3.64934
2.491816e-007 3.65141
2.493816e-007 3.57338
2.495816e-007 3.52539
2.497816e-007 3.59168
2.499816e-007 3.66246
2.501816e-007 3.65003
2.503816e-007 3.57856
2.505816e-007 3.49535
2.507816e-007 3.4484
2.509816e-007 3.48223
2.511816e-007 3.58443
2.513816e-007 3.68249
2.515816e-007 3.75638
2.517816e-007 3.80402
2.519816e-007 3.80748
2.521816e-007 3.80471
