-2.481116e-007 10.0762
-2.479116e-007 10.0607
-2.477116e-007 10.0085
-2.475116e-007 9.96468
-2.473116e-007 9.92463
-2.471116e-007 9.92498
-2.469116e-007 9.96019
-2.467116e-007 9.94914
-2.465116e-007 9.93257
-2.463116e-007 9.97538
-2.461116e-007 10.0396
-2.459116e-007 10.0893
-2.457116e-007 10.0952
-2.455116e-007 10.0814
-2.453116e-007 10.0869
-2.451116e-007 10.0614
-2.449116e-007 9.98471
-2.447116e-007 9.89114
-2.445116e-007 9.84246
-2.443116e-007 9.87905
-2.441116e-007 9.93913
-2.439116e-007 9.98851
-2.437116e-007 10.0286
-2.435116e-007 10.0261
-2.433116e-007 10.0123
-2.431116e-007 10.0206
-2.429116e-007 10.0175
-2.427116e-007 9.96952
-2.425116e-007 9.88872
-2.423116e-007 9.87836
-2.421116e-007 9.96813
-2.419116e-007 10.0223
-2.417116e-007 9.98609
-2.415116e-007 9.94569
-2.413116e-007 9.96848
-2.411116e-007 10.0555
-2.409116e-007 10.0866
-2.407116e-007 9.95743
-2.405116e-007 9.82795
-2.403116e-007 9.84211
-2.401116e-007 9.9229
-2.399116e-007 10.0286
-2.397116e-007 10.1018
-2.395116e-007 10.0693
-2.393116e-007 10.0455
-2.391116e-007 10.1062
-2.389116e-007 10.1784
-2.387116e-007 10.1912
-2.385116e-007 10.0952
-2.383116e-007 9.98298
-2.381116e-007 9.99058
-2.379116e-007 10.0313
-2.377116e-007 9.99507
-2.375116e-007 9.94638
-2.373116e-007 9.93292
-2.371116e-007 9.945
-2.369116e-007 9.9961
-2.367116e-007 10.0306
-2.365116e-007 9.99161
-2.363116e-007 9.96744
-2.361116e-007 10.0179
-2.359116e-007 10.0648
-2.357116e-007 10.051
-2.355116e-007 9.98678
-2.353116e-007 9.94949
-2.351116e-007 10.0251
-2.349116e-007 10.0952
-2.347116e-007 10.0147
-2.345116e-007 9.93084
-2.343116e-007 9.98816
-2.341116e-007 10.0576
-2.339116e-007 10.0254
-2.337116e-007 9.94707
-2.335116e-007 9.93395
-2.333116e-007 10.0006
-2.331116e-007 9.98229
-2.329116e-007 9.82036
-2.327116e-007 9.71885
-2.325116e-007 9.80758
-2.323116e-007 9.96813
-2.321116e-007 10.0534
-2.319116e-007 10.0272
-2.317116e-007 9.93775
-2.315116e-007 9.92981
-2.313116e-007 10.0572
-2.311116e-007 10.1774
-2.309116e-007 10.1943
-2.307116e-007 10.0948
-2.305116e-007 9.92739
-2.303116e-007 9.89528
-2.301116e-007 10.0838
-2.299116e-007 10.2644
-2.297116e-007 10.2896
-2.295116e-007 10.2278
-2.293116e-007 10.1266
-2.291116e-007 10.0386
-2.289116e-007 9.98885
-2.287116e-007 9.92394
-2.285116e-007 9.87318
-2.283116e-007 9.91047
-2.281116e-007 10.0379
-2.279116e-007 10.1867
-2.277116e-007 10.2147
-2.275116e-007 10.0652
-2.273116e-007 9.90978
-2.271116e-007 9.92256
-2.269116e-007 10.0441
-2.267116e-007 10.1204
-2.265116e-007 10.1135
-2.263116e-007 10.0765
-2.261116e-007 10.0248
-2.259116e-007 9.96572
-2.257116e-007 9.95225
-2.255116e-007 9.95639
-2.253116e-007 9.89563
-2.251116e-007 9.86145
-2.249116e-007 9.94845
-2.247116e-007 10.0109
-2.245116e-007 9.98851
-2.243116e-007 10.0154
-2.241116e-007 10.0786
-2.239116e-007 10.1007
-2.237116e-007 10.0973
-2.235116e-007 10.0683
-2.233116e-007 10.06
-2.231116e-007 10.1004
-2.229116e-007 10.1056
-2.227116e-007 10.0268
-2.225116e-007 9.91186
-2.223116e-007 9.83555
-2.221116e-007 9.83762
-2.219116e-007 9.92808
-2.217116e-007 10.0324
-2.215116e-007 10.0683
-2.213116e-007 10.1
-2.211116e-007 10.1449
-2.209116e-007 10.1173
-2.207116e-007 10.0379
-2.205116e-007 9.95639
-2.203116e-007 9.88009
-2.201116e-007 9.85903
-2.199116e-007 9.89873
-2.197116e-007 9.98333
-2.195116e-007 10.1608
-2.193116e-007 10.3345
-2.191116e-007 10.3324
-2.189116e-007 10.1977
-2.187116e-007 10.0482
-2.185116e-007 9.98056
-2.183116e-007 10.0396
-2.181116e-007 10.1021
-2.179116e-007 10.089
-2.177116e-007 10.0745
-2.175116e-007 10.0545
-2.173116e-007 9.96503
-2.171116e-007 9.8756
-2.169116e-007 9.88769
-2.167116e-007 9.95432
-2.165116e-007 9.96986
-2.163116e-007 9.94051
-2.161116e-007 9.9488
-2.159116e-007 9.97366
-2.157116e-007 9.94569
-2.155116e-007 9.916
-2.153116e-007 9.92774
-2.151116e-007 9.93084
-2.149116e-007 9.91565
-2.147116e-007 9.93154
-2.145116e-007 9.99714
-2.143116e-007 10.0355
-2.141116e-007 9.9816
-2.139116e-007 9.91842
-2.137116e-007 9.92843
-2.135116e-007 9.95329
-2.133116e-007 9.92325
-2.131116e-007 9.8718
-2.129116e-007 9.87629
-2.127116e-007 9.95053
-2.125116e-007 10.0382
-2.123116e-007 10.1069
-2.121116e-007 10.1339
-2.119116e-007 10.1207
-2.117116e-007 10.1087
-2.115116e-007 10.0555
-2.113116e-007 9.96503
-2.111116e-007 9.9961
-2.109116e-007 10.1473
-2.107116e-007 10.2292
-2.105116e-007 10.1922
-2.103116e-007 10.1
-2.101116e-007 10.0189
-2.099116e-007 10.023
-2.097116e-007 10.0403
-2.095116e-007 9.95501
-2.093116e-007 9.8756
-2.091116e-007 9.91255
-2.089116e-007 9.97331
-2.087116e-007 9.9892
-2.085116e-007 9.96296
-2.083116e-007 9.90633
-2.081116e-007 9.92946
-2.079116e-007 10.0665
-2.077116e-007 10.1908
-2.075116e-007 10.2171
-2.073116e-007 10.1418
-2.071116e-007 10.0555
-2.069116e-007 10.0431
-2.067116e-007 10.0572
-2.065116e-007 10.0855
-2.063116e-007 10.1442
-2.061116e-007 10.1221
-2.059116e-007 10.0175
-2.057116e-007 9.99127
-2.055116e-007 9.99783
-2.053116e-007 9.95191
-2.051116e-007 9.96537
-2.049116e-007 10.0417
-2.047116e-007 10.0942
-2.045116e-007 10.1176
-2.043116e-007 10.109
-2.041116e-007 10.0776
-2.039116e-007 10.0375
-2.037116e-007 9.96986
-2.035116e-007 9.87249
-2.033116e-007 9.87318
-2.031116e-007 10.0486
-2.029116e-007 10.1933
-2.027116e-007 10.1356
-2.025116e-007 9.97021
-2.023116e-007 9.86248
-2.021116e-007 9.88389
-2.019116e-007 9.93602
-2.017116e-007 9.89908
-2.015116e-007 9.84625
-2.013116e-007 9.88665
-2.011116e-007 9.94051
-2.009116e-007 9.89908
-2.007116e-007 9.81207
-2.005116e-007 9.80966
-2.003116e-007 9.94845
-2.001116e-007 10.0596
-1.999116e-007 10.004
-1.997116e-007 9.91565
-1.995116e-007 9.85454
-1.993116e-007 9.77685
-1.991116e-007 9.78031
-1.989116e-007 9.87318
-1.987116e-007 9.91255
-1.985116e-007 9.92498
-1.983116e-007 10.0272
-1.981116e-007 10.1352
-1.979116e-007 10.0924
-1.977116e-007 9.94327
-1.975116e-007 9.88872
-1.973116e-007 9.9778
-1.971116e-007 10.0779
-1.969116e-007 10.0783
-1.967116e-007 9.96848
-1.965116e-007 9.8573
-1.963116e-007 9.83728
-1.961116e-007 9.87802
-1.959116e-007 9.93982
-1.957116e-007 10.0217
-1.955116e-007 10.0835
-1.953116e-007 10.0658
-1.951116e-007 10.0182
-1.949116e-007 10.0427
-1.947116e-007 10.1225
-1.945116e-007 10.1508
-1.943116e-007 10.0883
-1.941116e-007 9.99368
-1.939116e-007 9.9412
-1.937116e-007 9.92256
-1.935116e-007 9.88872
-1.933116e-007 9.88216
-1.931116e-007 9.92428
-1.929116e-007 9.96192
-1.927116e-007 10.0358
-1.925116e-007 10.1252
-1.923116e-007 10.1087
-1.921116e-007 10.0728
-1.919116e-007 10.1128
-1.917116e-007 10.0738
-1.915116e-007 9.91358
-1.913116e-007 9.86283
-1.911116e-007 10.0006
-1.909116e-007 10.1052
-1.907116e-007 10.0569
-1.905116e-007 9.99541
-1.903116e-007 10.0172
-1.901116e-007 10.0455
-1.899116e-007 10.0234
-1.897116e-007 10.0172
-1.895116e-007 10.0786
-1.893116e-007 10.1339
-1.891116e-007 10.1308
-1.889116e-007 10.1328
-1.887116e-007 10.1366
-1.885116e-007 10.0717
-1.883116e-007 9.99334
-1.881116e-007 9.95743
-1.879116e-007 9.92774
-1.877116e-007 9.98264
-1.875116e-007 10.1639
-1.873116e-007 10.2495
-1.871116e-007 10.1708
-1.869116e-007 10.1076
-1.867116e-007 10.0952
-1.865116e-007 10.0897
-1.863116e-007 10.0358
-1.861116e-007 9.90978
-1.859116e-007 9.85281
-1.857116e-007 9.92118
-1.855116e-007 9.96123
-1.853116e-007 9.8832
-1.851116e-007 9.81104
-1.849116e-007 9.88113
-1.847116e-007 9.99472
-1.845116e-007 9.96261
-1.843116e-007 9.82485
-1.841116e-007 9.80379
-1.839116e-007 9.90012
-1.837116e-007 9.91496
-1.835116e-007 9.84038
-1.833116e-007 9.80137
-1.831116e-007 9.83762
-1.829116e-007 9.92705
-1.827116e-007 10.0092
-1.825116e-007 10.0389
-1.823116e-007 10.0437
-1.821116e-007 10.0047
-1.819116e-007 9.91393
-1.817116e-007 9.89701
-1.815116e-007 9.97746
-1.813116e-007 10.0413
-1.811116e-007 10.0444
-1.809116e-007 10.0137
-1.807116e-007 9.98229
-1.805116e-007 9.97193
-1.803116e-007 10.0223
-1.801116e-007 10.108
-1.799116e-007 10.0969
-1.797116e-007 9.99817
-1.795116e-007 9.99265
-1.793116e-007 10.1135
-1.791116e-007 10.187
-1.789116e-007 10.1024
-1.787116e-007 9.97435
-1.785116e-007 9.95191
-1.783116e-007 9.99955
-1.781116e-007 10.0306
-1.779116e-007 10.0451
-1.777116e-007 10.0624
-1.775116e-007 10.0638
-1.773116e-007 9.99334
-1.771116e-007 9.89252
-1.769116e-007 9.89425
-1.767116e-007 9.98402
-1.765116e-007 10.0437
-1.763116e-007 10.0538
-1.761116e-007 10.06
-1.759116e-007 10.0821
-1.757116e-007 10.0879
-1.755116e-007 10.071
-1.753116e-007 10.0638
-1.751116e-007 10.0676
-1.749116e-007 10.0821
-1.747116e-007 10.0634
-1.745116e-007 9.97573
-1.743116e-007 9.89804
-1.741116e-007 9.89183
-1.739116e-007 9.92601
-1.737116e-007 9.9595
-1.735116e-007 9.96917
-1.733116e-007 9.98333
-1.731116e-007 10.0403
-1.729116e-007 10.0658
-1.727116e-007 9.9892
-1.725116e-007 9.86766
-1.723116e-007 9.78928
-1.721116e-007 9.83659
-1.719116e-007 9.94327
-1.717116e-007 9.96019
-1.715116e-007 9.97228
-1.713116e-007 10.061
-1.711116e-007 10.1204
-1.709116e-007 10.1308
-1.707116e-007 10.1484
-1.705116e-007 10.1308
-1.703116e-007 10.0748
-1.701116e-007 10.0734
-1.699116e-007 10.1584
-1.697116e-007 10.2409
-1.695116e-007 10.1839
-1.693116e-007 10.0496
-1.691116e-007 10.0265
-1.689116e-007 10.0441
-1.687116e-007 9.95605
-1.685116e-007 9.86386
-1.683116e-007 9.86455
-1.681116e-007 9.89563
-1.679116e-007 9.92498
-1.677116e-007 9.92394
-1.675116e-007 9.87008
-1.673116e-007 9.87457
-1.671116e-007 9.95053
-1.669116e-007 9.99507
-1.667116e-007 10.081
-1.665116e-007 10.206
-1.663116e-007 10.1974
-1.661116e-007 10.0973
-1.659116e-007 10.0261
-1.657116e-007 9.98333
-1.655116e-007 9.96917
-1.653116e-007 9.95605
-1.651116e-007 9.94431
-1.649116e-007 9.95536
-1.647116e-007 9.90875
-1.645116e-007 9.82278
-1.643116e-007 9.8649
-1.641116e-007 10.0403
-1.639116e-007 10.1698
-1.637116e-007 10.1522
-1.635116e-007 10.0496
-1.633116e-007 9.97055
-1.631116e-007 9.93637
-1.629116e-007 9.90633
-1.627116e-007 9.88423
-1.625116e-007 9.91911
-1.623116e-007 9.98194
-1.621116e-007 10.0009
-1.619116e-007 10.0078
-1.617116e-007 10.0268
-1.615116e-007 10.0317
-1.613116e-007 10.0047
-1.611116e-007 9.92877
-1.609116e-007 9.90184
-1.607116e-007 10.0065
-1.605116e-007 10.0717
-1.603116e-007 9.96813
-1.601116e-007 9.90081
-1.599116e-007 10.0482
-1.597116e-007 10.2188
-1.595116e-007 10.1998
-1.593116e-007 10.0924
-1.591116e-007 10.0458
-1.589116e-007 10.0355
-1.587116e-007 9.99092
-1.585116e-007 9.945
-1.583116e-007 10.0213
-1.581116e-007 10.1615
-1.579116e-007 10.1259
-1.577116e-007 9.96675
-1.575116e-007 9.95122
-1.573116e-007 10.0572
-1.571116e-007 10.0724
-1.569116e-007 9.97331
-1.567116e-007 9.89321
-1.565116e-007 9.90219
-1.563116e-007 9.95294
-1.561116e-007 9.99748
-1.559116e-007 10.071
-1.557116e-007 10.158
-1.555116e-007 10.1518
-1.553116e-007 10.0769
-1.551116e-007 10.0558
-1.549116e-007 10.0759
-1.547116e-007 10.0769
-1.545116e-007 10.0803
-1.543116e-007 10.0489
-1.541116e-007 9.92808
-1.539116e-007 9.84315
-1.537116e-007 9.92256
-1.535116e-007 10.0424
-1.533116e-007 10.0413
-1.531116e-007 9.96675
-1.529116e-007 9.92359
-1.527116e-007 9.90322
-1.525116e-007 9.90944
-1.523116e-007 9.97228
-1.521116e-007 10.002
-1.519116e-007 9.96744
-1.517116e-007 9.97953
-1.515116e-007 10.0192
-1.513116e-007 9.99437
-1.511116e-007 9.95018
-1.509116e-007 9.945
-1.507116e-007 9.98056
-1.505116e-007 10.0368
-1.503116e-007 10.0869
-1.501116e-007 10.1501
-1.499116e-007 10.2102
-1.497116e-007 10.1874
-1.495116e-007 10.051
-1.493116e-007 9.88285
-1.491116e-007 9.83037
-1.489116e-007 9.88009
-1.487116e-007 9.91082
-1.485116e-007 9.91255
-1.483116e-007 9.92532
-1.481116e-007 9.95191
-1.479116e-007 9.9892
-1.477116e-007 10.0582
-1.475116e-007 10.1021
-1.473116e-007 10.0389
-1.471116e-007 9.97055
-1.469116e-007 10.0147
-1.467116e-007 10.0859
-1.465116e-007 10.0703
-1.463116e-007 10.0075
-1.461116e-007 9.95053
-1.459116e-007 9.88734
-1.457116e-007 9.89563
-1.455116e-007 10.0068
-1.453116e-007 10.062
-1.451116e-007 9.99714
-1.449116e-007 9.93637
-1.447116e-007 9.91876
-1.445116e-007 9.90012
-1.443116e-007 9.94189
-1.441116e-007 10.1042
-1.439116e-007 10.2865
-1.437116e-007 10.3241
-1.435116e-007 10.1995
-1.433116e-007 10.0507
-1.431116e-007 9.99092
-1.429116e-007 10.032
-1.427116e-007 10.0627
-1.425116e-007 10.0241
-1.423116e-007 10.0441
-1.421116e-007 10.1318
-1.419116e-007 10.1207
-1.417116e-007 10.031
-1.415116e-007 10.0068
-1.413116e-007 10.042
-1.411116e-007 10.0817
-1.409116e-007 10.0928
-1.407116e-007 10.0179
-1.405116e-007 9.91289
-1.403116e-007 9.87146
-1.401116e-007 9.89321
-1.399116e-007 9.99955
-1.397116e-007 10.147
-1.395116e-007 10.1708
-1.393116e-007 10.1176
-1.391116e-007 10.1283
-1.389116e-007 10.0973
-1.387116e-007 10.0051
-1.385116e-007 9.99541
-1.383116e-007 10.0465
-1.381116e-007 10.0759
-1.379116e-007 10.0886
-1.377116e-007 10.0624
-1.375116e-007 9.97297
-1.373116e-007 9.90875
-1.371116e-007 9.91807
-1.369116e-007 9.94189
-1.367116e-007 9.9557
-1.365116e-007 9.98471
-1.363116e-007 10.0558
-1.361116e-007 10.0921
-1.359116e-007 9.97055
-1.357116e-007 9.80862
-1.355116e-007 9.82001
-1.353116e-007 9.94466
-1.351116e-007 10.0437
-1.349116e-007 10.1093
-1.347116e-007 10.0997
-1.345116e-007 10.0213
-1.343116e-007 9.945
-1.341116e-007 9.90357
-1.339116e-007 9.93602
-1.337116e-007 9.9709
-1.335116e-007 9.93706
-1.333116e-007 9.95743
-1.331116e-007 10.0434
-1.329116e-007 10.0645
-1.327116e-007 10.052
-1.325116e-007 10.032
-1.323116e-007 9.94293
-1.321116e-007 9.89735
-1.319116e-007 10.0113
-1.317116e-007 10.1083
-1.315116e-007 10.0441
-1.313116e-007 9.99023
-1.311116e-007 10.0092
-1.309116e-007 9.96779
-1.307116e-007 9.9122
-1.305116e-007 9.9305
-1.303116e-007 9.98851
-1.301116e-007 10.022
-1.299116e-007 9.94742
-1.297116e-007 9.8024
-1.295116e-007 9.75856
-1.293116e-007 9.87042
-1.291116e-007 10.0292
-1.289116e-007 10.0966
-1.287116e-007 10.022
-1.285116e-007 9.93292
-1.283116e-007 9.97538
-1.281116e-007 10.0855
-1.279116e-007 10.1598
-1.277116e-007 10.2229
-1.275116e-007 10.243
-1.273116e-007 10.1746
-1.271116e-007 10.1239
-1.269116e-007 10.1321
-1.267116e-007 10.0855
-1.265116e-007 9.9778
-1.263116e-007 9.95778
-1.261116e-007 10.0648
-1.259116e-007 10.1276
-1.257116e-007 10.0223
-1.255116e-007 9.8901
-1.253116e-007 9.90668
-1.251116e-007 10.012
-1.249116e-007 10.1142
-1.247116e-007 10.1663
-1.245116e-007 10.0741
-1.243116e-007 9.95018
-1.241116e-007 9.97538
-1.239116e-007 10.0261
-1.237116e-007 9.98712
-1.235116e-007 9.98851
-1.233116e-007 10.0703
-1.231116e-007 10.1297
-1.229116e-007 10.1201
-1.227116e-007 10.0652
-1.225116e-007 10.0517
-1.223116e-007 10.1104
-1.221116e-007 10.1228
-1.219116e-007 10.0617
-1.217116e-007 10.0707
-1.215116e-007 10.1073
-1.213116e-007 10.0058
-1.211116e-007 9.89217
-1.209116e-007 9.94569
-1.207116e-007 10.0351
-1.205116e-007 10.021
-1.203116e-007 9.9961
-1.201116e-007 10.0065
-1.199116e-007 9.97504
-1.197116e-007 9.9267
-1.195116e-007 9.94362
-1.193116e-007 9.98781
-1.191116e-007 9.98471
-1.189116e-007 9.95709
-1.187116e-007 9.93913
-1.185116e-007 9.93188
-1.183116e-007 9.94604
-1.181116e-007 9.95294
-1.179116e-007 9.92808
-1.177116e-007 9.95018
-1.175116e-007 10.0545
-1.173116e-007 10.0707
-1.171116e-007 9.94086
-1.169116e-007 9.87146
-1.167116e-007 9.92808
-1.165116e-007 9.99058
-1.163116e-007 10.022
-1.161116e-007 10.0555
-1.159116e-007 10.1232
-1.157116e-007 10.2008
-1.155116e-007 10.1604
-1.153116e-007 10.0441
-1.151116e-007 10.0645
-1.149116e-007 10.1239
-1.147116e-007 10.0348
-1.145116e-007 9.92877
-1.143116e-007 9.94811
-1.141116e-007 10.0451
-1.139116e-007 10.0793
-1.137116e-007 9.99058
-1.135116e-007 9.90737
-1.133116e-007 9.8901
-1.131116e-007 9.85696
-1.129116e-007 9.88216
-1.127116e-007 10.0437
-1.125116e-007 10.1332
-1.123116e-007 10.0296
-1.121116e-007 9.94466
-1.119116e-007 9.97746
-1.117116e-007 10.0168
-1.115116e-007 10.0482
-1.113116e-007 10.0569
-1.111116e-007 9.99507
-1.109116e-007 9.97159
-1.107116e-007 10.0189
-1.105116e-007 10.0092
-1.103116e-007 9.99852
-1.101116e-007 10.0765
-1.099116e-007 10.1287
-1.097116e-007 10.1069
-1.095116e-007 10.0831
-1.093116e-007 10.0845
-1.091116e-007 10.0821
-1.089116e-007 10.0579
-1.087116e-007 10.0507
-1.085116e-007 10.0676
-1.083116e-007 10.0538
-1.081116e-007 10.0206
-1.079116e-007 10.0258
-1.077116e-007 10.05
-1.075116e-007 10.0772
-1.073116e-007 10.089
-1.071116e-007 10.0403
-1.069116e-007 10.0199
-1.067116e-007 10.0966
-1.065116e-007 10.1287
-1.063116e-007 10.0241
-1.061116e-007 9.92428
-1.059116e-007 9.98333
-1.057116e-007 10.1349
-1.055116e-007 10.1736
-1.053116e-007 10.0134
-1.051116e-007 9.82899
-1.049116e-007 9.8359
-1.047116e-007 9.97677
-1.045116e-007 10.0279
-1.043116e-007 9.93982
-1.041116e-007 9.85178
-1.039116e-007 9.86593
-1.037116e-007 9.93292
-1.035116e-007 9.93706
-1.033116e-007 9.94707
-1.031116e-007 10.0931
-1.029116e-007 10.2164
-1.027116e-007 10.1404
-1.025116e-007 9.98678
-1.023116e-007 9.88907
-1.021116e-007 9.87595
-1.019116e-007 10.0006
-1.017116e-007 10.1107
-1.015116e-007 10.0154
-1.013116e-007 9.91393
-1.011116e-007 9.99334
-1.009116e-007 10.0983
-1.007116e-007 10.0479
-1.005116e-007 9.87457
-1.003116e-007 9.76028
-1.001116e-007 9.82588
-9.991161e-008 10.0158
-9.971161e-008 10.1625
-9.951161e-008 10.168
-9.931161e-008 10.0897
-9.911161e-008 10.0327
-9.891161e-008 10.031
-9.871161e-008 10.0486
-9.851161e-008 10.0534
-9.831161e-008 10.0596
-9.811161e-008 10.0496
-9.791161e-008 9.97849
-9.771161e-008 9.93602
-9.751161e-008 9.97987
-9.731161e-008 9.98609
-9.711161e-008 9.93844
-9.691161e-008 9.93188
-9.671161e-008 9.95812
-9.651161e-008 10.0009
-9.631161e-008 10.0821
-9.611161e-008 10.1608
-9.591161e-008 10.1708
-9.571161e-008 10.1152
-9.551161e-008 10.1059
-9.531161e-008 10.156
-9.511161e-008 10.0986
-9.491161e-008 9.98402
-9.471161e-008 10.0324
-9.451161e-008 10.1325
-9.431161e-008 10.0914
-9.411161e-008 10.0203
-9.391161e-008 9.9923
-9.371161e-008 9.93084
-9.351161e-008 9.89563
-9.331161e-008 9.9923
-9.311161e-008 10.1346
-9.291161e-008 10.1694
-9.271161e-008 10.1107
-9.251161e-008 10.0603
-9.231161e-008 10.033
-9.211161e-008 10.0071
-9.191161e-008 10.0286
-9.171161e-008 10.1314
-9.151161e-008 10.2457
-9.131161e-008 10.303
-9.111161e-008 10.2734
-9.091161e-008 10.1259
-9.071161e-008 9.98954
-9.051161e-008 10.0279
-9.031161e-008 10.0755
-9.011161e-008 9.95329
-8.991161e-008 9.85143
-8.971161e-008 9.90599
-8.951161e-008 9.99092
-8.931161e-008 10.0296
-8.911161e-008 10.0358
-8.891161e-008 9.98264
-8.871161e-008 9.89804
-8.851161e-008 9.92083
-8.831161e-008 10.0779
-8.811161e-008 10.1867
-8.791161e-008 10.1242
-8.771161e-008 10.0241
-8.751161e-008 10.0596
-8.731161e-008 10.1501
-8.711161e-008 10.1325
-8.691161e-008 10.0507
-8.671161e-008 10.021
-8.651161e-008 10.0617
-8.631161e-008 10.1166
-8.611161e-008 10.0983
-8.591161e-008 10.051
-8.571161e-008 10.098
-8.551161e-008 10.1415
-8.531161e-008 10.051
-8.511161e-008 9.93982
-8.491161e-008 9.91393
-8.471161e-008 9.95363
-8.451161e-008 10.0386
-8.431161e-008 10.0852
-8.411161e-008 10.0828
-8.391161e-008 10.1439
-8.371161e-008 10.1674
-8.351161e-008 10.033
-8.331161e-008 9.93637
-8.311161e-008 9.99645
-8.291161e-008 10.0807
-8.271161e-008 10.0852
-8.251161e-008 10.003
-8.231161e-008 9.96503
-8.211161e-008 10.1018
-8.191161e-008 10.2368
-8.171161e-008 10.1667
-8.151161e-008 10.0217
-8.131161e-008 9.92463
-8.111161e-008 9.86593
-8.091161e-008 9.91945
-8.071161e-008 10.022
-8.051161e-008 10.0034
-8.031161e-008 9.97193
-8.011161e-008 10.0258
-7.991161e-008 10.0444
-7.971161e-008 10.0192
-7.951161e-008 10.0382
-7.931161e-008 10.109
-7.911161e-008 10.1694
-7.891161e-008 10.1107
-7.871161e-008 9.97228
-7.851161e-008 9.95881
-7.831161e-008 10.0244
-7.811161e-008 9.97124
-7.791161e-008 9.90668
-7.771161e-008 10.004
-7.751161e-008 10.1359
-7.731161e-008 10.1221
-7.711161e-008 10.0179
-7.691161e-008 10.013
-7.671161e-008 10.1359
-7.651161e-008 10.1881
-7.631161e-008 10.0845
-7.611161e-008 9.99023
-7.591161e-008 10.0189
-7.571161e-008 10.0707
-7.551161e-008 10.0206
-7.531161e-008 9.93084
-7.511161e-008 9.95225
-7.491161e-008 10.0672
-7.471161e-008 10.1073
-7.451161e-008 10.0362
-7.431161e-008 9.95709
-7.411161e-008 9.89148
-7.391161e-008 9.86283
-7.371161e-008 9.95053
-7.351161e-008 10.0655
-7.331161e-008 10.0286
-7.311161e-008 9.87871
-7.291161e-008 9.77858
-7.271161e-008 9.77547
-7.251161e-008 9.839
-7.231161e-008 9.92428
-7.211161e-008 9.9633
-7.191161e-008 9.91496
-7.171161e-008 9.8649
-7.151161e-008 9.94293
-7.131161e-008 10.0627
-7.111161e-008 10.0741
-7.091161e-008 10.0479
-7.071161e-008 10.0603
-7.051161e-008 10.0745
-7.031161e-008 10.0741
-7.011161e-008 10.0472
-6.991161e-008 10.0058
-6.971161e-008 9.97953
-6.951161e-008 9.9412
-6.931161e-008 9.87077
-6.911161e-008 9.85937
-6.891161e-008 9.97815
-6.871161e-008 10.0648
-6.851161e-008 10.0071
-6.831161e-008 9.9923
-6.811161e-008 10.0873
-6.791161e-008 10.1456
-6.771161e-008 10.1304
-6.751161e-008 10.0855
-6.731161e-008 10.0444
-6.711161e-008 10.0355
-6.691161e-008 10.0676
-6.671161e-008 10.1135
-6.651161e-008 10.0952
-6.631161e-008 9.98609
-6.611161e-008 9.84729
-6.591161e-008 9.78411
-6.571161e-008 9.86386
-6.551161e-008 10.0192
-6.531161e-008 10.1073
-6.511161e-008 10.0835
-6.491161e-008 10.0589
-6.471161e-008 10.0731
-6.451161e-008 10.0206
-6.431161e-008 9.95294
-6.411161e-008 9.99265
-6.391161e-008 10.0513
-6.371161e-008 10.0548
-6.351161e-008 10.0907
-6.331161e-008 10.1687
-6.311161e-008 10.205
-6.291161e-008 10.1791
-6.271161e-008 10.0942
-6.251161e-008 9.98816
-6.231161e-008 9.9816
-6.211161e-008 10.0589
-6.191161e-008 10.0845
-6.171161e-008 10.0431
-6.151161e-008 10.0109
-6.131161e-008 10.0379
-6.111161e-008 10.09
-6.091161e-008 10.0973
-6.071161e-008 10.0379
-6.051161e-008 9.95122
-6.031161e-008 9.88838
-6.011161e-008 9.87491
-5.991161e-008 9.93361
-5.971161e-008 10.0223
-5.951161e-008 10.0531
-5.931161e-008 10.0548
-5.911161e-008 10.069
-5.891161e-008 10.0852
-5.871161e-008 10.1183
-5.851161e-008 10.0917
-5.831161e-008 9.95087
-5.811161e-008 9.86939
-5.791161e-008 9.92463
-5.771161e-008 9.95778
-5.751161e-008 9.92498
-5.731161e-008 9.91393
-5.711161e-008 9.9778
-5.691161e-008 10.09
-5.671161e-008 10.127
-5.651161e-008 10.0355
-5.631161e-008 9.97228
-5.611161e-008 10.0175
-5.591161e-008 10.0099
-5.571161e-008 9.89045
-5.551161e-008 9.79895
-5.531161e-008 9.84315
-5.511161e-008 9.99714
-5.491161e-008 10.1183
-5.471161e-008 10.1384
-5.451161e-008 10.1059
-5.431161e-008 10.0368
-5.411161e-008 9.94914
-5.391161e-008 9.91013
-5.371161e-008 9.94845
-5.351161e-008 9.99472
-5.331161e-008 9.97366
-5.311161e-008 9.92912
-5.291161e-008 9.94466
-5.271161e-008 9.98747
-5.251161e-008 9.98402
-5.231161e-008 9.96779
-5.211161e-008 9.97573
-5.191161e-008 9.97331
-5.171161e-008 9.99092
-5.151161e-008 10.0638
-5.131161e-008 10.1149
-5.111161e-008 10.1176
-5.091161e-008 10.0914
-5.071161e-008 10.0282
-5.051161e-008 10.0161
-5.031161e-008 10.0886
-5.011161e-008 10.0835
-4.991161e-008 9.94569
-4.971161e-008 9.83693
-4.951161e-008 9.81691
-4.931161e-008 9.82312
-4.911161e-008 9.86214
-4.891161e-008 9.8832
-4.871161e-008 9.84418
-4.851161e-008 9.87836
-4.831161e-008 10.0144
-4.811161e-008 10.1131
-4.791161e-008 10.1422
-4.771161e-008 10.099
-4.751161e-008 9.96744
-4.731161e-008 9.87318
-4.711161e-008 9.93084
-4.691161e-008 10.0465
-4.671161e-008 10.0948
-4.651161e-008 10.0824
-4.631161e-008 10.0531
-4.611161e-008 10.0382
-4.591161e-008 10.0545
-4.571161e-008 10.0862
-4.551161e-008 10.08
-4.531161e-008 10.0341
-4.511161e-008 10.0106
-4.491161e-008 9.99714
-4.471161e-008 9.96675
-4.451161e-008 9.94949
-4.431161e-008 9.96503
-4.411161e-008 9.99783
-4.391161e-008 10.0355
-4.371161e-008 10.0807
-4.351161e-008 10.0728
-4.331161e-008 10.0109
-4.311161e-008 10.0486
-4.291161e-008 10.1712
-4.271161e-008 10.176
-4.251161e-008 10.0797
-4.231161e-008 10.0268
-4.211161e-008 10.0109
-4.191161e-008 10.0327
-4.171161e-008 10.0879
-4.151161e-008 10.0437
-4.131161e-008 9.91116
-4.111161e-008 9.87215
-4.091161e-008 9.93844
-4.071161e-008 9.98229
-4.051161e-008 9.97193
-4.031161e-008 9.95432
-4.011161e-008 9.93188
-3.991161e-008 9.90806
-3.971161e-008 9.96226
-3.951161e-008 10.0652
-3.931161e-008 10.0803
-3.911161e-008 10.0061
-3.891161e-008 9.91289
-3.871161e-008 9.86455
-3.851161e-008 9.93395
-3.831161e-008 10.0379
-3.811161e-008 10.0907
-3.791161e-008 10.1387
-3.771161e-008 10.1394
-3.751161e-008 10.0475
-3.731161e-008 9.94051
-3.711161e-008 9.91531
-3.691161e-008 9.96468
-3.671161e-008 9.98712
-3.651161e-008 9.96537
-3.631161e-008 9.95122
-3.611161e-008 9.95501
-3.591161e-008 9.97159
-3.571161e-008 9.99748
-3.551161e-008 10.0113
-3.531161e-008 10.0289
-3.511161e-008 10.0527
-3.491161e-008 10.0223
-3.471161e-008 9.9816
-3.451161e-008 10.0123
-3.431161e-008 10.0586
-3.411161e-008 10.0403
-3.391161e-008 9.97435
-3.371161e-008 9.9381
-3.351161e-008 9.9381
-3.331161e-008 9.92739
-3.311161e-008 9.93326
-3.291161e-008 9.99403
-3.271161e-008 10.0123
-3.251161e-008 9.94224
-3.231161e-008 9.95674
-3.211161e-008 10.0973
-3.191161e-008 10.1598
-3.171161e-008 10.0762
-3.151161e-008 9.99645
-3.131161e-008 10.0448
-3.111161e-008 10.1753
-3.091161e-008 10.233
-3.071161e-008 10.1411
-3.051161e-008 9.98367
-3.031161e-008 9.89908
-3.011161e-008 9.96813
-2.991161e-008 10.1159
-2.971161e-008 10.1718
-2.951161e-008 10.1283
-2.931161e-008 10.0869
-2.911161e-008 10.0576
-2.891161e-008 10.05
-2.871161e-008 10.0679
-2.851161e-008 10.0213
-2.831161e-008 9.91116
-2.811161e-008 9.89079
-2.791161e-008 9.95501
-2.771161e-008 9.9595
-2.751161e-008 9.95847
-2.731161e-008 10.0897
-2.711161e-008 10.2772
-2.691161e-008 10.3486
-2.671161e-008 10.2654
-2.651161e-008 10.1511
-2.631161e-008 10.1225
-2.611161e-008 10.0862
-2.591161e-008 9.97159
-2.571161e-008 9.94397
-2.551161e-008 10.0299
-2.531161e-008 10.0548
-2.511161e-008 9.99886
-2.491161e-008 9.92912
-2.471161e-008 9.8939
-2.451161e-008 9.92705
-2.431161e-008 9.9709
-2.411161e-008 9.99472
-2.391161e-008 10.0096
-2.371161e-008 9.94224
-2.351161e-008 9.81622
-2.331161e-008 9.80827
-2.311161e-008 9.90426
-2.291161e-008 9.92498
-2.271161e-008 9.89701
-2.251161e-008 9.9046
-2.231161e-008 9.90737
-2.211161e-008 9.93741
-2.191161e-008 9.99058
-2.171161e-008 9.94362
-2.151161e-008 9.887
-2.131161e-008 10.0172
-2.111161e-008 10.2012
-2.091161e-008 10.1394
-2.071161e-008 9.88044
-2.051161e-008 9.78687
-2.031161e-008 9.93395
-2.011161e-008 10.0655
-1.991161e-008 10.0976
-1.971161e-008 10.0983
-1.951161e-008 10.0582
-1.931161e-008 10.0344
-1.911161e-008 10.0952
-1.891161e-008 10.1239
-1.871161e-008 10.0451
-1.851161e-008 9.98781
-1.831161e-008 10.0192
-1.811161e-008 10.0486
-1.791161e-008 10.0127
-1.771161e-008 9.95778
-1.751161e-008 9.95294
-1.731161e-008 9.99196
-1.711161e-008 10.0272
-1.691161e-008 10.0469
-1.671161e-008 10.042
-1.651161e-008 10.0234
-1.631161e-008 10.0413
-1.611161e-008 10.0866
-1.591161e-008 10.0627
-1.571161e-008 9.95087
-1.551161e-008 9.90081
-1.531161e-008 9.97815
-1.511161e-008 10.0413
-1.491161e-008 10.0006
-1.471161e-008 9.97677
-1.451161e-008 10.051
-1.431161e-008 10.0948
-1.411161e-008 9.99507
-1.391161e-008 9.82692
-1.371161e-008 9.75199
-1.351161e-008 9.81691
-1.331161e-008 9.94845
-1.311161e-008 10.0662
-1.291161e-008 10.1152
-1.271161e-008 10.1045
-1.251161e-008 10.0869
-1.231161e-008 10.0752
-1.211161e-008 10.0665
-1.191161e-008 10.0672
-1.171161e-008 10.0047
-1.151161e-008 9.89528
-1.131161e-008 9.93499
-1.111161e-008 10.0627
-1.091161e-008 10.0344
-1.071161e-008 9.92498
-1.051161e-008 9.8687
-1.031161e-008 9.81207
-1.011161e-008 9.79861
-9.911605e-009 9.86732
-9.711605e-009 9.916
-9.511605e-009 9.93982
-9.311605e-009 9.95432
-9.111605e-009 9.91945
-8.911605e-009 9.92463
-8.711605e-009 10.0051
-8.511605e-009 10.041
-8.311605e-009 10.013
-8.111605e-009 9.99299
-7.911605e-009 9.99748
-7.711605e-009 9.99437
-7.511605e-009 9.95847
-7.311605e-009 9.95812
-7.111605e-009 10.0475
-6.911605e-009 10.0662
-6.711605e-009 9.96399
-6.511605e-009 9.96813
-6.311605e-009 10.0731
-6.111605e-009 10.05
-5.911605e-009 9.93844
-5.711605e-009 9.91151
-5.511605e-009 9.94224
-5.311605e-009 9.93741
-5.111605e-009 9.92359
-4.911605e-009 9.94327
-4.711605e-009 9.95501
-4.511605e-009 9.91876
-4.311605e-009 9.85903
-4.111605e-009 9.86283
-3.911605e-009 10.0047
-3.711605e-009 10.1705
-3.511605e-009 10.176
-3.311605e-009 10.0565
-3.111605e-009 9.98609
-2.911605e-009 10.0161
-2.711605e-009 10.0486
-2.511605e-009 10.0355
-2.311605e-009 10.0203
-2.111605e-009 9.94431
-1.911605e-009 9.72714
-1.711605e-009 9.43918
-1.511605e-009 9.02382
-1.311605e-009 8.1496
-1.111605e-009 6.76851
-9.116054e-010 5.3315
-7.116054e-010 4.18762
-5.116054e-010 3.32306
-3.116054e-010 2.66463
-1.116054e-010 2.2251
8.83946e-011 1.94751
2.883946e-010 1.7179
4.883946e-010 1.57323
6.883946e-010 1.54319
8.883946e-010 1.50211
1.088395e-009 1.39611
1.288395e-009 1.31877
1.488395e-009 1.29702
1.688395e-009 1.24868
1.888395e-009 1.18273
2.088395e-009 1.16616
2.288395e-009 1.18273
2.488395e-009 1.20345
2.688395e-009 1.20414
2.888395e-009 1.20794
3.088395e-009 1.25351
3.288395e-009 1.24592
3.488395e-009 1.13957
3.688395e-009 1.08537
3.888395e-009 1.17065
4.088395e-009 1.27078
4.288395e-009 1.3274
4.488395e-009 1.422
4.688395e-009 1.55735
4.888395e-009 1.63676
5.088395e-009 1.55252
5.288395e-009 1.37885
5.488395e-009 1.34121
5.688395e-009 1.41061
5.888395e-009 1.39922
6.088395e-009 1.35778
6.288395e-009 1.36089
6.488395e-009 1.31117
6.688395e-009 1.21519
6.888395e-009 1.20034
7.088395e-009 1.27216
7.288395e-009 1.32118
7.488395e-009 1.31117
7.688395e-009 1.29253
7.888395e-009 1.2801
8.088395e-009 1.24971
8.288395e-009 1.1993
8.488395e-009 1.13819
8.688395e-009 1.10159
8.888395e-009 1.16443
9.088395e-009 1.27354
9.288395e-009 1.28735
9.488395e-009 1.23245
9.688395e-009 1.21208
9.888395e-009 1.1817
1.008839e-008 1.11161
1.028839e-008 1.1085
1.048839e-008 1.17583
1.068839e-008 1.20897
1.088839e-008 1.20656
1.108839e-008 1.1848
1.128839e-008 1.12473
1.148839e-008 1.06845
1.168839e-008 1.04808
1.188839e-008 1.04911
1.208839e-008 1.09849
1.228839e-008 1.17997
1.248839e-008 1.19033
1.268839e-008 1.15476
1.288839e-008 1.1741
1.308839e-008 1.21588
1.328839e-008 1.22209
1.348839e-008 1.18757
1.368839e-008 1.12058
1.388839e-008 1.07708
1.408839e-008 1.09641
1.428839e-008 1.11678
1.448839e-008 1.0826
1.468839e-008 1.02045
1.488839e-008 0.979367
1.508839e-008 0.975915
1.528839e-008 1.04221
1.548839e-008 1.2176
1.568839e-008 1.37401
1.588839e-008 1.33361
1.608839e-008 1.16996
1.628839e-008 1.07881
1.648839e-008 1.10539
1.668839e-008 1.17548
1.688839e-008 1.18687
1.708839e-008 1.08985
1.728839e-008 0.989035
1.748839e-008 1.00077
1.768839e-008 1.07121
1.788839e-008 1.09918
1.808839e-008 1.07225
1.828839e-008 1.05533
1.848839e-008 1.12542
1.868839e-008 1.22037
1.888839e-008 1.18377
1.908839e-008 1.04013
1.928839e-008 0.963485
1.948839e-008 0.999048
1.968839e-008 1.03496
1.988839e-008 1.04255
2.008839e-008 1.10988
2.028839e-008 1.20759
2.048839e-008 1.22796
2.068839e-008 1.17997
2.088839e-008 1.14786
2.108839e-008 1.11161
2.128839e-008 1.01079
2.148839e-008 0.94484
2.168839e-008 1.00112
2.188839e-008 1.07397
2.208839e-008 1.05498
2.228839e-008 0.969009
2.248839e-008 0.915838
2.268839e-008 0.993523
2.288839e-008 1.13543
2.308839e-008 1.14337
2.328839e-008 1.00975
2.348839e-008 0.932411
2.368839e-008 0.998357
2.388839e-008 1.07777
2.408839e-008 1.05671
2.428839e-008 1.00077
2.448839e-008 1.01355
2.468839e-008 1.04842
2.488839e-008 1.03254
2.508839e-008 1.02529
2.528839e-008 1.06258
2.548839e-008 1.13198
2.568839e-008 1.22969
2.588839e-008 1.22831
2.608839e-008 1.06361
2.628839e-008 0.933792
2.648839e-008 0.981784
2.668839e-008 1.07328
2.688839e-008 1.08295
2.708839e-008 1.05464
2.728839e-008 1.00043
2.748839e-008 0.948984
2.768839e-008 0.982475
2.788839e-008 1.04393
2.808839e-008 1.10574
2.828839e-008 1.21484
2.848839e-008 1.26491
2.868839e-008 1.18964
2.888839e-008 1.10539
2.908839e-008 1.07259
2.928839e-008 1.02425
2.948839e-008 0.983856
2.968839e-008 1.00837
2.988839e-008 1.01907
3.008839e-008 1.03461
3.028839e-008 1.13474
3.048839e-008 1.18618
3.068839e-008 1.06948
3.088839e-008 0.948293
3.108839e-008 0.972462
3.128839e-008 1.03219
3.148839e-008 1.00733
3.168839e-008 0.977641
3.188839e-008 1.05464
3.208839e-008 1.14613
3.228839e-008 1.1375
3.248839e-008 1.13647
3.268839e-008 1.19689
3.288839e-008 1.20656
3.308839e-008 1.15546
3.328839e-008 1.08157
3.348839e-008 1.00941
3.368839e-008 1.0101
3.388839e-008 1.06672
3.408839e-008 1.11644
3.428839e-008 1.14579
3.448839e-008 1.10677
3.468839e-008 1.02978
3.488839e-008 1.05118
3.508839e-008 1.09607
3.528839e-008 1.01424
3.548839e-008 0.93759
3.568839e-008 0.953127
3.588839e-008 0.962104
3.608839e-008 1.00077
3.628839e-008 1.09849
3.648839e-008 1.14026
3.668839e-008 1.13129
3.688839e-008 1.18135
3.708839e-008 1.2252
3.728839e-008 1.15649
3.748839e-008 1.04186
3.768839e-008 0.941733
3.788839e-008 0.892014
3.808839e-008 0.973152
3.828839e-008 1.09227
3.848839e-008 1.09158
3.868839e-008 0.99594
3.888839e-008 0.890633
3.908839e-008 0.867154
3.928839e-008 0.937935
3.948839e-008 0.98938
3.968839e-008 1.01355
3.988839e-008 1.05982
4.008839e-008 1.10125
4.028839e-008 1.11057
4.048839e-008 1.07811
4.068839e-008 1.05395
4.088839e-008 1.10159
4.108839e-008 1.14751
4.128839e-008 1.06879
4.148839e-008 0.928267
4.168839e-008 0.920671
4.188839e-008 1.05429
4.208839e-008 1.15304
4.228839e-008 1.12749
4.248839e-008 1.04324
4.268839e-008 1.00492
4.288839e-008 1.03219
4.308839e-008 1.08571
4.328839e-008 1.10401
4.348839e-008 1.08088
4.368839e-008 1.10056
4.388839e-008 1.14924
4.408839e-008 1.14717
4.428839e-008 1.12921
4.448839e-008 1.15822
4.468839e-008 1.18549
4.488839e-008 1.15097
4.508839e-008 1.09745
4.528839e-008 1.05947
4.548839e-008 1.05395
4.568839e-008 1.08606
4.588839e-008 1.07604
4.608839e-008 1.0063
4.628839e-008 0.964866
4.648839e-008 0.975915
4.668839e-008 0.992488
4.688839e-008 0.992833
4.708839e-008 0.97626
4.728839e-008 0.971081
4.748839e-008 1.05153
4.768839e-008 1.20069
4.788839e-008 1.27734
4.808839e-008 1.24108
4.828839e-008 1.19447
4.848839e-008 1.18308
4.868839e-008 1.20586
4.888839e-008 1.27112
4.908839e-008 1.28493
4.928839e-008 1.17928
4.948839e-008 1.05291
4.968839e-008 1.02598
4.988839e-008 1.09227
5.008839e-008 1.11022
5.028839e-008 1.03668
5.048839e-008 1.02874
5.068839e-008 1.0971
5.088839e-008 1.08847
5.108839e-008 1.04946
5.128839e-008 1.05222
5.148839e-008 1.01251
5.168839e-008 0.96383
5.188839e-008 1.01597
5.208839e-008 1.1268
5.228839e-008 1.18826
5.248839e-008 1.1924
5.268839e-008 1.19689
5.288839e-008 1.19896
5.308839e-008 1.18722
5.328839e-008 1.19343
5.348839e-008 1.17824
5.368839e-008 1.094
5.388839e-008 1.02701
5.408839e-008 1.05567
5.428839e-008 1.12024
5.448839e-008 1.10815
5.468839e-008 1.01562
5.488839e-008 0.990416
5.508839e-008 1.09123
5.528839e-008 1.17617
5.548839e-008 1.14579
5.568839e-008 1.08606
5.588839e-008 1.1009
5.608839e-008 1.11609
5.628839e-008 1.03737
5.648839e-008 0.983511
5.668839e-008 1.03772
5.688839e-008 1.11713
5.708839e-008 1.16685
5.728839e-008 1.17824
5.748839e-008 1.16685
5.768839e-008 1.14924
5.788839e-008 1.11506
5.808839e-008 1.08744
5.828839e-008 1.1009
5.848839e-008 1.11437
5.868839e-008 1.09158
5.888839e-008 1.0681
5.908839e-008 1.06879
5.928839e-008 1.10953
5.948839e-008 1.1665
5.968839e-008 1.11644
5.988839e-008 0.981784
6.008839e-008 0.933446
6.028839e-008 0.975224
6.048839e-008 1.0246
6.068839e-008 1.09054
6.088839e-008 1.14026
6.108839e-008 1.10228
6.128839e-008 1.04048
6.148839e-008 1.06707
6.168839e-008 1.1741
6.188839e-008 1.22106
6.208839e-008 1.11195
6.228839e-008 1.00595
6.248839e-008 1.04324
6.268839e-008 1.08053
6.288839e-008 1.06534
6.308839e-008 1.13508
6.328839e-008 1.22037
6.348839e-008 1.19136
6.368839e-008 1.1634
6.388839e-008 1.23245
6.408839e-008 1.3091
6.428839e-008 1.29874
6.448839e-008 1.22555
6.468839e-008 1.1848
6.488839e-008 1.19723
6.508839e-008 1.21381
6.528839e-008 1.22485
6.548839e-008 1.25558
6.568839e-008 1.27354
6.588839e-008 1.22555
6.608839e-008 1.1596
6.628839e-008 1.14406
6.648839e-008 1.17203
6.668839e-008 1.20725
6.688839e-008 1.20863
6.708839e-008 1.18618
6.728839e-008 1.17893
6.748839e-008 1.1413
6.768839e-008 1.06465
6.788839e-008 1.07328
6.808839e-008 1.17962
6.828839e-008 1.23245
6.848839e-008 1.22313
6.868839e-008 1.26939
6.888839e-008 1.32326
6.908839e-008 1.28113
6.928839e-008 1.20483
6.948839e-008 1.17375
6.968839e-008 1.15684
6.988839e-008 1.13785
7.008839e-008 1.14751
7.028839e-008 1.17893
7.048839e-008 1.20759
7.068839e-008 1.19516
7.088839e-008 1.11609
7.108839e-008 1.06154
7.128839e-008 1.12576
7.148839e-008 1.19792
7.168839e-008 1.16512
7.188839e-008 1.08571
7.208839e-008 1.05084
7.228839e-008 1.09952
7.248839e-008 1.13716
7.268839e-008 1.08778
7.288839e-008 1.10228
7.308839e-008 1.23556
7.328839e-008 1.26387
7.348839e-008 1.13819
7.368839e-008 1.07777
7.388839e-008 1.14717
7.408839e-008 1.18929
7.428839e-008 1.08916
7.448839e-008 0.965211
7.468839e-008 0.971081
7.488839e-008 1.04808
7.508839e-008 1.123
7.528839e-008 1.17548
7.548839e-008 1.12507
7.568839e-008 1.01458
7.588839e-008 1.01838
7.608839e-008 1.13474
7.628839e-008 1.21346
7.648839e-008 1.24212
7.668839e-008 1.27043
7.688839e-008 1.2725
7.708839e-008 1.25282
7.728839e-008 1.25696
7.748839e-008 1.27665
7.768839e-008 1.23763
7.788839e-008 1.14095
7.808839e-008 1.10056
7.828839e-008 1.13129
7.848839e-008 1.12127
7.868839e-008 1.0612
7.888839e-008 1.05636
7.908839e-008 1.0978
7.928839e-008 1.10125
7.948839e-008 1.08709
7.968839e-008 1.10401
7.988839e-008 1.14786
8.008839e-008 1.21104
8.028839e-008 1.26076
8.048839e-008 1.25662
8.068839e-008 1.18446
8.088839e-008 1.10815
8.108839e-008 1.16236
8.128839e-008 1.30496
8.148839e-008 1.32084
8.168839e-008 1.2
8.188839e-008 1.10228
8.208839e-008 1.09158
8.228839e-008 1.1848
8.248839e-008 1.28321
8.268839e-008 1.20656
8.288839e-008 1.04911
8.308839e-008 1.02563
8.328839e-008 1.10539
8.348839e-008 1.13647
8.368839e-008 1.09538
8.388839e-008 1.07259
8.408839e-008 1.10228
8.428839e-008 1.10884
8.448839e-008 1.05602
8.468839e-008 1.04704
8.488839e-008 1.11817
8.508839e-008 1.16581
8.528839e-008 1.16719
8.548839e-008 1.11989
8.568839e-008 1.0826
8.588839e-008 1.1962
8.608839e-008 1.3129
8.628839e-008 1.25593
8.648839e-008 1.17583
8.668839e-008 1.15062
8.688839e-008 1.08226
8.708839e-008 1.01044
8.728839e-008 1.0864
8.748839e-008 1.25627
8.768839e-008 1.28528
8.788839e-008 1.1482
8.808839e-008 1.04152
8.828839e-008 1.04428
8.848839e-008 1.05843
8.868839e-008 1.02563
8.888839e-008 1.00975
8.908839e-008 1.02736
8.928839e-008 1.07086
8.948839e-008 1.15546
8.968839e-008 1.19102
8.988839e-008 1.1085
9.008839e-008 1.02598
9.028839e-008 1.03979
9.048839e-008 1.1047
9.068839e-008 1.1413
9.088839e-008 1.08709
9.108839e-008 1.02425
9.128839e-008 1.07811
9.148839e-008 1.17237
9.168839e-008 1.19413
9.188839e-008 1.20172
9.208839e-008 1.27595
9.228839e-008 1.31014
9.248839e-008 1.17548
9.268839e-008 0.998702
9.288839e-008 1.00975
9.308839e-008 1.17168
9.328839e-008 1.25075
9.348839e-008 1.17583
9.368839e-008 1.06085
9.388839e-008 1.01804
9.408839e-008 1.03219
9.428839e-008 1.03772
9.448839e-008 1.07708
9.468839e-008 1.13267
9.488839e-008 1.10505
9.508839e-008 1.03288
9.528839e-008 1.04152
9.548839e-008 1.14613
9.568839e-008 1.22071
9.588839e-008 1.19758
9.608839e-008 1.18757
9.628839e-008 1.28217
9.648839e-008 1.39404
9.668839e-008 1.39783
9.688839e-008 1.29598
9.708839e-008 1.19758
9.728839e-008 1.16823
9.748839e-008 1.15787
9.768839e-008 1.12921
9.788839e-008 1.12196
9.808839e-008 1.14061
9.828839e-008 1.13785
9.848839e-008 1.11886
9.868839e-008 1.10297
9.888839e-008 1.10436
9.908839e-008 1.14268
9.928839e-008 1.15511
9.948839e-008 1.11264
9.968839e-008 1.09469
9.988839e-008 1.13716
1.000884e-007 1.24419
1.002884e-007 1.34156
1.004884e-007 1.30461
1.006884e-007 1.26007
1.008884e-007 1.35916
1.010884e-007 1.44134
1.012884e-007 1.38851
1.014884e-007 1.29978
1.016884e-007 1.21484
1.018884e-007 1.10677
1.020884e-007 1.02149
1.022884e-007 1.02874
1.024884e-007 1.10228
1.026884e-007 1.12265
1.028884e-007 1.07017
1.030884e-007 1.09054
1.032884e-007 1.21553
1.034884e-007 1.27147
1.036884e-007 1.21312
1.038884e-007 1.17652
1.040884e-007 1.15442
1.042884e-007 1.07086
1.044884e-007 1.02701
1.046884e-007 1.09641
1.048884e-007 1.20966
1.050884e-007 1.25524
1.052884e-007 1.15511
1.054884e-007 1.04255
1.056884e-007 1.06292
1.058884e-007 1.15166
1.060884e-007 1.21484
1.062884e-007 1.20517
1.064884e-007 1.1268
1.066884e-007 1.08364
1.068884e-007 1.15166
1.070884e-007 1.26456
1.072884e-007 1.32118
1.074884e-007 1.31255
1.076884e-007 1.29253
1.078884e-007 1.27975
1.080884e-007 1.27147
1.082884e-007 1.26145
1.084884e-007 1.21726
1.086884e-007 1.19413
1.088884e-007 1.26767
1.090884e-007 1.36538
1.092884e-007 1.39335
1.094884e-007 1.32636
1.096884e-007 1.20863
1.098884e-007 1.11713
1.100884e-007 1.07155
1.102884e-007 1.09641
1.104884e-007 1.17341
1.106884e-007 1.16754
1.108884e-007 1.05118
1.110884e-007 0.993523
1.112884e-007 1.08157
1.114884e-007 1.17272
1.116884e-007 1.19205
1.118884e-007 1.22278
1.120884e-007 1.2511
1.122884e-007 1.2176
1.124884e-007 1.14199
1.126884e-007 1.10746
1.128884e-007 1.18722
1.130884e-007 1.27975
1.132884e-007 1.25938
1.134884e-007 1.21035
1.136884e-007 1.22555
1.138884e-007 1.24833
1.140884e-007 1.19447
1.142884e-007 1.08088
1.144884e-007 1.05084
1.146884e-007 1.15684
1.148884e-007 1.22244
1.150884e-007 1.17272
1.152884e-007 1.13508
1.154884e-007 1.14233
1.156884e-007 1.12404
1.158884e-007 1.11402
1.160884e-007 1.20448
1.162884e-007 1.33707
1.164884e-007 1.36055
1.166884e-007 1.24695
1.168884e-007 1.11609
1.170884e-007 1.06948
1.172884e-007 1.0864
1.174884e-007 1.1489
1.176884e-007 1.21726
1.178884e-007 1.18584
1.180884e-007 1.1085
1.182884e-007 1.13888
1.184884e-007 1.24212
1.186884e-007 1.28597
1.188884e-007 1.26456
1.190884e-007 1.21173
1.192884e-007 1.13716
1.194884e-007 1.10815
1.196884e-007 1.11299
1.198884e-007 1.07881
1.200884e-007 1.0536
1.202884e-007 1.0574
1.204884e-007 1.05602
1.206884e-007 1.0643
1.208884e-007 1.06776
1.210884e-007 1.02218
1.212884e-007 0.972807
1.214884e-007 1.02701
1.216884e-007 1.14959
1.218884e-007 1.18135
1.220884e-007 1.08398
1.222884e-007 0.988344
1.224884e-007 1.0025
1.226884e-007 1.0719
1.228884e-007 1.12058
1.230884e-007 1.16685
1.232884e-007 1.17824
1.234884e-007 1.10159
1.236884e-007 1.03944
1.238884e-007 1.0902
1.240884e-007 1.20414
1.242884e-007 1.32118
1.244884e-007 1.36538
1.246884e-007 1.29805
1.248884e-007 1.26214
1.250884e-007 1.31946
1.252884e-007 1.30668
1.254884e-007 1.20379
1.256884e-007 1.13129
1.258884e-007 1.07777
1.260884e-007 1.03875
1.262884e-007 1.0643
1.264884e-007 1.15097
1.266884e-007 1.22485
1.268884e-007 1.18687
1.270884e-007 1.11713
1.272884e-007 1.14164
1.274884e-007 1.16374
1.276884e-007 1.14924
1.278884e-007 1.23487
1.280884e-007 1.34708
1.282884e-007 1.27768
1.284884e-007 1.11748
1.286884e-007 1.11264
1.288884e-007 1.2656
1.290884e-007 1.39127
1.292884e-007 1.34604
1.294884e-007 1.19136
1.296884e-007 1.14751
1.298884e-007 1.27457
1.300884e-007 1.38402
1.302884e-007 1.35226
1.304884e-007 1.28355
1.306884e-007 1.27492
1.308884e-007 1.28528
1.310884e-007 1.25696
1.312884e-007 1.24315
1.314884e-007 1.28182
1.316884e-007 1.26663
1.318884e-007 1.18135
1.320884e-007 1.14786
1.322884e-007 1.21035
1.324884e-007 1.32878
1.326884e-007 1.4548
1.328884e-007 1.50073
1.330884e-007 1.43098
1.332884e-007 1.36124
1.334884e-007 1.34225
1.336884e-007 1.29356
1.338884e-007 1.21588
1.340884e-007 1.21726
1.342884e-007 1.33154
1.344884e-007 1.41199
1.346884e-007 1.33258
1.348884e-007 1.24661
1.350884e-007 1.32498
1.352884e-007 1.40267
1.354884e-007 1.33258
1.356884e-007 1.27181
1.358884e-007 1.30047
1.360884e-007 1.31946
1.362884e-007 1.30254
1.364884e-007 1.2801
1.366884e-007 1.26801
1.368884e-007 1.31532
1.370884e-007 1.4006
1.372884e-007 1.43443
1.374884e-007 1.41648
1.376884e-007 1.38955
1.378884e-007 1.39887
1.380884e-007 1.43305
1.382884e-007 1.4189
1.384884e-007 1.37988
1.386884e-007 1.36193
1.388884e-007 1.35847
1.390884e-007 1.39542
1.392884e-007 1.46344
1.394884e-007 1.44065
1.396884e-007 1.31083
1.398884e-007 1.28735
1.400884e-007 1.40232
1.402884e-007 1.46827
1.404884e-007 1.49209
1.406884e-007 1.52351
1.408884e-007 1.51695
1.410884e-007 1.51488
1.412884e-007 1.5501
1.414884e-007 1.58463
1.416884e-007 1.59464
1.418884e-007 1.5539
1.420884e-007 1.46102
1.422884e-007 1.38955
1.424884e-007 1.41924
1.426884e-007 1.49624
1.428884e-007 1.5097
1.430884e-007 1.48726
1.432884e-007 1.5097
1.434884e-007 1.54803
1.436884e-007 1.53042
1.438884e-007 1.50003
1.440884e-007 1.54112
1.442884e-007 1.59844
1.444884e-007 1.62399
1.446884e-007 1.65679
1.448884e-007 1.64988
1.450884e-007 1.62537
1.452884e-007 1.66404
1.454884e-007 1.66438
1.456884e-007 1.60603
1.458884e-007 1.59775
1.460884e-007 1.59464
1.462884e-007 1.51799
1.464884e-007 1.42718
1.466884e-007 1.42373
1.468884e-007 1.47483
1.470884e-007 1.44721
1.472884e-007 1.37539
1.474884e-007 1.41682
1.476884e-007 1.54354
1.478884e-007 1.58117
1.480884e-007 1.53801
1.482884e-007 1.56805
1.484884e-007 1.61743
1.486884e-007 1.57841
1.488884e-007 1.54768
1.490884e-007 1.59671
1.492884e-007 1.66715
1.494884e-007 1.68337
1.496884e-007 1.63227
1.498884e-007 1.62192
1.500884e-007 1.68096
1.502884e-007 1.67094
1.504884e-007 1.60189
1.506884e-007 1.60534
1.508884e-007 1.62053
1.510884e-007 1.57876
1.512884e-007 1.58083
1.514884e-007 1.6081
1.516884e-007 1.58255
1.518884e-007 1.61846
1.520884e-007 1.72826
1.522884e-007 1.74138
1.524884e-007 1.66335
1.526884e-007 1.61363
1.528884e-007 1.65782
1.530884e-007 1.78695
1.532884e-007 1.84669
1.534884e-007 1.81043
1.536884e-007 1.846
1.538884e-007 1.92782
1.540884e-007 1.89848
1.542884e-007 1.78316
1.544884e-007 1.70202
1.546884e-007 1.66059
1.548884e-007 1.58497
1.550884e-007 1.52766
1.552884e-007 1.66507
1.554884e-007 1.92713
1.556884e-007 2.00965
1.558884e-007 1.89226
1.560884e-007 1.84116
1.562884e-007 1.91229
1.564884e-007 1.93024
1.566884e-007 1.83218
1.568884e-007 1.72895
1.570884e-007 1.70754
1.572884e-007 1.75657
1.574884e-007 1.83253
1.576884e-007 1.89468
1.578884e-007 1.91194
1.580884e-007 1.84323
1.582884e-007 1.72791
1.584884e-007 1.70271
1.586884e-007 1.74483
1.588884e-007 1.73206
1.590884e-007 1.70064
1.592884e-007 1.71756
1.594884e-007 1.76727
1.596884e-007 1.85359
1.598884e-007 1.94198
1.600884e-007 1.94267
1.602884e-007 1.85912
1.604884e-007 1.75623
1.606884e-007 1.72964
1.608884e-007 1.82045
1.610884e-007 1.92368
1.612884e-007 2.00171
1.614884e-007 2.03762
1.616884e-007 1.95959
1.618884e-007 1.8674
1.620884e-007 1.85428
1.622884e-007 1.85912
1.624884e-007 1.90607
1.626884e-007 1.99653
1.628884e-007 1.98894
1.630884e-007 1.91125
1.632884e-007 1.90089
1.634884e-007 1.90366
1.636884e-007 1.86222
1.638884e-007 1.85739
1.640884e-007 1.8819
1.642884e-007 1.90193
1.644884e-007 2.00862
1.646884e-007 2.13706
1.648884e-007 2.12152
1.650884e-007 2.04004
1.652884e-007 2.01069
1.654884e-007 2.01898
1.656884e-007 2.02968
1.658884e-007 1.97513
1.660884e-007 1.86533
1.662884e-007 1.86947
1.664884e-007 1.97444
1.666884e-007 1.97306
1.668884e-007 1.86913
1.670884e-007 1.82597
1.672884e-007 1.94716
1.674884e-007 2.12152
1.676884e-007 2.12532
1.678884e-007 2.05592
1.680884e-007 2.09079
1.682884e-007 2.09528
1.684884e-007 1.99481
1.686884e-007 1.93784
1.688884e-007 1.98756
1.690884e-007 2.06593
1.692884e-007 2.11669
1.694884e-007 2.12912
1.696884e-007 2.10633
1.698884e-007 2.07387
1.700884e-007 2.06041
1.702884e-007 2.12152
1.704884e-007 2.22269
1.706884e-007 2.20231
1.708884e-007 2.07284
1.710884e-007 2.0062
1.712884e-007 2.02968
1.714884e-007 2.04729
1.716884e-007 2.0207
1.718884e-007 2.06041
1.720884e-007 2.22614
1.722884e-007 2.30072
1.724884e-007 2.16917
1.726884e-007 2.05834
1.728884e-007 2.11393
1.730884e-007 2.23477
1.732884e-007 2.26377
1.734884e-007 2.15501
1.736884e-007 2.06697
1.738884e-007 2.19748
1.740884e-007 2.42363
1.742884e-007 2.40775
1.744884e-007 2.20404
1.746884e-007 2.11393
1.748884e-007 2.12394
1.750884e-007 2.15363
1.752884e-007 2.22269
1.754884e-007 2.23615
1.756884e-007 2.21647
1.758884e-007 2.31625
1.760884e-007 2.40188
1.762884e-007 2.29623
1.764884e-007 2.16641
1.766884e-007 2.16261
1.768884e-007 2.21647
1.770884e-007 2.27551
1.772884e-007 2.3311
1.774884e-007 2.35216
1.776884e-007 2.30831
1.778884e-007 2.25445
1.780884e-007 2.27448
1.782884e-007 2.29968
1.784884e-007 2.24478
1.786884e-007 2.18436
1.788884e-007 2.22821
1.790884e-007 2.31798
1.792884e-007 2.2876
1.794884e-007 2.16917
1.796884e-007 2.15329
1.798884e-007 2.26619
1.800884e-007 2.35113
1.802884e-007 2.29485
1.804884e-007 2.20473
1.806884e-007 2.21854
1.808884e-007 2.29795
1.810884e-007 2.37219
1.812884e-007 2.38013
1.814884e-007 2.25997
1.816884e-007 2.14189
1.818884e-007 2.23201
1.820884e-007 2.40085
1.822884e-007 2.42225
1.824884e-007 2.37115
1.826884e-007 2.31833
1.828884e-007 2.26481
1.830884e-007 2.28587
1.832884e-007 2.33283
1.834884e-007 2.31763
1.836884e-007 2.29623
1.838884e-007 2.29554
1.840884e-007 2.29208
1.842884e-007 2.29036
1.844884e-007 2.28
1.846884e-007 2.28794
1.848884e-007 2.33801
1.850884e-007 2.37391
1.852884e-007 2.36839
1.854884e-007 2.38738
1.856884e-007 2.4737
1.858884e-007 2.53999
1.860884e-007 2.5103
1.862884e-007 2.41293
1.864884e-007 2.33801
1.866884e-007 2.34664
1.868884e-007 2.36287
1.870884e-007 2.39567
1.872884e-007 2.5103
1.874884e-007 2.52756
1.876884e-007 2.40568
1.878884e-007 2.42605
1.880884e-007 2.62009
1.882884e-007 2.71953
1.884884e-007 2.65082
1.886884e-007 2.54275
1.888884e-007 2.47888
1.890884e-007 2.48336
1.892884e-007 2.51547
1.894884e-007 2.49027
1.896884e-007 2.38255
1.898884e-007 2.27931
1.900884e-007 2.32592
1.902884e-007 2.47404
1.904884e-007 2.48336
1.906884e-007 2.36839
1.908884e-007 2.36287
1.910884e-007 2.46852
1.912884e-007 2.51444
1.914884e-007 2.46955
1.916884e-007 2.45195
1.918884e-007 2.52894
1.920884e-007 2.63701
1.922884e-007 2.7109
1.924884e-007 2.74335
1.926884e-007 2.71987
1.928884e-007 2.69156
1.930884e-007 2.69156
1.932884e-007 2.61353
1.934884e-007 2.4768
1.936884e-007 2.44711
1.938884e-007 2.51686
1.940884e-007 2.56934
1.942884e-007 2.60455
1.944884e-007 2.63252
1.946884e-007 2.57659
1.948884e-007 2.51547
1.950884e-007 2.59212
1.952884e-007 2.66083
1.954884e-007 2.57831
1.956884e-007 2.43986
1.958884e-007 2.36977
1.960884e-007 2.45885
1.962884e-007 2.64184
1.964884e-007 2.72471
1.966884e-007 2.733
1.968884e-007 2.77719
1.970884e-007 2.76994
1.972884e-007 2.69743
1.974884e-007 2.68707
1.976884e-007 2.73161
1.978884e-007 2.71573
1.980884e-007 2.66083
1.982884e-007 2.66014
1.984884e-007 2.65738
1.986884e-007 2.62251
1.988884e-007 2.62216
1.990884e-007 2.61284
1.992884e-007 2.58695
1.994884e-007 2.61388
1.996884e-007 2.62182
1.998884e-007 2.57003
2.000884e-007 2.5721
2.002884e-007 2.67913
2.004884e-007 2.77892
2.006884e-007 2.76372
2.008884e-007 2.70365
2.010884e-007 2.69156
2.012884e-007 2.70883
2.014884e-007 2.69571
2.016884e-007 2.64046
2.018884e-007 2.627
2.020884e-007 2.70745
2.022884e-007 2.81482
2.024884e-007 2.86558
2.026884e-007 2.82484
2.028884e-007 2.74128
2.030884e-007 2.73956
2.032884e-007 2.78996
2.034884e-007 2.7399
2.036884e-007 2.66049
2.038884e-007 2.68569
2.040884e-007 2.70019
2.042884e-007 2.67154
2.044884e-007 2.78789
2.046884e-007 2.9809
2.048884e-007 2.99333
2.050884e-007 2.87628
2.052884e-007 2.82691
2.054884e-007 2.83071
2.056884e-007 2.86834
2.058884e-007 2.96571
2.060884e-007 2.94188
2.062884e-007 2.7361
2.064884e-007 2.63287
2.066884e-007 2.73714
2.068884e-007 2.81517
2.070884e-007 2.75682
2.072884e-007 2.70088
2.074884e-007 2.74888
2.076884e-007 2.8711
2.078884e-007 2.99229
2.080884e-007 3.04581
2.082884e-007 3.01301
2.084884e-007 2.90977
2.086884e-007 2.78962
2.088884e-007 2.71918
2.090884e-007 2.73541
2.092884e-007 2.86109
2.094884e-007 2.98332
2.096884e-007 2.96951
2.098884e-007 2.92427
2.100884e-007 2.91737
2.102884e-007 2.89838
2.104884e-007 2.92566
2.106884e-007 3.01819
2.108884e-007 3.0831
2.110884e-007 3.07274
2.112884e-007 3.01577
2.114884e-007 2.93636
2.116884e-007 2.84245
2.118884e-007 2.79307
2.120884e-007 2.84072
2.122884e-007 2.95949
2.124884e-007 3.07965
2.126884e-007 3.12281
2.128884e-007 3.0869
2.130884e-007 3.05168
2.132884e-007 3.04305
2.134884e-007 3.02993
2.136884e-007 2.99471
2.138884e-007 2.96536
2.140884e-007 3.01128
2.142884e-007 3.05859
2.144884e-007 2.95915
2.146884e-007 2.78893
2.148884e-007 2.74612
2.150884e-007 2.86661
2.152884e-007 2.96191
2.154884e-007 2.91668
2.156884e-007 2.89216
2.158884e-007 2.96847
2.160884e-007 2.9916
2.162884e-007 2.90563
2.164884e-007 2.85902
2.166884e-007 2.95121
2.168884e-007 3.06273
2.170884e-007 3.08793
2.172884e-007 3.09173
2.174884e-007 3.09829
2.176884e-007 3.10002
2.178884e-007 3.12004
2.180884e-007 3.0938
2.182884e-007 3.00127
2.184884e-007 2.95777
2.186884e-007 3.01922
2.188884e-007 3.09691
2.190884e-007 3.05651
2.192884e-007 2.92876
2.194884e-007 2.92358
2.196884e-007 3.07619
2.198884e-007 3.17045
2.200884e-007 3.11452
2.202884e-007 3.07654
2.204884e-007 3.1632
2.206884e-007 3.23778
2.208884e-007 3.20912
2.210884e-007 3.1746
2.212884e-007 3.18668
2.214884e-007 3.20222
2.216884e-007 3.18047
2.218884e-007 3.15664
2.220884e-007 3.21154
2.222884e-007 3.26022
2.224884e-007 3.17977
2.226884e-007 3.07067
2.228884e-007 3.05306
2.230884e-007 3.04029
2.232884e-007 2.97365
2.234884e-007 2.97641
2.236884e-007 3.11038
2.238884e-007 3.25159
2.240884e-007 3.28439
2.242884e-007 3.27024
2.244884e-007 3.29061
2.246884e-007 3.31478
2.248884e-007 3.33722
2.250884e-007 3.34758
2.252884e-007 3.28923
2.254884e-007 3.20084
2.256884e-007 3.18081
2.258884e-007 3.22604
2.260884e-007 3.25712
2.262884e-007 3.23985
2.264884e-007 3.19117
2.266884e-007 3.1708
2.268884e-007 3.26816
2.270884e-007 3.41663
2.272884e-007 3.41007
2.274884e-007 3.2585
2.276884e-007 3.13696
2.278884e-007 3.09553
2.280884e-007 3.14249
2.282884e-007 3.30096
2.284884e-007 3.46808
2.286884e-007 3.51296
2.288884e-007 3.47291
2.290884e-007 3.42595
2.292884e-007 3.3607
2.294884e-007 3.28819
2.296884e-007 3.23122
2.298884e-007 3.17011
2.300884e-007 3.15664
2.302884e-007 3.22708
2.304884e-007 3.30891
2.306884e-007 3.35448
2.308884e-007 3.36484
2.310884e-007 3.31063
2.312884e-007 3.23502
2.314884e-007 3.2509
2.316884e-007 3.31478
2.318884e-007 3.30683
2.320884e-007 3.25953
2.322884e-007 3.26989
2.324884e-007 3.33411
2.326884e-007 3.39453
2.328884e-007 3.39246
2.330884e-007 3.32824
2.332884e-007 3.29751
2.334884e-007 3.29958
2.336884e-007 3.29855
2.338884e-007 3.33998
2.340884e-007 3.37658
2.342884e-007 3.37416
2.344884e-007 3.38314
2.346884e-007 3.38832
2.348884e-007 3.39764
2.350884e-007 3.43182
2.352884e-007 3.4187
2.354884e-007 3.34758
2.356884e-007 3.29613
2.358884e-007 3.30373
2.360884e-007 3.41007
2.362884e-007 3.55163
2.364884e-007 3.56199
2.366884e-007 3.49535
2.368884e-007 3.4843
2.370884e-007 3.46117
2.372884e-007 3.3897
2.374884e-007 3.35137
2.376884e-007 3.37416
2.378884e-007 3.41559
2.380884e-007 3.42043
2.382884e-007 3.40765
2.384884e-007 3.43562
2.386884e-007 3.46082
2.388884e-007 3.4484
2.390884e-007 3.42457
2.392884e-007 3.38901
2.394884e-007 3.35241
2.396884e-007 3.32997
2.398884e-007 3.35655
2.400884e-007 3.44874
2.402884e-007 3.53575
2.404884e-007 3.58754
2.406884e-007 3.62034
2.408884e-007 3.59375
2.410884e-007 3.54162
2.412884e-007 3.54507
2.414884e-007 3.53195
2.416884e-007 3.4591
2.418884e-007 3.44943
2.420884e-007 3.51607
2.422884e-007 3.54024
2.424884e-007 3.50226
2.426884e-007 3.46048
2.428884e-007 3.46082
2.430884e-007 3.48568
2.432884e-007 3.50398
2.434884e-007 3.53368
2.436884e-007 3.53817
2.438884e-007 3.50778
2.440884e-007 3.51814
2.442884e-007 3.56579
2.444884e-007 3.62103
2.446884e-007 3.63415
2.448884e-007 3.52194
2.450884e-007 3.37105
2.452884e-007 3.3493
2.454884e-007 3.46946
2.456884e-007 3.60135
2.458884e-007 3.60239
2.460884e-007 3.50398
2.462884e-007 3.48499
2.464884e-007 3.5796
2.466884e-007 3.67075
2.468884e-007 3.66695
2.470884e-007 3.55923
2.472884e-007 3.42802
2.474884e-007 3.3348
2.476884e-007 3.29233
2.478884e-007 3.35103
2.480884e-007 3.49294
2.482884e-007 3.55198
2.484884e-007 3.48983
2.486884e-007 3.48396
2.488884e-007 3.572
2.490884e-007 3.61343
2.492884e-007 3.56268
2.494884e-007 3.51123
2.496884e-007 3.51296
2.498884e-007 3.53091
2.500884e-007 3.54576
2.502884e-007 3.55508
2.504884e-007 3.57545
2.506884e-007 3.60135
2.508884e-007 3.58132
2.510884e-007 3.56579
2.512884e-007 3.57925
2.514884e-007 3.54542
2.516884e-007 3.52815
2.518884e-007 3.62241
2.520884e-007 3.73635
