-2.480609e-007 10.0465
-2.478609e-007 10.0372
-2.476609e-007 10.0006
-2.474609e-007 10.0241
-2.472609e-007 10.0779
-2.470609e-007 10.0759
-2.468609e-007 10.0237
-2.466609e-007 9.96434
-2.464609e-007 9.98471
-2.462609e-007 10.099
-2.460609e-007 10.1511
-2.458609e-007 10.0624
-2.456609e-007 9.96226
-2.454609e-007 9.96123
-2.452609e-007 10.0168
-2.450609e-007 10.0548
-2.448609e-007 10.0258
-2.446609e-007 9.96019
-2.444609e-007 9.9709
-2.442609e-007 10.0306
-2.440609e-007 10.0669
-2.438609e-007 10.156
-2.436609e-007 10.2847
-2.434609e-007 10.2868
-2.432609e-007 10.1453
-2.430609e-007 9.99092
-2.428609e-007 9.91255
-2.426609e-007 9.9595
-2.424609e-007 10.0755
-2.422609e-007 10.0959
-2.420609e-007 9.97504
-2.418609e-007 9.89666
-2.416609e-007 9.99058
-2.414609e-007 10.0807
-2.412609e-007 10.0096
-2.410609e-007 9.88976
-2.408609e-007 9.87698
-2.406609e-007 9.99058
-2.404609e-007 10.0959
-2.402609e-007 10.1014
-2.400609e-007 10.0358
-2.398609e-007 9.92739
-2.396609e-007 9.88113
-2.394609e-007 9.93533
-2.392609e-007 9.96744
-2.390609e-007 9.96813
-2.388609e-007 9.99127
-2.386609e-007 10.0217
-2.384609e-007 10.0458
-2.382609e-007 10.0655
-2.380609e-007 10.0755
-2.378609e-007 10.0507
-2.376609e-007 9.98436
-2.374609e-007 9.88389
-2.372609e-007 9.79584
-2.370609e-007 9.81104
-2.368609e-007 9.87802
-2.366609e-007 9.87077
-2.364609e-007 9.83348
-2.362609e-007 9.86904
-2.360609e-007 9.9709
-2.358609e-007 10.0576
-2.356609e-007 10.0948
-2.354609e-007 10.1125
-2.352609e-007 10.0748
-2.350609e-007 9.93671
-2.348609e-007 9.77237
-2.346609e-007 9.74302
-2.344609e-007 9.8756
-2.342609e-007 9.9923
-2.340609e-007 9.99403
-2.338609e-007 9.95639
-2.336609e-007 9.94638
-2.334609e-007 9.94604
-2.332609e-007 9.91565
-2.330609e-007 9.90495
-2.328609e-007 9.98851
-2.326609e-007 10.0748
-2.324609e-007 10.052
-2.322609e-007 10.0154
-2.320609e-007 10.0683
-2.318609e-007 10.1428
-2.316609e-007 10.1808
-2.314609e-007 10.1905
-2.312609e-007 10.1276
-2.310609e-007 9.99472
-2.308609e-007 9.90668
-2.306609e-007 9.95536
-2.304609e-007 10.0762
-2.302609e-007 10.1411
-2.300609e-007 10.1428
-2.298609e-007 10.1128
-2.296609e-007 10.06
-2.294609e-007 10.042
-2.292609e-007 10.0648
-2.290609e-007 10.0451
-2.288609e-007 9.96399
-2.286609e-007 9.91116
-2.284609e-007 9.94362
-2.282609e-007 10.004
-2.280609e-007 10.0444
-2.278609e-007 10.1135
-2.276609e-007 10.2119
-2.274609e-007 10.233
-2.272609e-007 10.1411
-2.270609e-007 9.99576
-2.268609e-007 9.88147
-2.266609e-007 9.93568
-2.264609e-007 10.1225
-2.262609e-007 10.1415
-2.260609e-007 9.92912
-2.258609e-007 9.80033
-2.256609e-007 9.93188
-2.254609e-007 10.1484
-2.252609e-007 10.215
-2.250609e-007 10.1411
-2.248609e-007 10.1204
-2.246609e-007 10.1639
-2.244609e-007 10.0969
-2.242609e-007 9.95916
-2.240609e-007 9.94811
-2.238609e-007 10.0034
-2.236609e-007 9.96744
-2.234609e-007 9.94569
-2.232609e-007 10.0617
-2.230609e-007 10.1853
-2.228609e-007 10.1629
-2.226609e-007 10.0486
-2.224609e-007 9.99921
-2.222609e-007 10.0562
-2.220609e-007 10.09
-2.218609e-007 10.0465
-2.216609e-007 10.0213
-2.214609e-007 9.99645
-2.212609e-007 9.90875
-2.210609e-007 9.8756
-2.208609e-007 9.97159
-2.206609e-007 10.0469
-2.204609e-007 9.99299
-2.202609e-007 9.95018
-2.200609e-007 10.0337
-2.198609e-007 10.0876
-2.196609e-007 9.98678
-2.194609e-007 9.84798
-2.192609e-007 9.82761
-2.190609e-007 9.94431
-2.188609e-007 10.0638
-2.186609e-007 10.0948
-2.184609e-007 10.0765
-2.182609e-007 10.0517
-2.180609e-007 10.04
-2.178609e-007 10.0334
-2.176609e-007 10.0237
-2.174609e-007 10.0223
-2.172609e-007 10.0254
-2.170609e-007 10.081
-2.168609e-007 10.1974
-2.166609e-007 10.2281
-2.164609e-007 10.1218
-2.162609e-007 10.0341
-2.160609e-007 10.0324
-2.158609e-007 10.0168
-2.156609e-007 9.96572
-2.154609e-007 9.88803
-2.152609e-007 9.78134
-2.150609e-007 9.79308
-2.148609e-007 9.96434
-2.146609e-007 10.0921
-2.144609e-007 10.0962
-2.142609e-007 10.089
-2.140609e-007 10.0893
-2.138609e-007 10.0482
-2.136609e-007 10.0448
-2.134609e-007 10.0803
-2.132609e-007 10.0489
-2.130609e-007 9.9816
-2.128609e-007 9.9381
-2.126609e-007 9.92463
-2.124609e-007 9.96675
-2.122609e-007 10.0828
-2.120609e-007 10.1943
-2.118609e-007 10.1812
-2.116609e-007 10.1176
-2.114609e-007 10.1259
-2.112609e-007 10.108
-2.110609e-007 9.98747
-2.108609e-007 9.89839
-2.106609e-007 9.94327
-2.104609e-007 10.0531
-2.102609e-007 10.1045
-2.100609e-007 10.051
-2.098609e-007 9.96261
-2.096609e-007 9.95329
-2.094609e-007 10.0023
-2.092609e-007 10.0199
-2.090609e-007 10.0513
-2.088609e-007 10.1121
-2.086609e-007 10.1004
-2.084609e-007 9.99886
-2.082609e-007 9.92636
-2.080609e-007 9.9816
-2.078609e-007 10.0893
-2.076609e-007 10.0931
-2.074609e-007 9.96952
-2.072609e-007 9.88527
-2.070609e-007 9.945
-2.068609e-007 10.0144
-2.066609e-007 9.97021
-2.064609e-007 9.88769
-2.062609e-007 9.94327
-2.060609e-007 10.1107
-2.058609e-007 10.1352
-2.056609e-007 9.99679
-2.054609e-007 9.93464
-2.052609e-007 10.0299
-2.050609e-007 10.1356
-2.048609e-007 10.1463
-2.046609e-007 10.1252
-2.044609e-007 10.1176
-2.042609e-007 10.1228
-2.040609e-007 10.1705
-2.038609e-007 10.2067
-2.036609e-007 10.1584
-2.034609e-007 10.0534
-2.032609e-007 9.95985
-2.030609e-007 9.95329
-2.028609e-007 10.0034
-2.026609e-007 10.0096
-2.024609e-007 9.99299
-2.022609e-007 9.96468
-2.020609e-007 9.90668
-2.018609e-007 9.89632
-2.016609e-007 9.90219
-2.014609e-007 9.84073
-2.012609e-007 9.84971
-2.010609e-007 10.0172
-2.008609e-007 10.2008
-2.006609e-007 10.2578
-2.004609e-007 10.1615
-2.002609e-007 10.0807
-2.000609e-007 10.1332
-1.998609e-007 10.156
-1.996609e-007 10.0986
-1.994609e-007 10.0938
-1.992609e-007 10.0921
-1.990609e-007 9.96054
-1.988609e-007 9.7955
-1.986609e-007 9.78652
-1.984609e-007 9.91565
-1.982609e-007 10.0455
-1.980609e-007 10.0976
-1.978609e-007 10.0721
-1.976609e-007 10.0379
-1.974609e-007 10.0151
-1.972609e-007 9.98609
-1.970609e-007 9.99437
-1.968609e-007 10.0179
-1.966609e-007 10.0002
-1.964609e-007 9.98574
-1.962609e-007 9.98816
-1.960609e-007 9.97159
-1.958609e-007 9.93188
-1.956609e-007 9.90253
-1.954609e-007 9.94983
-1.952609e-007 10.0192
-1.950609e-007 10.0144
-1.948609e-007 9.99955
-1.946609e-007 10.0096
-1.944609e-007 9.9854
-1.942609e-007 9.97297
-1.940609e-007 10.0431
-1.938609e-007 10.0931
-1.936609e-007 10.0189
-1.934609e-007 9.9229
-1.932609e-007 9.85281
-1.930609e-007 9.80689
-1.928609e-007 9.86766
-1.926609e-007 9.94707
-1.924609e-007 9.95053
-1.922609e-007 9.97953
-1.920609e-007 10.0016
-1.918609e-007 9.93326
-1.916609e-007 9.91358
-1.914609e-007 9.98678
-1.912609e-007 10.0172
-1.910609e-007 10.033
-1.908609e-007 10.0624
-1.906609e-007 9.99161
-1.904609e-007 9.91324
-1.902609e-007 9.94569
-1.900609e-007 9.93948
-1.898609e-007 9.8687
-1.896609e-007 9.85834
-1.894609e-007 9.89114
-1.892609e-007 9.91496
-1.890609e-007 9.93257
-1.888609e-007 9.95294
-1.886609e-007 9.96537
-1.884609e-007 9.95191
-1.882609e-007 9.91047
-1.880609e-007 9.87974
-1.878609e-007 9.90564
-1.876609e-007 9.96813
-1.874609e-007 10.0227
-1.872609e-007 10.0524
-1.870609e-007 10.0341
-1.868609e-007 9.98574
-1.866609e-007 9.99852
-1.864609e-007 10.0745
-1.862609e-007 10.0728
-1.860609e-007 9.94673
-1.858609e-007 9.89528
-1.856609e-007 10.0106
-1.854609e-007 10.0652
-1.852609e-007 9.98574
-1.850609e-007 9.98574
-1.848609e-007 10.1149
-1.846609e-007 10.1784
-1.844609e-007 10.0883
-1.842609e-007 9.98333
-1.840609e-007 9.97124
-1.838609e-007 10.0241
-1.836609e-007 10.0434
-1.834609e-007 9.94327
-1.832609e-007 9.84867
-1.830609e-007 9.91842
-1.828609e-007 10.0614
-1.826609e-007 10.1256
-1.824609e-007 10.109
-1.822609e-007 10.0624
-1.820609e-007 9.9892
-1.818609e-007 9.93671
-1.816609e-007 9.97642
-1.814609e-007 10.0396
-1.812609e-007 10.002
-1.810609e-007 9.8687
-1.808609e-007 9.80586
-1.806609e-007 9.91876
-1.804609e-007 10.0745
-1.802609e-007 10.1397
-1.800609e-007 10.1308
-1.798609e-007 10.109
-1.796609e-007 10.1069
-1.794609e-007 10.1138
-1.792609e-007 10.1491
-1.790609e-007 10.1912
-1.788609e-007 10.1604
-1.786609e-007 10.07
-1.784609e-007 9.98609
-1.782609e-007 9.9343
-1.780609e-007 9.90081
-1.778609e-007 9.88354
-1.776609e-007 9.88803
-1.774609e-007 9.89494
-1.772609e-007 9.92774
-1.770609e-007 9.99127
-1.768609e-007 10.0669
-1.766609e-007 10.1473
-1.764609e-007 10.1604
-1.762609e-007 10.1273
-1.760609e-007 10.1135
-1.758609e-007 10.0669
-1.756609e-007 10.0217
-1.754609e-007 10.0772
-1.752609e-007 10.1553
-1.750609e-007 10.1276
-1.748609e-007 10.0586
-1.746609e-007 10.0582
-1.744609e-007 10.1042
-1.742609e-007 10.1508
-1.740609e-007 10.1611
-1.738609e-007 10.1163
-1.736609e-007 10.0879
-1.734609e-007 10.1056
-1.732609e-007 10.1097
-1.730609e-007 10.0817
-1.728609e-007 10.0496
-1.726609e-007 10.0596
-1.724609e-007 10.1066
-1.722609e-007 10.129
-1.720609e-007 10.1418
-1.718609e-007 10.1615
-1.716609e-007 10.1532
-1.714609e-007 10.1
-1.712609e-007 10.031
-1.710609e-007 10.0368
-1.708609e-007 10.1062
-1.706609e-007 10.1149
-1.704609e-007 10.0489
-1.702609e-007 9.99265
-1.700609e-007 9.99748
-1.698609e-007 10.0286
-1.696609e-007 10.003
-1.694609e-007 9.93948
-1.692609e-007 9.94949
-1.690609e-007 10.0406
-1.688609e-007 10.1211
-1.686609e-007 10.1594
-1.684609e-007 10.1684
-1.682609e-007 10.1598
-1.680609e-007 10.1549
-1.678609e-007 10.1456
-1.676609e-007 10.1549
-1.674609e-007 10.1722
-1.672609e-007 10.109
-1.670609e-007 10.0158
-1.668609e-007 10.0182
-1.666609e-007 10.0945
-1.664609e-007 10.128
-1.662609e-007 10.0244
-1.660609e-007 9.84833
-1.658609e-007 9.81518
-1.656609e-007 9.95191
-1.654609e-007 10.0493
-1.652609e-007 10.021
-1.650609e-007 9.95847
-1.648609e-007 9.97193
-1.646609e-007 10.0641
-1.644609e-007 10.0997
-1.642609e-007 10.0244
-1.640609e-007 9.9557
-1.638609e-007 9.94949
-1.636609e-007 9.97021
-1.634609e-007 10.0534
-1.632609e-007 10.1401
-1.630609e-007 10.1183
-1.628609e-007 10.0493
-1.626609e-007 10.0034
-1.624609e-007 10.012
-1.622609e-007 10.0513
-1.620609e-007 10.0386
-1.618609e-007 10.0199
-1.616609e-007 10.0524
-1.614609e-007 10.0479
-1.612609e-007 9.96882
-1.610609e-007 9.91116
-1.608609e-007 9.94189
-1.606609e-007 9.99265
-1.604609e-007 9.99748
-1.602609e-007 9.9923
-1.600609e-007 10.0013
-1.598609e-007 10.0282
-1.596609e-007 10.1104
-1.594609e-007 10.2057
-1.592609e-007 10.1549
-1.590609e-007 9.96365
-1.588609e-007 9.88631
-1.586609e-007 9.98229
-1.584609e-007 10.0703
-1.582609e-007 10.1066
-1.580609e-007 10.1232
-1.578609e-007 10.0966
-1.576609e-007 10.0496
-1.574609e-007 10.0109
-1.572609e-007 9.9595
-1.570609e-007 9.96503
-1.568609e-007 10.1045
-1.566609e-007 10.1926
-1.564609e-007 10.0634
-1.562609e-007 9.89287
-1.560609e-007 9.84038
-1.558609e-007 9.85834
-1.556609e-007 9.92187
-1.554609e-007 10.0227
-1.552609e-007 10.1225
-1.550609e-007 10.1656
-1.548609e-007 10.0821
-1.546609e-007 9.90978
-1.544609e-007 9.81656
-1.542609e-007 9.87733
-1.540609e-007 9.9595
-1.538609e-007 9.96261
-1.536609e-007 9.95778
-1.534609e-007 9.98989
-1.532609e-007 10.0469
-1.530609e-007 10.109
-1.528609e-007 10.1325
-1.526609e-007 10.1418
-1.524609e-007 10.1491
-1.522609e-007 10.1384
-1.520609e-007 10.1321
-1.518609e-007 10.0907
-1.516609e-007 10.0344
-1.514609e-007 10.041
-1.512609e-007 10.0513
-1.510609e-007 10.04
-1.508609e-007 10.0541
-1.506609e-007 10.0417
-1.504609e-007 9.96641
-1.502609e-007 9.91289
-1.500609e-007 9.93223
-1.498609e-007 9.95605
-1.496609e-007 9.91186
-1.494609e-007 9.85592
-1.492609e-007 9.89701
-1.490609e-007 9.97366
-1.488609e-007 9.97262
-1.486609e-007 9.97815
-1.484609e-007 10.0814
-1.482609e-007 10.1694
-1.480609e-007 10.1404
-1.478609e-007 10.1128
-1.476609e-007 10.1926
-1.474609e-007 10.2295
-1.472609e-007 10.0924
-1.470609e-007 9.95778
-1.468609e-007 9.96226
-1.466609e-007 9.98678
-1.464609e-007 9.97849
-1.462609e-007 9.99955
-1.460609e-007 10.0324
-1.458609e-007 10.0358
-1.456609e-007 10.0582
-1.454609e-007 10.0879
-1.452609e-007 10.0355
-1.450609e-007 9.9854
-1.448609e-007 10.0538
-1.446609e-007 10.0938
-1.444609e-007 9.98298
-1.442609e-007 9.93223
-1.440609e-007 10.0655
-1.438609e-007 10.1591
-1.436609e-007 10.0869
-1.434609e-007 9.98816
-1.432609e-007 9.99437
-1.430609e-007 10.0959
-1.428609e-007 10.1798
-1.426609e-007 10.1504
-1.424609e-007 10.0582
-1.422609e-007 10.0289
-1.420609e-007 10.0952
-1.418609e-007 10.1694
-1.416609e-007 10.148
-1.414609e-007 10.0503
-1.412609e-007 9.96123
-1.410609e-007 9.94362
-1.408609e-007 10.0431
-1.406609e-007 10.1684
-1.404609e-007 10.1857
-1.402609e-007 10.1166
-1.400609e-007 10.0358
-1.398609e-007 10.0227
-1.396609e-007 10.1
-1.394609e-007 10.129
-1.392609e-007 10.0448
-1.390609e-007 9.99679
-1.388609e-007 10.0444
-1.386609e-007 10.0324
-1.384609e-007 9.91082
-1.382609e-007 9.87491
-1.380609e-007 9.96088
-1.378609e-007 9.94535
-1.376609e-007 9.85281
-1.374609e-007 9.90564
-1.372609e-007 10.0227
-1.370609e-007 10.0517
-1.368609e-007 10.0973
-1.366609e-007 10.1933
-1.364609e-007 10.2109
-1.362609e-007 10.1397
-1.360609e-007 10.0572
-1.358609e-007 10.0227
-1.356609e-007 10.0821
-1.354609e-007 10.156
-1.352609e-007 10.148
-1.350609e-007 10.1201
-1.348609e-007 10.1159
-1.346609e-007 10.1024
-1.344609e-007 10.0765
-1.342609e-007 10.0507
-1.340609e-007 10.0396
-1.338609e-007 10.012
-1.336609e-007 9.97262
-1.334609e-007 10.0127
-1.332609e-007 10.0724
-1.330609e-007 10.0665
-1.328609e-007 10.0658
-1.326609e-007 10.1131
-1.324609e-007 10.1843
-1.322609e-007 10.2022
-1.320609e-007 10.1187
-1.318609e-007 10.0527
-1.316609e-007 10.1049
-1.314609e-007 10.1767
-1.312609e-007 10.1587
-1.310609e-007 10.0952
-1.308609e-007 10.0386
-1.306609e-007 9.98712
-1.304609e-007 9.99886
-1.302609e-007 10.0524
-1.300609e-007 10.0541
-1.298609e-007 10.0572
-1.296609e-007 10.0924
-1.294609e-007 10.0707
-1.292609e-007 10.0068
-1.290609e-007 9.95018
-1.288609e-007 9.88769
-1.286609e-007 9.87388
-1.284609e-007 9.93361
-1.282609e-007 9.99023
-1.280609e-007 10.0092
-1.278609e-007 9.99714
-1.276609e-007 9.97677
-1.274609e-007 9.97469
-1.272609e-007 9.97021
-1.270609e-007 9.99058
-1.268609e-007 10.0645
-1.266609e-007 10.1045
-1.264609e-007 10.081
-1.262609e-007 10.0607
-1.260609e-007 10.0199
-1.258609e-007 9.95778
-1.256609e-007 9.97262
-1.254609e-007 10.0206
-1.252609e-007 9.99748
-1.250609e-007 9.96123
-1.248609e-007 9.99161
-1.246609e-007 10.0579
-1.244609e-007 10.0907
-1.242609e-007 10.0458
-1.240609e-007 9.98781
-1.238609e-007 9.9854
-1.236609e-007 9.98229
-1.234609e-007 9.99127
-1.232609e-007 10.05
-1.230609e-007 10.0669
-1.228609e-007 10.0296
-1.226609e-007 10.0234
-1.224609e-007 10.0465
-1.222609e-007 10.0444
-1.220609e-007 9.98056
-1.218609e-007 9.90564
-1.216609e-007 9.95743
-1.214609e-007 10.1097
-1.212609e-007 10.1629
-1.210609e-007 10.0838
-1.208609e-007 10.0417
-1.206609e-007 10.1125
-1.204609e-007 10.1715
-1.202609e-007 10.1211
-1.200609e-007 10.0624
-1.198609e-007 10.0952
-1.196609e-007 10.1373
-1.194609e-007 10.127
-1.192609e-007 10.0876
-1.190609e-007 9.99161
-1.188609e-007 9.88527
-1.186609e-007 9.89321
-1.184609e-007 9.99714
-1.182609e-007 10.0593
-1.180609e-007 10.0434
-1.178609e-007 10.0182
-1.176609e-007 9.99576
-1.174609e-007 9.96399
-1.172609e-007 9.93844
-1.170609e-007 9.91876
-1.168609e-007 9.92014
-1.166609e-007 9.97055
-1.164609e-007 10.0634
-1.162609e-007 10.1314
-1.160609e-007 10.1339
-1.158609e-007 10.1235
-1.156609e-007 10.1104
-1.154609e-007 10.0769
-1.152609e-007 10.0482
-1.150609e-007 10.0172
-1.148609e-007 10.0161
-1.146609e-007 10.0479
-1.144609e-007 10.0254
-1.142609e-007 9.96261
-1.140609e-007 9.90633
-1.138609e-007 9.83279
-1.136609e-007 9.80413
-1.134609e-007 9.87353
-1.132609e-007 9.93844
-1.130609e-007 9.95639
-1.128609e-007 9.974
-1.126609e-007 9.94293
-1.124609e-007 9.88251
-1.122609e-007 9.96088
-1.120609e-007 10.118
-1.118609e-007 10.109
-1.116609e-007 9.97504
-1.114609e-007 9.92601
-1.112609e-007 9.97953
-1.110609e-007 10.0334
-1.108609e-007 10.0855
-1.106609e-007 10.1401
-1.104609e-007 10.1197
-1.102609e-007 10.051
-1.100609e-007 10.0144
-1.098609e-007 10.0261
-1.096609e-007 10.0852
-1.094609e-007 10.1107
-1.092609e-007 10.0551
-1.090609e-007 10.0393
-1.088609e-007 10.1093
-1.086609e-007 10.1487
-1.084609e-007 10.1031
-1.082609e-007 10.0427
-1.080609e-007 10.0507
-1.078609e-007 10.1176
-1.076609e-007 10.1466
-1.074609e-007 10.1218
-1.072609e-007 10.0938
-1.070609e-007 10.0614
-1.068609e-007 10.0161
-1.066609e-007 9.95674
-1.064609e-007 9.95191
-1.062609e-007 10.0137
-1.060609e-007 9.99161
-1.058609e-007 9.90668
-1.056609e-007 9.90909
-1.054609e-007 9.96192
-1.052609e-007 9.96572
-1.050609e-007 9.94776
-1.048609e-007 10.0075
-1.046609e-007 10.1
-1.044609e-007 10.0772
-1.042609e-007 9.99368
-1.040609e-007 10.0199
-1.038609e-007 10.1131
-1.036609e-007 10.1221
-1.034609e-007 10.0814
-1.032609e-007 10.0886
-1.030609e-007 10.0955
-1.028609e-007 10.061
-1.026609e-007 10.0251
-1.024609e-007 10.0365
-1.022609e-007 10.0959
-1.020609e-007 10.1004
-1.018609e-007 10.0586
-1.016609e-007 10.0665
-1.014609e-007 10.0189
-1.012609e-007 9.88941
-1.010609e-007 9.88389
-1.008609e-007 10.0151
-1.006609e-007 10.1128
-1.004609e-007 10.1093
-1.002609e-007 10.0006
-1.000609e-007 9.91255
-9.986087e-008 9.99817
-9.966087e-008 10.1218
-9.946087e-008 10.0976
-9.926087e-008 10.0034
-9.906087e-008 9.95087
-9.886087e-008 9.9229
-9.866087e-008 9.92912
-9.846087e-008 10.0165
-9.826087e-008 10.1415
-9.806087e-008 10.175
-9.786087e-008 10.0783
-9.766087e-008 9.97124
-9.746087e-008 9.9267
-9.726087e-008 9.88216
-9.706087e-008 9.8138
-9.686087e-008 9.84867
-9.666087e-008 9.99334
-9.646087e-008 10.0721
-9.626087e-008 10.0586
-9.606087e-008 10.0078
-9.586087e-008 9.94327
-9.566087e-008 9.96088
-9.546087e-008 10.0762
-9.526087e-008 10.1401
-9.506087e-008 10.0772
-9.486087e-008 9.9923
-9.466087e-008 9.99886
-9.446087e-008 10.0955
-9.426087e-008 10.1784
-9.406087e-008 10.1501
-9.386087e-008 10.0586
-9.366087e-008 10.04
-9.346087e-008 10.1097
-9.326087e-008 10.1377
-9.306087e-008 10.0886
-9.286087e-008 10.0855
-9.266087e-008 10.1466
-9.246087e-008 10.1456
-9.226087e-008 10.0576
-9.206087e-008 9.98574
-9.186087e-008 10.004
-9.166087e-008 10.0662
-9.146087e-008 10.079
-9.126087e-008 10.0721
-9.106087e-008 10.0886
-9.086087e-008 10.0759
-9.066087e-008 10.0538
-9.046087e-008 10.0734
-9.026087e-008 10.0986
-9.006087e-008 10.0886
-8.986087e-008 10.0548
-8.966087e-008 10.0368
-8.946087e-008 10.0206
-8.926087e-008 10.0096
-8.906087e-008 10.0876
-8.886087e-008 10.216
-8.866087e-008 10.2537
-8.846087e-008 10.1567
-8.826087e-008 10.0047
-8.806087e-008 9.95605
-8.786087e-008 10.0786
-8.766087e-008 10.2102
-8.746087e-008 10.166
-8.726087e-008 10.0082
-8.706087e-008 9.89804
-8.686087e-008 9.87215
-8.666087e-008 9.90944
-8.646087e-008 9.94983
-8.626087e-008 9.94949
-8.606087e-008 9.95743
-8.586087e-008 10.0054
-8.566087e-008 10.0627
-8.546087e-008 10.0762
-8.526087e-008 10.0289
-8.506087e-008 10.0203
-8.486087e-008 10.0893
-8.466087e-008 10.0931
-8.446087e-008 10.0144
-8.426087e-008 10.0099
-8.406087e-008 10.0589
-8.386087e-008 10.0641
-8.366087e-008 10.0807
-8.346087e-008 10.0969
-8.326087e-008 10.0203
-8.306087e-008 9.9229
-8.286087e-008 9.91772
-8.266087e-008 9.96019
-8.246087e-008 9.98436
-8.226087e-008 9.99886
-8.206087e-008 9.99645
-8.186087e-008 9.98022
-8.166087e-008 9.99783
-8.146087e-008 10.0424
-8.126087e-008 10.04
-8.106087e-008 9.94707
-8.086087e-008 9.84107
-8.066087e-008 9.84902
-8.046087e-008 9.93119
-8.026087e-008 9.97504
-8.006087e-008 10.0368
-7.986087e-008 10.1321
-7.966087e-008 10.1111
-7.946087e-008 9.99472
-7.926087e-008 9.96537
-7.906087e-008 10.0513
-7.886087e-008 10.1535
-7.866087e-008 10.1674
-7.846087e-008 10.0942
-7.826087e-008 10.0669
-7.806087e-008 10.0955
-7.786087e-008 10.0803
-7.766087e-008 10.0203
-7.746087e-008 9.95122
-7.726087e-008 9.91634
-7.706087e-008 9.92739
-7.686087e-008 9.93084
-7.666087e-008 9.9488
-7.646087e-008 10.0085
-7.626087e-008 9.97918
-7.606087e-008 9.86041
-7.586087e-008 9.88665
-7.566087e-008 10.0579
-7.546087e-008 10.1256
-7.526087e-008 10.0437
-7.506087e-008 9.9854
-7.486087e-008 10.0189
-7.466087e-008 10.0603
-7.446087e-008 10.0386
-7.426087e-008 9.96261
-7.406087e-008 9.90184
-7.386087e-008 9.89701
-7.366087e-008 9.93671
-7.346087e-008 9.97228
-7.326087e-008 9.96986
-7.306087e-008 10.0337
-7.286087e-008 10.1777
-7.266087e-008 10.2478
-7.246087e-008 10.2323
-7.226087e-008 10.1843
-7.206087e-008 10.0883
-7.186087e-008 10.0068
-7.166087e-008 10.012
-7.146087e-008 10.0513
-7.126087e-008 10.0714
-7.106087e-008 10.0859
-7.086087e-008 10.0959
-7.066087e-008 10.0945
-7.046087e-008 10.0911
-7.026087e-008 10.0686
-7.006087e-008 10.0189
-6.986087e-008 9.99852
-6.966087e-008 10.0199
-6.946087e-008 10.033
-6.926087e-008 10.0403
-6.906087e-008 10.0493
-6.886087e-008 10.0614
-6.866087e-008 10.0731
-6.846087e-008 10.0731
-6.826087e-008 10.0911
-6.806087e-008 10.1304
-6.786087e-008 10.1594
-6.766087e-008 10.1663
-6.746087e-008 10.127
-6.726087e-008 10.0351
-6.706087e-008 9.94189
-6.686087e-008 9.88734
-6.666087e-008 9.88838
-6.646087e-008 9.98229
-6.626087e-008 10.1104
-6.606087e-008 10.1207
-6.586087e-008 10.0258
-6.566087e-008 9.94983
-6.546087e-008 9.91496
-6.526087e-008 9.91669
-6.506087e-008 9.93844
-6.486087e-008 9.93326
-6.466087e-008 9.92359
-6.446087e-008 9.93395
-6.426087e-008 9.89701
-6.406087e-008 9.82588
-6.386087e-008 9.85868
-6.366087e-008 9.96019
-6.346087e-008 9.97021
-6.326087e-008 9.91565
-6.306087e-008 9.89666
-6.286087e-008 9.93188
-6.266087e-008 10.004
-6.246087e-008 10.0589
-6.226087e-008 10.0527
-6.206087e-008 10.0002
-6.186087e-008 9.92049
-6.166087e-008 9.8359
-6.146087e-008 9.84453
-6.126087e-008 9.97435
-6.106087e-008 10.0786
-6.086087e-008 10.0893
-6.066087e-008 10.0921
-6.046087e-008 10.1249
-6.026087e-008 10.1249
-6.006087e-008 10.0475
-5.986087e-008 9.9671
-5.966087e-008 9.97884
-5.946087e-008 10.0203
-5.926087e-008 10.0061
-5.906087e-008 10.0082
-5.886087e-008 10.0154
-5.866087e-008 9.92946
-5.846087e-008 9.8428
-5.826087e-008 9.80068
-5.806087e-008 9.79308
-5.786087e-008 9.9015
-5.766087e-008 9.98367
-5.746087e-008 9.92877
-5.726087e-008 9.92705
-5.706087e-008 10.0362
-5.686087e-008 10.1384
-5.666087e-008 10.1881
-5.646087e-008 10.1825
-5.626087e-008 10.1332
-5.606087e-008 10.0869
-5.586087e-008 10.0779
-5.566087e-008 10.1011
-5.546087e-008 10.1325
-5.526087e-008 10.1349
-5.506087e-008 10.1028
-5.486087e-008 10.0814
-5.466087e-008 10.0745
-5.446087e-008 10.0683
-5.426087e-008 10.1114
-5.406087e-008 10.2157
-5.386087e-008 10.2792
-5.366087e-008 10.2102
-5.346087e-008 10.0465
-5.326087e-008 9.94086
-5.306087e-008 9.97262
-5.286087e-008 10.0607
-5.266087e-008 10.0976
-5.246087e-008 10.0579
-5.226087e-008 10.0113
-5.206087e-008 10.033
-5.186087e-008 10.0886
-5.166087e-008 10.0876
-5.146087e-008 10.0458
-5.126087e-008 10.0772
-5.106087e-008 10.1252
-5.086087e-008 10.0306
-5.066087e-008 9.89459
-5.046087e-008 9.916
-5.026087e-008 10.0248
-5.006087e-008 10.0172
-4.986087e-008 9.88838
-4.966087e-008 9.80655
-4.946087e-008 9.85765
-4.926087e-008 9.97746
-4.906087e-008 10.0413
-4.886087e-008 10.0213
-4.866087e-008 10.0058
-4.846087e-008 9.98816
-4.826087e-008 9.92152
-4.806087e-008 9.8718
-4.786087e-008 9.94362
-4.766087e-008 10.1045
-4.746087e-008 10.1649
-4.726087e-008 10.0748
-4.706087e-008 10.0051
-4.686087e-008 10.0486
-4.666087e-008 10.0969
-4.646087e-008 10.1066
-4.626087e-008 10.1373
-4.606087e-008 10.1459
-4.586087e-008 10.1052
-4.566087e-008 10.0562
-4.546087e-008 10.0109
-4.526087e-008 9.96813
-4.506087e-008 9.93568
-4.486087e-008 9.96019
-4.466087e-008 10.0337
-4.446087e-008 10.071
-4.426087e-008 10.0686
-4.406087e-008 10.0786
-4.386087e-008 10.0731
-4.366087e-008 10.0348
-4.346087e-008 10.0241
-4.326087e-008 10.012
-4.306087e-008 9.93464
-4.286087e-008 9.87871
-4.266087e-008 9.94224
-4.246087e-008 10.0472
-4.226087e-008 10.0479
-4.206087e-008 9.91358
-4.186087e-008 9.81587
-4.166087e-008 9.91807
-4.146087e-008 10.0396
-4.126087e-008 9.97538
-4.106087e-008 9.9122
-4.086087e-008 10.0051
-4.066087e-008 10.1563
-4.046087e-008 10.2488
-4.026087e-008 10.196
-4.006087e-008 10.0835
-3.986087e-008 10.0669
-3.966087e-008 10.0893
-3.946087e-008 10.089
-3.926087e-008 10.0907
-3.906087e-008 10.0268
-3.886087e-008 9.89528
-3.866087e-008 9.85109
-3.846087e-008 9.93637
-3.826087e-008 10.0213
-3.806087e-008 10.051
-3.786087e-008 10.0655
-3.766087e-008 10.0627
-3.746087e-008 10.0462
-3.726087e-008 10.0203
-3.706087e-008 9.98471
-3.686087e-008 9.99196
-3.666087e-008 10.0503
-3.646087e-008 10.1104
-3.626087e-008 10.1428
-3.606087e-008 10.1449
-3.586087e-008 10.1573
-3.566087e-008 10.195
-3.546087e-008 10.1377
-3.526087e-008 9.96296
-3.506087e-008 9.91393
-3.486087e-008 10.0569
-3.466087e-008 10.1622
-3.446087e-008 10.1667
-3.426087e-008 10.1346
-3.406087e-008 10.0814
-3.386087e-008 10.0752
-3.366087e-008 10.1128
-3.346087e-008 10.1159
-3.326087e-008 10.081
-3.306087e-008 10.0037
-3.286087e-008 9.90253
-3.266087e-008 9.90529
-3.246087e-008 10.0065
-3.226087e-008 10.0696
-3.206087e-008 10.1093
-3.186087e-008 10.1794
-3.166087e-008 10.235
-3.146087e-008 10.2081
-3.126087e-008 10.1042
-3.106087e-008 10.0147
-3.086087e-008 9.96606
-3.066087e-008 9.93499
-3.046087e-008 9.96088
-3.026087e-008 10.0123
-3.006087e-008 9.98712
-2.986087e-008 9.94949
-2.966087e-008 9.97987
-2.946087e-008 9.94914
-2.926087e-008 9.84971
-2.906087e-008 9.89287
-2.886087e-008 10.0524
-2.866087e-008 10.11
-2.846087e-008 10.0734
-2.826087e-008 10.0555
-2.806087e-008 10.032
-2.786087e-008 9.9854
-2.766087e-008 9.99921
-2.746087e-008 10.0748
-2.726087e-008 10.0945
-2.706087e-008 10.0196
-2.686087e-008 9.97815
-2.666087e-008 10.079
-2.646087e-008 10.1808
-2.626087e-008 10.1128
-2.606087e-008 10.0223
-2.586087e-008 10.052
-2.566087e-008 10.0603
-2.546087e-008 9.97331
-2.526087e-008 9.93015
-2.506087e-008 10.0237
-2.486087e-008 10.1453
-2.466087e-008 10.1518
-2.446087e-008 10.0472
-2.426087e-008 9.96882
-2.406087e-008 10.013
-2.386087e-008 10.1187
-2.366087e-008 10.1912
-2.346087e-008 10.1901
-2.326087e-008 10.1449
-2.306087e-008 10.0993
-2.286087e-008 10.0562
-2.266087e-008 10.0241
-2.246087e-008 10.0051
-2.226087e-008 10.0199
-2.206087e-008 10.0855
-2.186087e-008 10.1239
-2.166087e-008 10.0482
-2.146087e-008 9.93395
-2.126087e-008 9.93395
-2.106087e-008 9.99541
-2.086087e-008 9.94742
-2.066087e-008 9.86455
-2.046087e-008 9.91013
-2.026087e-008 10.031
-2.006087e-008 10.108
-1.986087e-008 10.1245
-1.966087e-008 10.1497
-1.946087e-008 10.1767
-1.926087e-008 10.09
-1.906087e-008 9.94224
-1.886087e-008 9.91255
-1.866087e-008 9.98609
-1.846087e-008 10.0614
-1.826087e-008 10.1249
-1.806087e-008 10.1107
-1.786087e-008 9.99817
-1.766087e-008 9.93361
-1.746087e-008 9.97366
-1.726087e-008 10.0403
-1.706087e-008 10.0683
-1.686087e-008 10.033
-1.666087e-008 9.99127
-1.646087e-008 9.96848
-1.626087e-008 9.93119
-1.606087e-008 9.92532
-1.586087e-008 10.0123
-1.566087e-008 10.1201
-1.546087e-008 10.1031
-1.526087e-008 9.98471
-1.506087e-008 9.92049
-1.486087e-008 9.9412
-1.466087e-008 10.0006
-1.446087e-008 10.0769
-1.426087e-008 10.1259
-1.406087e-008 10.1169
-1.386087e-008 10.0437
-1.366087e-008 9.94707
-1.346087e-008 9.87457
-1.326087e-008 9.839
-1.306087e-008 9.839
-1.286087e-008 9.87146
-1.266087e-008 9.96882
-1.246087e-008 10.0886
-1.226087e-008 10.1504
-1.206087e-008 10.1964
-1.186087e-008 10.2481
-1.166087e-008 10.2295
-1.146087e-008 10.1401
-1.126087e-008 10.0852
-1.106087e-008 10.0873
-1.086087e-008 10.0396
-1.066087e-008 9.92256
-1.046087e-008 9.80137
-1.026087e-008 9.70228
-1.006087e-008 9.71954
-9.860868e-009 9.88872
-9.660868e-009 10.0358
-9.460868e-009 10.0472
-9.260868e-009 10.0141
-9.060868e-009 10.0358
-8.860868e-009 10.0883
-8.660868e-009 10.1087
-8.460868e-009 10.0969
-8.260868e-009 10.109
-8.060868e-009 10.1618
-7.860868e-009 10.1753
-7.660868e-009 10.1283
-7.460868e-009 10.109
-7.260868e-009 10.1308
-7.060868e-009 10.1439
-6.860868e-009 10.1287
-6.660868e-009 10.0869
-6.460868e-009 10.0455
-6.260868e-009 10.0462
-6.060868e-009 10.0707
-5.860868e-009 10.0562
-5.660868e-009 10.0203
-5.460868e-009 10.0248
-5.260868e-009 10.0282
-5.060868e-009 9.97193
-4.860868e-009 9.92946
-4.660868e-009 9.99023
-4.460868e-009 10.09
-4.260868e-009 10.1339
-4.060868e-009 10.1691
-3.860868e-009 10.234
-3.660868e-009 10.2012
-3.460868e-009 10.0475
-3.260868e-009 9.96468
-3.060868e-009 10.013
-2.860868e-009 10.0658
-2.660868e-009 10.0531
-2.460868e-009 10.0089
-2.260868e-009 9.9892
-2.060868e-009 9.97608
-1.860868e-009 9.8794
-1.660868e-009 9.59904
-1.460868e-009 9.01381
-1.260868e-009 8.03807
-1.060868e-009 6.77128
-8.608679e-010 5.43853
-6.608679e-010 4.21973
-4.608679e-010 3.25159
-2.608679e-010 2.59903
-6.086793e-011 2.15294
1.391321e-010 1.846
3.391321e-010 1.73965
5.391321e-010 1.72446
7.391321e-010 1.63883
9.391321e-010 1.5242
1.139132e-009 1.44997
1.339132e-009 1.40888
1.539132e-009 1.3526
1.739132e-009 1.25869
1.939132e-009 1.20172
2.139132e-009 1.2473
2.339132e-009 1.32429
2.539132e-009 1.33258
2.739132e-009 1.27595
2.939132e-009 1.19033
3.139132e-009 1.1817
3.339132e-009 1.36089
3.539132e-009 1.54319
3.739132e-009 1.51868
3.939132e-009 1.41682
4.139132e-009 1.38541
4.339132e-009 1.37815
4.539132e-009 1.34017
4.739132e-009 1.28528
4.939132e-009 1.24695
5.139132e-009 1.28528
5.339132e-009 1.38713
5.539132e-009 1.40716
5.739132e-009 1.3564
5.939132e-009 1.3785
6.139132e-009 1.41613
6.339132e-009 1.38679
6.539132e-009 1.34156
6.739132e-009 1.2946
6.939132e-009 1.29356
7.139132e-009 1.40716
7.339132e-009 1.49969
7.539132e-009 1.42511
7.739132e-009 1.29253
7.939132e-009 1.28804
8.139132e-009 1.40854
8.339132e-009 1.4586
8.539132e-009 1.36642
8.739132e-009 1.32015
8.939132e-009 1.37228
9.139132e-009 1.3823
9.339132e-009 1.35433
9.539132e-009 1.31014
9.739132e-009 1.2069
9.939132e-009 1.16478
1.013913e-008 1.24108
1.033913e-008 1.30116
1.053913e-008 1.30358
1.073913e-008 1.27423
1.093913e-008 1.23245
1.113913e-008 1.26145
1.133913e-008 1.35122
1.153913e-008 1.37021
1.173913e-008 1.32326
1.193913e-008 1.32464
1.213913e-008 1.38644
1.233913e-008 1.38402
1.253913e-008 1.26249
1.273913e-008 1.21242
1.293913e-008 1.29425
1.313913e-008 1.31497
1.333913e-008 1.2687
1.353913e-008 1.22624
1.373913e-008 1.1306
1.393913e-008 1.0574
1.413913e-008 1.10884
1.433913e-008 1.15062
1.453913e-008 1.05636
1.473913e-008 0.912385
1.493913e-008 0.865428
1.513913e-008 0.985927
1.533913e-008 1.14924
1.553913e-008 1.14924
1.573913e-008 1.0391
1.593913e-008 1.0498
1.613913e-008 1.15925
1.633913e-008 1.15684
1.653913e-008 1.04013
1.673913e-008 0.960377
1.693913e-008 0.975569
1.713913e-008 1.07121
1.733913e-008 1.18377
1.753913e-008 1.19896
1.773913e-008 1.1337
1.793913e-008 1.05464
1.813913e-008 0.975224
1.833913e-008 0.963485
1.853913e-008 0.996976
1.873913e-008 0.988344
1.893913e-008 0.983856
1.913913e-008 1.01907
1.933913e-008 1.05464
1.953913e-008 1.07535
1.973913e-008 1.09296
1.993913e-008 1.13577
2.013913e-008 1.2107
2.033913e-008 1.24315
2.053913e-008 1.17375
2.073913e-008 1.09676
2.093913e-008 1.10746
2.113913e-008 1.12611
2.133913e-008 1.09331
2.153913e-008 1.0429
2.173913e-008 1.01631
2.193913e-008 1.05705
2.213913e-008 1.10125
2.233913e-008 1.06776
2.253913e-008 1.04152
2.273913e-008 1.08985
2.293913e-008 1.14751
2.313913e-008 1.18204
2.333913e-008 1.18515
2.353913e-008 1.13198
2.373913e-008 1.05912
2.393913e-008 1.05326
2.413913e-008 1.1634
2.433913e-008 1.32118
2.453913e-008 1.38989
2.473913e-008 1.29425
2.493913e-008 1.12127
2.513913e-008 1.02218
2.533913e-008 1.02632
2.553913e-008 1.06914
2.573913e-008 1.1009
2.593913e-008 1.08571
2.613913e-008 1.01562
2.633913e-008 0.986963
2.653913e-008 1.03496
2.673913e-008 1.05982
2.693913e-008 1.02805
2.713913e-008 1.00941
2.733913e-008 1.07017
2.753913e-008 1.14026
2.773913e-008 1.07639
2.793913e-008 0.921707
2.813913e-008 0.89374
2.833913e-008 1.04739
2.853913e-008 1.18239
2.873913e-008 1.16098
2.893913e-008 1.07673
2.913913e-008 1.03772
2.933913e-008 1.03254
2.953913e-008 1.0315
2.973913e-008 1.0208
2.993913e-008 0.995595
3.013913e-008 1.00146
3.033913e-008 1.05602
3.053913e-008 1.0719
3.073913e-008 1.0467
3.093913e-008 1.07777
3.113913e-008 1.08709
3.133913e-008 1.00216
3.153913e-008 0.970045
3.173913e-008 1.04497
3.193913e-008 1.10159
3.213913e-008 1.09296
3.233913e-008 1.06051
3.253913e-008 1.03254
3.273913e-008 1.03461
3.293913e-008 1.06603
3.313913e-008 1.0971
3.333913e-008 1.10746
3.353913e-008 1.08985
3.373913e-008 1.08088
3.393913e-008 1.08467
3.413913e-008 1.05602
3.433913e-008 1.02253
3.453913e-008 1.02149
3.473913e-008 1.04324
3.493913e-008 1.09365
3.513913e-008 1.13612
3.533913e-008 1.10021
3.553913e-008 1.07397
3.573913e-008 1.13405
3.593913e-008 1.13025
3.613913e-008 1.04083
3.633913e-008 1.05671
3.653913e-008 1.17134
3.673913e-008 1.21312
3.693913e-008 1.17514
3.713913e-008 1.12887
3.733913e-008 1.09538
3.753913e-008 1.11022
3.773913e-008 1.1154
3.793913e-008 1.05602
3.813913e-008 1.05602
3.833913e-008 1.09952
3.853913e-008 1.07984
3.873913e-008 1.08985
3.893913e-008 1.13474
3.913913e-008 1.15684
3.933913e-008 1.23556
3.953913e-008 1.27803
3.973913e-008 1.1665
3.993913e-008 1.11506
4.013913e-008 1.22658
4.033913e-008 1.26939
4.053913e-008 1.14372
4.073913e-008 1.05567
4.093913e-008 1.14855
4.113913e-008 1.25248
4.133913e-008 1.19723
4.153913e-008 1.04497
4.173913e-008 0.961413
4.193913e-008 1.05153
4.213913e-008 1.19585
4.233913e-008 1.19896
4.253913e-008 1.06327
4.273913e-008 0.921707
4.293913e-008 0.878548
4.313913e-008 0.932756
4.333913e-008 1.01735
4.353913e-008 1.11264
4.373913e-008 1.20345
4.393913e-008 1.21415
4.413913e-008 1.15476
4.433913e-008 1.16616
4.453913e-008 1.25731
4.473913e-008 1.26111
4.493913e-008 1.13129
4.513913e-008 1.01148
4.533913e-008 1.03944
4.553913e-008 1.17583
4.573913e-008 1.22002
4.593913e-008 1.10988
4.613913e-008 1.00561
4.633913e-008 0.98938
4.653913e-008 0.985582
4.673913e-008 0.954163
4.693913e-008 0.933101
4.713913e-008 0.970045
4.733913e-008 1.07673
4.753913e-008 1.18653
4.773913e-008 1.23072
4.793913e-008 1.20897
4.813913e-008 1.16719
4.833913e-008 1.14026
4.853913e-008 1.10194
4.873913e-008 1.04255
4.893913e-008 1.0353
4.913913e-008 1.10781
4.933913e-008 1.17721
4.953913e-008 1.20725
4.973913e-008 1.22727
4.993913e-008 1.20379
5.013913e-008 1.14544
5.033913e-008 1.13474
5.053913e-008 1.16236
5.073913e-008 1.1741
5.093913e-008 1.15649
5.113913e-008 1.11471
5.133913e-008 1.09572
5.153913e-008 1.14786
5.173913e-008 1.22555
5.193913e-008 1.27665
5.213913e-008 1.25662
5.233913e-008 1.13543
5.253913e-008 1.03703
5.273913e-008 1.0902
5.293913e-008 1.19516
5.313913e-008 1.20897
5.333913e-008 1.18791
5.353913e-008 1.18998
5.373913e-008 1.12265
5.393913e-008 0.999738
5.413913e-008 0.960032
5.433913e-008 1.03254
5.453913e-008 1.11195
5.473913e-008 1.11126
5.493913e-008 1.08467
5.513913e-008 1.08916
5.533913e-008 1.12231
5.553913e-008 1.18549
5.573913e-008 1.1848
5.593913e-008 1.0971
5.613913e-008 1.10159
5.633913e-008 1.21173
5.653913e-008 1.24523
5.673913e-008 1.19482
5.693913e-008 1.15787
5.713913e-008 1.12093
5.733913e-008 1.11989
5.753913e-008 1.19758
5.773913e-008 1.21242
5.793913e-008 1.13474
5.813913e-008 1.13785
5.833913e-008 1.23314
5.853913e-008 1.26249
5.873913e-008 1.16167
5.893913e-008 1.04255
5.913913e-008 1.03944
5.933913e-008 1.11092
5.953913e-008 1.17686
5.973913e-008 1.24971
5.993913e-008 1.27492
6.013913e-008 1.22658
6.033913e-008 1.22451
6.053913e-008 1.24246
6.073913e-008 1.17134
6.093913e-008 1.08571
6.113913e-008 1.0498
6.133913e-008 1.06638
6.153913e-008 1.12611
6.173913e-008 1.11782
6.193913e-008 1.01735
6.213913e-008 0.954853
6.233913e-008 0.991452
6.253913e-008 1.07811
6.273913e-008 1.10366
6.293913e-008 1.02771
6.313913e-008 0.972807
6.333913e-008 0.993523
6.353913e-008 1.01804
6.373913e-008 1.0391
6.393913e-008 1.07086
6.413913e-008 1.09676
6.433913e-008 1.11678
6.453913e-008 1.11506
6.473913e-008 1.11886
6.493913e-008 1.19792
6.513913e-008 1.30012
6.533913e-008 1.30668
6.553913e-008 1.19792
6.573913e-008 1.06292
6.593913e-008 1.00181
6.613913e-008 1.01528
6.633913e-008 1.02736
6.653913e-008 1.01355
6.673913e-008 1.03772
6.693913e-008 1.11678
6.713913e-008 1.18929
6.733913e-008 1.24074
6.753913e-008 1.26732
6.773913e-008 1.20552
6.793913e-008 1.09987
6.813913e-008 1.08675
6.833913e-008 1.12991
6.853913e-008 1.13508
6.873913e-008 1.16443
6.893913e-008 1.2069
6.913913e-008 1.17824
6.933913e-008 1.13198
6.953913e-008 1.08398
6.973913e-008 1.03979
6.993913e-008 1.08433
7.013913e-008 1.15787
7.033913e-008 1.16547
7.053913e-008 1.16478
7.073913e-008 1.19654
7.093913e-008 1.20828
7.113913e-008 1.21139
7.133913e-008 1.28562
7.153913e-008 1.35433
7.173913e-008 1.29633
7.193913e-008 1.18826
7.213913e-008 1.1634
7.233913e-008 1.22485
7.253913e-008 1.23003
7.273913e-008 1.14337
7.293913e-008 1.12404
7.313913e-008 1.20414
7.333913e-008 1.26836
7.353913e-008 1.26111
7.373913e-008 1.20483
7.393913e-008 1.14648
7.413913e-008 1.11402
7.433913e-008 1.12196
7.453913e-008 1.18929
7.473913e-008 1.27423
7.493913e-008 1.25731
7.513913e-008 1.13543
7.533913e-008 1.06948
7.553913e-008 1.12335
7.573913e-008 1.18377
7.593913e-008 1.20483
7.613913e-008 1.21346
7.633913e-008 1.18895
7.653913e-008 1.17824
7.673913e-008 1.20552
7.693913e-008 1.15269
7.713913e-008 1.01493
7.733913e-008 0.976605
7.753913e-008 1.09918
7.773913e-008 1.23832
7.793913e-008 1.25144
7.813913e-008 1.13267
7.833913e-008 1.04773
7.853913e-008 1.10574
7.873913e-008 1.16374
7.893913e-008 1.12749
7.913913e-008 1.09538
7.933913e-008 1.09952
7.953913e-008 1.08951
7.973913e-008 1.08364
7.993913e-008 1.12887
8.013913e-008 1.22278
8.033913e-008 1.28217
8.053913e-008 1.22624
8.073913e-008 1.1337
8.093913e-008 1.13508
8.113913e-008 1.17824
8.133913e-008 1.12438
8.153913e-008 1.01389
8.173913e-008 1.01838
8.193913e-008 1.13474
8.213913e-008 1.20276
8.233913e-008 1.20552
8.253913e-008 1.21829
8.273913e-008 1.19102
8.293913e-008 1.08985
8.313913e-008 1.03254
8.333913e-008 1.10332
8.353913e-008 1.22175
8.373913e-008 1.25696
8.393913e-008 1.18446
8.413913e-008 1.12852
8.433913e-008 1.16961
8.453913e-008 1.20172
8.473913e-008 1.15235
8.493913e-008 1.09227
8.513913e-008 1.06879
8.533913e-008 1.10263
8.553913e-008 1.16478
8.573913e-008 1.11851
8.593913e-008 0.972117
8.613913e-008 0.962104
8.633913e-008 1.15235
8.653913e-008 1.26076
8.673913e-008 1.17375
8.693913e-008 1.13232
8.713913e-008 1.20759
8.733913e-008 1.22416
8.753913e-008 1.17928
8.773913e-008 1.2145
8.793913e-008 1.28735
8.813913e-008 1.2763
8.833913e-008 1.19274
8.853913e-008 1.1154
8.873913e-008 1.10815
8.893913e-008 1.18549
8.913913e-008 1.26698
8.933913e-008 1.26663
8.953913e-008 1.2504
8.973913e-008 1.2473
8.993913e-008 1.17583
9.013913e-008 1.09745
9.033913e-008 1.12887
9.053913e-008 1.17686
9.073913e-008 1.12507
9.093913e-008 1.05774
9.113913e-008 1.08778
9.133913e-008 1.20828
9.153913e-008 1.29149
9.173913e-008 1.24453
9.193913e-008 1.16892
9.213913e-008 1.17375
9.233913e-008 1.19033
9.253913e-008 1.1703
9.273913e-008 1.17893
9.293913e-008 1.20103
9.313913e-008 1.19378
9.333913e-008 1.19447
9.353913e-008 1.19792
9.373913e-008 1.15511
9.393913e-008 1.08467
9.413913e-008 1.06499
9.433913e-008 1.10436
9.453913e-008 1.123
9.473913e-008 1.08157
9.493913e-008 1.03979
9.513913e-008 1.07397
9.533913e-008 1.12127
9.553913e-008 1.08053
9.573913e-008 1.0284
9.593913e-008 1.05947
9.613913e-008 1.15338
9.633913e-008 1.23832
9.653913e-008 1.24523
9.673913e-008 1.20863
9.693913e-008 1.1962
9.713913e-008 1.20552
9.733913e-008 1.19033
9.753913e-008 1.1268
9.773913e-008 1.05602
9.793913e-008 1.06534
9.813913e-008 1.17928
9.833913e-008 1.24592
9.853913e-008 1.17306
9.873913e-008 1.09469
9.893913e-008 1.09607
9.913913e-008 1.14475
9.933913e-008 1.22382
9.953913e-008 1.27734
9.973913e-008 1.22485
9.993913e-008 1.12438
1.001391e-007 1.09952
1.003391e-007 1.14751
1.005391e-007 1.18101
1.007391e-007 1.14164
1.009391e-007 1.05187
1.011391e-007 1.04704
1.013391e-007 1.17514
1.015391e-007 1.27285
1.017391e-007 1.23797
1.019391e-007 1.16167
1.021391e-007 1.15097
1.023391e-007 1.2069
1.025391e-007 1.26007
1.027391e-007 1.258
1.029391e-007 1.2176
1.031391e-007 1.18446
1.033391e-007 1.19861
1.035391e-007 1.258
1.037391e-007 1.22865
1.039391e-007 1.09918
1.041391e-007 1.07777
1.043391e-007 1.17134
1.045391e-007 1.20725
1.047391e-007 1.1848
1.049391e-007 1.19965
1.051391e-007 1.2359
1.053391e-007 1.23141
1.055391e-007 1.20621
1.057391e-007 1.17859
1.059391e-007 1.15615
1.061391e-007 1.19033
1.063391e-007 1.24246
1.065391e-007 1.2252
1.067391e-007 1.17962
1.069391e-007 1.18273
1.071391e-007 1.23245
1.073391e-007 1.34535
1.075391e-007 1.45342
1.077391e-007 1.3968
1.079391e-007 1.287
1.081391e-007 1.29494
1.083391e-007 1.30323
1.085391e-007 1.22313
1.087391e-007 1.14924
1.089391e-007 1.15304
1.091391e-007 1.20069
1.093391e-007 1.20241
1.095391e-007 1.14233
1.097391e-007 1.11126
1.099391e-007 1.17721
1.101391e-007 1.28562
1.103391e-007 1.2763
1.105391e-007 1.12645
1.107391e-007 1.04911
1.109391e-007 1.13094
1.111391e-007 1.24833
1.113391e-007 1.30012
1.115391e-007 1.24523
1.117391e-007 1.13474
1.119391e-007 1.09641
1.121391e-007 1.13267
1.123391e-007 1.1337
1.125391e-007 1.08675
1.127391e-007 1.06051
1.129391e-007 1.05774
1.131391e-007 1.0757
1.133391e-007 1.14751
1.135391e-007 1.17652
1.137391e-007 1.07397
1.139391e-007 0.975569
1.141391e-007 1.00181
1.143391e-007 1.07604
1.145391e-007 1.08916
1.147391e-007 1.03461
1.149391e-007 1.0132
1.151391e-007 1.11368
1.153391e-007 1.26318
1.155391e-007 1.33223
1.157391e-007 1.27216
1.159391e-007 1.13267
1.161391e-007 1.06499
1.163391e-007 1.12335
1.165391e-007 1.20725
1.167391e-007 1.25662
1.169391e-007 1.25558
1.171391e-007 1.21829
1.173391e-007 1.18549
1.175391e-007 1.15511
1.177391e-007 1.12265
1.179391e-007 1.11057
1.181391e-007 1.12818
1.183391e-007 1.18101
1.185391e-007 1.2145
1.187391e-007 1.15269
1.189391e-007 1.09918
1.191391e-007 1.14786
1.193391e-007 1.17134
1.195391e-007 1.13819
1.197391e-007 1.1741
1.199391e-007 1.2214
1.201391e-007 1.16892
1.203391e-007 1.12369
1.205391e-007 1.16132
1.207391e-007 1.20034
1.209391e-007 1.22002
1.211391e-007 1.21415
1.213391e-007 1.14061
1.215391e-007 1.04186
1.217391e-007 0.979713
1.219391e-007 1.00285
1.221391e-007 1.15028
1.223391e-007 1.32153
1.225391e-007 1.30599
1.227391e-007 1.0902
1.229391e-007 0.906861
1.231391e-007 0.932411
1.233391e-007 1.12127
1.235391e-007 1.26939
1.237391e-007 1.25248
1.239391e-007 1.17686
1.241391e-007 1.13992
1.243391e-007 1.08882
1.245391e-007 1.04946
1.247391e-007 1.07501
1.249391e-007 1.07501
1.251391e-007 1.04255
1.253391e-007 1.09745
1.255391e-007 1.19378
1.257391e-007 1.20586
1.259391e-007 1.15511
1.261391e-007 1.12507
1.263391e-007 1.15546
1.265391e-007 1.19723
1.267391e-007 1.19965
1.269391e-007 1.18618
1.271391e-007 1.16029
1.273391e-007 1.14544
1.275391e-007 1.17099
1.277391e-007 1.16271
1.279391e-007 1.13888
1.281391e-007 1.22209
1.283391e-007 1.31359
1.285391e-007 1.27043
1.287391e-007 1.19205
1.289391e-007 1.17272
1.291391e-007 1.18239
1.293391e-007 1.22313
1.295391e-007 1.2984
1.297391e-007 1.33154
1.299391e-007 1.28424
1.301391e-007 1.2473
1.303391e-007 1.25282
1.305391e-007 1.21208
1.307391e-007 1.14061
1.309391e-007 1.1741
1.311391e-007 1.3198
1.313391e-007 1.37746
1.315391e-007 1.26905
1.317391e-007 1.20414
1.319391e-007 1.27768
1.321391e-007 1.33431
1.323391e-007 1.30289
1.325391e-007 1.23038
1.327391e-007 1.16409
1.329391e-007 1.1665
1.331391e-007 1.22209
1.333391e-007 1.23797
1.335391e-007 1.22347
1.337391e-007 1.2145
1.339391e-007 1.19516
1.341391e-007 1.21312
1.343391e-007 1.28079
1.345391e-007 1.30772
1.347391e-007 1.27112
1.349391e-007 1.2618
1.351391e-007 1.35986
1.353391e-007 1.49451
1.355391e-007 1.49382
1.357391e-007 1.40405
1.359391e-007 1.43202
1.361391e-007 1.55079
1.363391e-007 1.61156
1.365391e-007 1.5791
1.367391e-007 1.4624
1.369391e-007 1.35951
1.371391e-007 1.37643
1.373391e-007 1.38333
1.375391e-007 1.27803
1.377391e-007 1.25075
1.379391e-007 1.36711
1.381391e-007 1.44652
1.383391e-007 1.45239
1.385391e-007 1.42925
1.387391e-007 1.36711
1.389391e-007 1.33258
1.391391e-007 1.3533
1.393391e-007 1.41475
1.395391e-007 1.55839
1.397391e-007 1.67336
1.399391e-007 1.65195
1.401391e-007 1.62882
1.403391e-007 1.62157
1.405391e-007 1.5394
1.407391e-007 1.48035
1.409391e-007 1.47863
1.411391e-007 1.44237
1.413391e-007 1.39611
1.415391e-007 1.43651
1.417391e-007 1.5211
1.419391e-007 1.51212
1.421391e-007 1.43581
1.423391e-007 1.4372
1.425391e-007 1.53076
1.427391e-007 1.53836
1.429391e-007 1.41959
1.431391e-007 1.38989
1.433391e-007 1.47759
1.435391e-007 1.52593
1.437391e-007 1.5097
1.439391e-007 1.50003
1.441391e-007 1.55873
1.443391e-007 1.61466
1.445391e-007 1.53594
1.447391e-007 1.41406
1.449391e-007 1.43478
1.451391e-007 1.54975
1.453391e-007 1.63227
1.455391e-007 1.6523
1.457391e-007 1.57841
1.459391e-007 1.51523
1.461391e-007 1.5974
1.463391e-007 1.70098
1.465391e-007 1.70478
1.467391e-007 1.68199
1.469391e-007 1.66507
1.471391e-007 1.63504
1.473391e-007 1.62986
1.475391e-007 1.63883
1.477391e-007 1.63158
1.479391e-007 1.64781
1.481391e-007 1.71065
1.483391e-007 1.81354
1.485391e-007 1.88121
1.487391e-007 1.81458
1.489391e-007 1.71548
1.491391e-007 1.70789
1.493391e-007 1.68475
1.495391e-007 1.61087
1.497391e-007 1.61536
1.499391e-007 1.66473
1.501391e-007 1.6561
1.503391e-007 1.64608
1.505391e-007 1.66922
1.507391e-007 1.68061
1.509391e-007 1.68683
1.511391e-007 1.69615
1.513391e-007 1.74138
1.515391e-007 1.85187
1.517391e-007 1.91747
1.519391e-007 1.85773
1.521391e-007 1.75139
1.523391e-007 1.67302
1.525391e-007 1.66093
1.527391e-007 1.70374
1.529391e-007 1.67681
1.531391e-007 1.5425
1.533391e-007 1.48553
1.535391e-007 1.62295
1.537391e-007 1.80698
1.539391e-007 1.87293
1.541391e-007 1.83322
1.543391e-007 1.80111
1.545391e-007 1.81768
1.547391e-007 1.76831
1.549391e-007 1.66784
1.551391e-007 1.69546
1.553391e-007 1.80525
1.555391e-007 1.83011
1.557391e-007 1.78834
1.559391e-007 1.79041
1.561391e-007 1.87258
1.563391e-007 1.95337
1.565391e-007 1.92955
1.567391e-007 1.81803
1.569391e-007 1.7255
1.571391e-007 1.70064
1.573391e-007 1.74414
1.575391e-007 1.87431
1.577391e-007 1.95717
1.579391e-007 1.86326
1.581391e-007 1.78316
1.583391e-007 1.86844
1.585391e-007 1.97892
1.587391e-007 1.95061
1.589391e-007 1.78316
1.591391e-007 1.663
1.593391e-007 1.69235
1.595391e-007 1.73033
1.597391e-007 1.7614
1.599391e-007 1.85739
1.601391e-007 1.90227
1.603391e-007 1.87293
1.605391e-007 1.88225
1.607391e-007 1.90849
1.609391e-007 1.90227
1.611391e-007 1.91263
1.613391e-007 1.94129
1.615391e-007 1.96891
1.617391e-007 2.02277
1.619391e-007 2.01069
1.621391e-007 1.87845
1.623391e-007 1.79524
1.625391e-007 1.81458
1.627391e-007 1.83633
1.629391e-007 1.91056
1.631391e-007 2.07042
1.633391e-007 2.18678
1.635391e-007 2.1709
1.637391e-007 2.03002
1.639391e-007 1.87086
1.641391e-007 1.81216
1.643391e-007 1.8346
1.645391e-007 1.90227
1.647391e-007 1.9917
1.649391e-007 1.99895
1.651391e-007 1.91643
1.653391e-007 1.88812
1.655391e-007 1.91954
1.657391e-007 1.92713
1.659391e-007 1.97202
1.661391e-007 2.02933
1.663391e-007 1.97858
1.665391e-007 1.94129
1.667391e-007 2.01449
1.669391e-007 2.06248
1.671391e-007 2.07318
1.673391e-007 2.09425
1.675391e-007 2.08838
1.677391e-007 2.12256
1.679391e-007 2.23546
1.681391e-007 2.28345
1.683391e-007 2.18367
1.685391e-007 2.01552
1.687391e-007 1.91885
1.689391e-007 1.97616
1.691391e-007 2.10219
1.693391e-007 2.18712
1.695391e-007 2.23788
1.697391e-007 2.26136
1.699391e-007 2.22096
1.701391e-007 2.15639
1.703391e-007 2.14949
1.705391e-007 2.16951
1.707391e-007 2.14396
1.709391e-007 2.08423
1.711391e-007 2.06248
1.713391e-007 2.15225
1.715391e-007 2.2655
1.717391e-007 2.21682
1.719391e-007 2.09597
1.721391e-007 2.1084
1.723391e-007 2.19886
1.725391e-007 2.2327
1.727391e-007 2.17884
1.729391e-007 2.12912
1.731391e-007 2.18712
1.733391e-007 2.24547
1.735391e-007 2.19921
1.737391e-007 2.18574
1.739391e-007 2.2434
1.741391e-007 2.19058
1.743391e-007 2.03072
1.745391e-007 1.98583
1.747391e-007 2.12497
1.749391e-007 2.27171
1.751391e-007 2.24824
1.753391e-007 2.09286
1.755391e-007 1.97616
1.757391e-007 2.01345
1.759391e-007 2.18402
1.761391e-007 2.3128
1.763391e-007 2.27448
1.765391e-007 2.20887
1.767391e-007 2.25894
1.769391e-007 2.29865
1.771391e-007 2.23788
1.773391e-007 2.2037
1.775391e-007 2.24824
1.777391e-007 2.27413
1.779391e-007 2.21095
1.781391e-007 2.13775
1.783391e-007 2.23442
1.785391e-007 2.43434
1.787391e-007 2.444
1.789391e-007 2.29001
1.791391e-007 2.2617
1.793391e-007 2.37357
1.795391e-007 2.42881
1.797391e-007 2.35147
1.799391e-007 2.24306
1.801391e-007 2.25721
1.803391e-007 2.35354
1.805391e-007 2.36735
1.807391e-007 2.33732
1.809391e-007 2.35803
1.811391e-007 2.36528
1.813391e-007 2.32696
1.815391e-007 2.28967
1.817391e-007 2.24755
1.819391e-007 2.20162
1.821391e-007 2.2327
1.823391e-007 2.3242
1.825391e-007 2.33214
1.827391e-007 2.25894
1.829391e-007 2.22269
1.831391e-007 2.25894
1.833391e-007 2.35872
1.835391e-007 2.4333
1.837391e-007 2.42398
1.839391e-007 2.4295
1.841391e-007 2.4699
1.843391e-007 2.45954
1.845391e-007 2.39808
1.847391e-007 2.35976
1.849391e-007 2.41258
1.851391e-007 2.50788
1.853391e-007 2.50961
1.855391e-007 2.4661
1.857391e-007 2.51893
1.859391e-007 2.54241
1.861391e-007 2.39877
1.863391e-007 2.25514
1.865391e-007 2.29139
1.867391e-007 2.43882
1.869391e-007 2.52652
1.871391e-007 2.50443
1.873391e-007 2.43641
1.875391e-007 2.35872
1.877391e-007 2.27931
1.879391e-007 2.30003
1.881391e-007 2.48613
1.883391e-007 2.66049
1.885391e-007 2.60973
1.887391e-007 2.43675
1.889391e-007 2.36804
1.891391e-007 2.39498
1.893391e-007 2.44573
1.895391e-007 2.49476
1.897391e-007 2.47232
1.899391e-007 2.43744
1.901391e-007 2.51133
1.903391e-007 2.62527
1.905391e-007 2.60386
1.907391e-007 2.43744
1.909391e-007 2.38047
1.911391e-007 2.57348
1.913391e-007 2.74266
1.915391e-007 2.67464
1.917391e-007 2.55173
1.919391e-007 2.50684
1.921391e-007 2.50132
1.923391e-007 2.54448
1.925391e-007 2.57106
1.927391e-007 2.52065
1.929391e-007 2.48406
1.931391e-007 2.51237
1.933391e-007 2.54482
1.935391e-007 2.53343
1.937391e-007 2.49683
1.939391e-007 2.53308
1.941391e-007 2.71124
1.943391e-007 2.84555
1.945391e-007 2.71918
1.947391e-007 2.49062
1.949391e-007 2.39636
1.951391e-007 2.41051
1.953391e-007 2.48613
1.955391e-007 2.60214
1.957391e-007 2.63701
1.959391e-007 2.60904
1.961391e-007 2.656
1.963391e-007 2.70503
1.965391e-007 2.66049
1.967391e-007 2.58522
1.969391e-007 2.52238
1.971391e-007 2.49407
1.973391e-007 2.54828
1.975391e-007 2.66256
1.977391e-007 2.7033
1.979391e-007 2.61181
1.981391e-007 2.55829
1.983391e-007 2.63977
1.985391e-007 2.67361
1.987391e-007 2.62113
1.989391e-007 2.65876
1.991391e-007 2.77926
1.993391e-007 2.84901
1.995391e-007 2.77615
1.997391e-007 2.62009
1.999391e-007 2.58418
2.001391e-007 2.71366
2.003391e-007 2.8863
2.005391e-007 2.97399
2.007391e-007 2.89078
2.009391e-007 2.74853
2.011391e-007 2.7216
2.013391e-007 2.76165
2.015391e-007 2.80239
2.017391e-007 2.84486
2.019391e-007 2.8131
2.021391e-007 2.73334
2.023391e-007 2.72954
2.025391e-007 2.78927
2.027391e-007 2.80861
2.029391e-007 2.76062
2.031391e-007 2.68431
2.033391e-007 2.63252
2.035391e-007 2.70641
2.037391e-007 2.9008
2.039391e-007 3.01612
2.041391e-007 2.97607
2.043391e-007 2.92669
2.045391e-007 2.92773
2.047391e-007 2.89044
2.049391e-007 2.78824
2.051391e-007 2.67948
2.053391e-007 2.656
2.055391e-007 2.77167
2.057391e-007 2.89286
2.059391e-007 2.90287
2.061391e-007 2.87663
2.063391e-007 2.85695
2.065391e-007 2.7948
2.067391e-007 2.7033
2.069391e-007 2.63908
2.071391e-007 2.6484
2.073391e-007 2.74819
2.075391e-007 2.85384
2.077391e-007 2.87594
2.079391e-007 2.83727
2.081391e-007 2.81931
2.083391e-007 2.8604
2.085391e-007 2.93463
2.087391e-007 3.032
2.089391e-007 3.0724
2.091391e-007 2.95535
2.093391e-007 2.80516
2.095391e-007 2.79722
2.097391e-007 2.86731
2.099391e-007 2.85695
2.101391e-007 2.762
2.103391e-007 2.70261
2.105391e-007 2.71608
2.107391e-007 2.77236
2.109391e-007 2.88284
2.111391e-007 2.95569
2.113391e-007 2.89872
2.115391e-007 2.84486
2.117391e-007 2.8932
2.119391e-007 2.97123
2.121391e-007 3.03338
2.123391e-007 3.04995
2.125391e-007 3.00265
2.127391e-007 2.97158
2.129391e-007 3.00023
2.131391e-007 3.01991
2.133391e-007 2.98263
2.135391e-007 2.90874
2.137391e-007 2.86489
2.139391e-007 2.8863
2.141391e-007 2.90736
2.143391e-007 2.89458
2.145391e-007 2.87214
2.147391e-007 2.89182
2.149391e-007 3.01508
2.151391e-007 3.19186
2.153391e-007 3.28474
2.155391e-007 3.20187
2.157391e-007 3.04685
2.159391e-007 3.01577
2.161391e-007 3.12419
2.163391e-007 3.25539
2.165391e-007 3.29268
2.167391e-007 3.21775
2.169391e-007 3.11694
2.171391e-007 3.05617
2.173391e-007 3.04788
2.175391e-007 3.09656
2.177391e-007 3.19082
2.179391e-007 3.23813
2.181391e-007 3.18875
2.183391e-007 3.12488
2.185391e-007 3.06756
2.187391e-007 2.99333
2.189391e-007 2.98642
2.191391e-007 3.07481
2.193391e-007 3.14905
2.195391e-007 3.17494
2.197391e-007 3.20325
2.199391e-007 3.24952
2.201391e-007 3.26713
2.203391e-007 3.20256
2.205391e-007 3.08828
2.207391e-007 3.00714
2.209391e-007 3.01888
2.211391e-007 3.10347
2.213391e-007 3.16942
2.215391e-007 3.16182
2.217391e-007 3.12695
2.219391e-007 3.13075
2.221391e-007 3.15526
2.223391e-007 3.18323
2.225391e-007 3.21672
2.227391e-007 3.21879
2.229391e-007 3.17563
2.231391e-007 3.09553
2.233391e-007 3.02889
2.235391e-007 3.01197
2.237391e-007 2.99506
2.239391e-007 3.01508
2.241391e-007 3.15871
2.243391e-007 3.331
2.245391e-007 3.37175
2.247391e-007 3.3058
2.249391e-007 3.26264
2.251391e-007 3.28405
2.253391e-007 3.33791
2.255391e-007 3.38003
2.257391e-007 3.35379
2.259391e-007 3.244
2.261391e-007 3.14041
2.263391e-007 3.12211
2.265391e-007 3.15008
2.267391e-007 3.17391
2.269391e-007 3.21499
2.271391e-007 3.28681
2.273391e-007 3.33031
2.275391e-007 3.2875
2.277391e-007 3.17218
2.279391e-007 3.02924
2.281391e-007 2.93325
2.283391e-007 3.003
2.285391e-007 3.21016
2.287391e-007 3.31892
2.289391e-007 3.27196
2.291391e-007 3.24469
2.293391e-007 3.26678
2.295391e-007 3.25021
2.297391e-007 3.21361
2.299391e-007 3.21879
2.301391e-007 3.244
2.303391e-007 3.27162
2.305391e-007 3.30476
2.307391e-007 3.28508
2.309391e-007 3.22362
2.311391e-007 3.23226
2.313391e-007 3.33342
2.315391e-007 3.43976
2.317391e-007 3.47256
2.319391e-007 3.4484
2.321391e-007 3.43148
2.323391e-007 3.41352
2.325391e-007 3.41283
2.327391e-007 3.45116
2.329391e-007 3.44253
2.331391e-007 3.38176
2.333391e-007 3.35448
2.335391e-007 3.38866
2.337391e-007 3.4301
2.339391e-007 3.39868
2.341391e-007 3.34067
2.343391e-007 3.33377
2.345391e-007 3.34033
2.347391e-007 3.33273
2.349391e-007 3.30545
2.351391e-007 3.26644
2.353391e-007 3.28439
2.355391e-007 3.36933
2.357391e-007 3.47809
2.359391e-007 3.5834
2.361391e-007 3.61551
2.363391e-007 3.56993
2.365391e-007 3.51331
2.367391e-007 3.46773
2.369391e-007 3.42733
2.371391e-007 3.37382
2.373391e-007 3.34689
2.375391e-007 3.39937
2.377391e-007 3.45841
2.379391e-007 3.437
2.381391e-007 3.39868
2.383391e-007 3.41698
2.385391e-007 3.43666
2.387391e-007 3.45737
2.389391e-007 3.51227
2.391391e-007 3.51365
2.393391e-007 3.41836
2.395391e-007 3.31029
2.397391e-007 3.27507
2.399391e-007 3.35379
2.401391e-007 3.5102
2.403391e-007 3.62172
2.405391e-007 3.63829
2.407391e-007 3.59755
2.409391e-007 3.49397
2.411391e-007 3.408
2.413391e-007 3.45841
2.415391e-007 3.54749
2.417391e-007 3.56786
2.419391e-007 3.57684
2.421391e-007 3.57545
2.423391e-007 3.51779
2.425391e-007 3.44425
2.427391e-007 3.40696
2.429391e-007 3.4301
2.431391e-007 3.51469
2.433391e-007 3.61067
2.435391e-007 3.66799
2.437391e-007 3.67765
2.439391e-007 3.6521
2.441391e-007 3.6307
2.443391e-007 3.60031
2.445391e-007 3.54231
2.447391e-007 3.53264
2.449391e-007 3.57131
2.451391e-007 3.58616
2.453391e-007 3.55508
2.455391e-007 3.44218
2.457391e-007 3.3165
2.459391e-007 3.31339
2.461391e-007 3.42008
2.463391e-007 3.56302
2.465391e-007 3.63898
2.467391e-007 3.6162
2.469391e-007 3.59652
2.471391e-007 3.61102
2.473391e-007 3.67731
2.475391e-007 3.79228
2.477391e-007 3.84097
2.479391e-007 3.76363
2.481391e-007 3.62448
2.483391e-007 3.56268
2.485391e-007 3.63311
2.487391e-007 3.70838
2.489391e-007 3.71736
2.491391e-007 3.70631
2.493391e-007 3.66902
2.495391e-007 3.61654
2.497391e-007 3.62276
2.499391e-007 3.65383
2.501391e-007 3.63864
2.503391e-007 3.62241
2.505391e-007 3.63415
2.507391e-007 3.65452
2.509391e-007 3.65694
2.511391e-007 3.62863
2.513391e-007 3.64071
2.515391e-007 3.68767
2.517391e-007 3.66626
2.519391e-007 3.60929
2.521391e-007 3.63139
