-2.480025e-007 9.96572
-2.478025e-007 10.0344
-2.476025e-007 9.92221
-2.474025e-007 9.8428
-2.472025e-007 9.89114
-2.470025e-007 9.97711
-2.468025e-007 10.041
-2.466025e-007 10.0658
-2.464025e-007 10.0213
-2.462025e-007 9.98781
-2.460025e-007 10.0479
-2.458025e-007 10.0797
-2.456025e-007 9.99127
-2.454025e-007 9.91807
-2.452025e-007 9.98091
-2.450025e-007 10.1024
-2.448025e-007 10.1522
-2.446025e-007 10.1052
-2.444025e-007 10.0748
-2.442025e-007 10.1266
-2.440025e-007 10.1539
-2.438025e-007 10.0783
-2.436025e-007 9.95639
-2.434025e-007 9.94293
-2.432025e-007 10.0672
-2.430025e-007 10.1114
-2.428025e-007 9.98264
-2.426025e-007 9.87146
-2.424025e-007 9.92532
-2.422025e-007 10.0565
-2.420025e-007 10.1332
-2.418025e-007 10.1135
-2.416025e-007 10.0393
-2.414025e-007 10.0123
-2.412025e-007 10.0513
-2.410025e-007 10.127
-2.408025e-007 10.2033
-2.406025e-007 10.2254
-2.404025e-007 10.1857
-2.402025e-007 10.079
-2.400025e-007 9.95916
-2.398025e-007 9.93361
-2.396025e-007 10.0085
-2.394025e-007 10.0728
-2.392025e-007 10.0341
-2.390025e-007 9.9778
-2.388025e-007 10.0075
-2.386025e-007 10.0258
-2.384025e-007 9.97608
-2.382025e-007 9.99679
-2.380025e-007 10.0879
-2.378025e-007 10.0997
-2.376025e-007 10.071
-2.374025e-007 10.0924
-2.372025e-007 10.1107
-2.370025e-007 10.0973
-2.368025e-007 10.0648
-2.366025e-007 10.0047
-2.364025e-007 9.97331
-2.362025e-007 10.0165
-2.360025e-007 10.0624
-2.358025e-007 10.0728
-2.356025e-007 10.0717
-2.354025e-007 10.0907
-2.352025e-007 10.1418
-2.350025e-007 10.1304
-2.348025e-007 10.0106
-2.346025e-007 9.89839
-2.344025e-007 9.90322
-2.342025e-007 10.0182
-2.340025e-007 10.1615
-2.338025e-007 10.2129
-2.336025e-007 10.1276
-2.334025e-007 10.0403
-2.332025e-007 10.0431
-2.330025e-007 10.062
-2.328025e-007 10.0648
-2.326025e-007 10.07
-2.324025e-007 10.0493
-2.322025e-007 10.0296
-2.320025e-007 10.0306
-2.318025e-007 9.97193
-2.316025e-007 9.89632
-2.314025e-007 9.90219
-2.312025e-007 9.93015
-2.310025e-007 9.93499
-2.308025e-007 9.9595
-2.306025e-007 9.98885
-2.304025e-007 9.97953
-2.302025e-007 9.96606
-2.300025e-007 9.97711
-2.298025e-007 9.9633
-2.296025e-007 9.91082
-2.294025e-007 9.8977
-2.292025e-007 9.945
-2.290025e-007 9.93154
-2.288025e-007 9.92014
-2.286025e-007 10.0534
-2.284025e-007 10.147
-2.282025e-007 10.0648
-2.280025e-007 9.96296
-2.278025e-007 9.93879
-2.276025e-007 9.95432
-2.274025e-007 9.94327
-2.272025e-007 9.90012
-2.270025e-007 9.90081
-2.268025e-007 9.9709
-2.266025e-007 10.0589
-2.264025e-007 10.0855
-2.262025e-007 10.0431
-2.260025e-007 10.0545
-2.258025e-007 10.1508
-2.256025e-007 10.2005
-2.254025e-007 10.1501
-2.252025e-007 10.0741
-2.250025e-007 10.0462
-2.248025e-007 10.0734
-2.246025e-007 10.0907
-2.244025e-007 10.0313
-2.242025e-007 9.93982
-2.240025e-007 9.95225
-2.238025e-007 10.0317
-2.236025e-007 9.97504
-2.234025e-007 9.81794
-2.232025e-007 9.79792
-2.230025e-007 9.90081
-2.228025e-007 9.92774
-2.226025e-007 9.90978
-2.224025e-007 9.97331
-2.222025e-007 10.1011
-2.220025e-007 10.2084
-2.218025e-007 10.2012
-2.216025e-007 10.1201
-2.214025e-007 10.0762
-2.212025e-007 10.0686
-2.210025e-007 10.0793
-2.208025e-007 10.0955
-2.206025e-007 10.0969
-2.204025e-007 10.07
-2.202025e-007 10.0172
-2.200025e-007 9.98678
-2.198025e-007 10.0165
-2.196025e-007 10.08
-2.194025e-007 10.09
-2.192025e-007 10.0275
-2.190025e-007 9.96088
-2.188025e-007 9.89528
-2.186025e-007 9.85143
-2.184025e-007 9.87974
-2.182025e-007 9.92532
-2.180025e-007 9.95122
-2.178025e-007 10.0099
-2.176025e-007 10.0765
-2.174025e-007 10.09
-2.172025e-007 10.1266
-2.170025e-007 10.224
-2.168025e-007 10.2554
-2.166025e-007 10.1556
-2.164025e-007 9.99299
-2.162025e-007 9.90875
-2.160025e-007 9.96848
-2.158025e-007 10.069
-2.156025e-007 10.1011
-2.154025e-007 10.0558
-2.152025e-007 9.99886
-2.150025e-007 9.98574
-2.148025e-007 10.0006
-2.146025e-007 10.0085
-2.144025e-007 9.99472
-2.142025e-007 9.96572
-2.140025e-007 9.95018
-2.138025e-007 9.94397
-2.136025e-007 9.90288
-2.134025e-007 9.8687
-2.132025e-007 9.95881
-2.130025e-007 10.0883
-2.128025e-007 10.0883
-2.126025e-007 10.033
-2.124025e-007 10.0071
-2.122025e-007 9.96399
-2.120025e-007 9.91289
-2.118025e-007 9.92118
-2.116025e-007 10.0068
-2.114025e-007 10.1187
-2.112025e-007 10.1701
-2.110025e-007 10.0845
-2.108025e-007 9.9198
-2.106025e-007 9.84107
-2.104025e-007 9.88216
-2.102025e-007 9.94155
-2.100025e-007 9.97746
-2.098025e-007 10.002
-2.096025e-007 10.0324
-2.094025e-007 10.0893
-2.092025e-007 10.1532
-2.090025e-007 10.1774
-2.088025e-007 10.1314
-2.086025e-007 10.0652
-2.084025e-007 10.0489
-2.082025e-007 10.0444
-2.080025e-007 9.99196
-2.078025e-007 9.89873
-2.076025e-007 9.80896
-2.074025e-007 9.79964
-2.072025e-007 9.92394
-2.070025e-007 10.0548
-2.068025e-007 10.0109
-2.066025e-007 9.89735
-2.064025e-007 9.92187
-2.062025e-007 10.0579
-2.060025e-007 10.1794
-2.058025e-007 10.2381
-2.056025e-007 10.2185
-2.054025e-007 10.1394
-2.052025e-007 10.0669
-2.050025e-007 10.0044
-2.048025e-007 9.9305
-2.046025e-007 9.90357
-2.044025e-007 9.95191
-2.042025e-007 10.0631
-2.040025e-007 10.1922
-2.038025e-007 10.1653
-2.036025e-007 9.9923
-2.034025e-007 9.93568
-2.032025e-007 9.97815
-2.030025e-007 9.91013
-2.028025e-007 9.79274
-2.026025e-007 9.81104
-2.024025e-007 9.95639
-2.022025e-007 10.0831
-2.020025e-007 10.1183
-2.018025e-007 10.0562
-2.016025e-007 9.94949
-2.014025e-007 9.95812
-2.012025e-007 10.0855
-2.010025e-007 10.1228
-2.008025e-007 10.0458
-2.006025e-007 10.0317
-2.004025e-007 10.0779
-2.002025e-007 10.0527
-2.000025e-007 10.0161
-1.998025e-007 10.0576
-1.996025e-007 10.0955
-1.994025e-007 10.0486
-1.992025e-007 9.94362
-1.990025e-007 9.87111
-1.988025e-007 9.89356
-1.986025e-007 9.94638
-1.984025e-007 9.95398
-1.982025e-007 9.9709
-1.980025e-007 10.0192
-1.978025e-007 10.0082
-1.976025e-007 9.95467
-1.974025e-007 9.9633
-1.972025e-007 10.0075
-1.970025e-007 10.0068
-1.968025e-007 9.94742
-1.966025e-007 9.89563
-1.964025e-007 9.94293
-1.962025e-007 10.0527
-1.960025e-007 10.1045
-1.958025e-007 10.051
-1.956025e-007 9.96261
-1.954025e-007 9.93154
-1.952025e-007 9.96226
-1.950025e-007 10.0141
-1.948025e-007 10.0199
-1.946025e-007 9.94914
-1.944025e-007 9.89183
-1.942025e-007 9.887
-1.940025e-007 9.92567
-1.938025e-007 10.0154
-1.936025e-007 10.0648
-1.934025e-007 10.0614
-1.932025e-007 10.0886
-1.930025e-007 10.0572
-1.928025e-007 9.92739
-1.926025e-007 9.88389
-1.924025e-007 9.95881
-1.922025e-007 10.0292
-1.920025e-007 10.0683
-1.918025e-007 10.0475
-1.916025e-007 9.98505
-1.914025e-007 9.97193
-1.912025e-007 10.0006
-1.910025e-007 10.0241
-1.908025e-007 10.0652
-1.906025e-007 10.1259
-1.904025e-007 10.1439
-1.902025e-007 10.1183
-1.900025e-007 10.1049
-1.898025e-007 10.0993
-1.896025e-007 10.1014
-1.894025e-007 10.1256
-1.892025e-007 10.1546
-1.890025e-007 10.156
-1.888025e-007 10.1031
-1.886025e-007 10.0413
-1.884025e-007 10.0507
-1.882025e-007 10.118
-1.880025e-007 10.1035
-1.878025e-007 9.95398
-1.876025e-007 9.85523
-1.874025e-007 9.92981
-1.872025e-007 10.0631
-1.870025e-007 10.1114
-1.868025e-007 10.071
-1.866025e-007 10.0327
-1.864025e-007 10.0034
-1.862025e-007 9.92946
-1.860025e-007 9.90253
-1.858025e-007 9.99541
-1.856025e-007 10.0897
-1.854025e-007 10.1418
-1.852025e-007 10.1939
-1.850025e-007 10.185
-1.848025e-007 10.0993
-1.846025e-007 10.0417
-1.844025e-007 10.0531
-1.842025e-007 10.0641
-1.840025e-007 10.051
-1.838025e-007 10.032
-1.836025e-007 10.0196
-1.834025e-007 10.0545
-1.832025e-007 10.1252
-1.830025e-007 10.1256
-1.828025e-007 9.99196
-1.826025e-007 9.84971
-1.824025e-007 9.90391
-1.822025e-007 10.1011
-1.820025e-007 10.1995
-1.818025e-007 10.1415
-1.816025e-007 10.0154
-1.814025e-007 9.93084
-1.812025e-007 9.92394
-1.810025e-007 9.8718
-1.808025e-007 9.7993
-1.806025e-007 9.86904
-1.804025e-007 10.0054
-1.802025e-007 10.0572
-1.800025e-007 10.0714
-1.798025e-007 10.0945
-1.796025e-007 10.0772
-1.794025e-007 10.0306
-1.792025e-007 9.98885
-1.790025e-007 9.97987
-1.788025e-007 10.0234
-1.786025e-007 10.051
-1.784025e-007 10.0337
-1.782025e-007 10.0624
-1.780025e-007 10.1232
-1.778025e-007 10.1225
-1.776025e-007 10.1442
-1.774025e-007 10.2088
-1.772025e-007 10.2012
-1.770025e-007 10.1649
-1.768025e-007 10.1463
-1.766025e-007 10.1093
-1.764025e-007 10.0803
-1.762025e-007 10.0942
-1.760025e-007 10.1408
-1.758025e-007 10.1729
-1.756025e-007 10.1239
-1.754025e-007 10.0203
-1.752025e-007 9.99265
-1.750025e-007 10.0517
-1.748025e-007 10.0683
-1.746025e-007 10.0078
-1.744025e-007 9.96088
-1.742025e-007 10.0109
-1.740025e-007 10.109
-1.738025e-007 10.1339
-1.736025e-007 10.0866
-1.734025e-007 10.0424
-1.732025e-007 10.0779
-1.730025e-007 10.2029
-1.728025e-007 10.2754
-1.726025e-007 10.147
-1.724025e-007 9.90564
-1.722025e-007 9.83866
-1.720025e-007 9.96503
-1.718025e-007 10.0469
-1.716025e-007 10.06
-1.714025e-007 10.0493
-1.712025e-007 9.9892
-1.710025e-007 9.95087
-1.708025e-007 9.96986
-1.706025e-007 9.9671
-1.704025e-007 9.93568
-1.702025e-007 9.90495
-1.700025e-007 9.84004
-1.698025e-007 9.82795
-1.696025e-007 9.95536
-1.694025e-007 10.0893
-1.692025e-007 10.1539
-1.690025e-007 10.186
-1.688025e-007 10.1342
-1.686025e-007 10.0303
-1.684025e-007 9.99265
-1.682025e-007 9.99403
-1.680025e-007 9.96123
-1.678025e-007 9.8939
-1.676025e-007 9.82795
-1.674025e-007 9.8176
-1.672025e-007 9.85799
-1.670025e-007 9.88423
-1.668025e-007 9.90012
-1.666025e-007 9.91911
-1.664025e-007 9.88803
-1.662025e-007 9.83831
-1.660025e-007 9.84384
-1.658025e-007 9.90668
-1.656025e-007 9.97918
-1.654025e-007 9.9816
-1.652025e-007 9.93602
-1.650025e-007 9.93292
-1.648025e-007 9.99196
-1.646025e-007 10.0993
-1.644025e-007 10.1912
-1.642025e-007 10.2074
-1.640025e-007 10.1829
-1.638025e-007 10.1497
-1.636025e-007 10.0603
-1.634025e-007 9.91013
-1.632025e-007 9.81311
-1.630025e-007 9.8207
-1.628025e-007 9.8321
-1.626025e-007 9.81932
-1.624025e-007 9.87629
-1.622025e-007 10.021
-1.620025e-007 10.1591
-1.618025e-007 10.1991
-1.616025e-007 10.1349
-1.614025e-007 10.0368
-1.612025e-007 9.99507
-1.610025e-007 10.0362
-1.608025e-007 10.1059
-1.606025e-007 10.1249
-1.604025e-007 10.0634
-1.602025e-007 9.99403
-1.600025e-007 9.97124
-1.598025e-007 9.96503
-1.596025e-007 9.94707
-1.594025e-007 9.90978
-1.592025e-007 9.90322
-1.590025e-007 9.96848
-1.588025e-007 9.9595
-1.586025e-007 9.83417
-1.584025e-007 9.87249
-1.582025e-007 10.1384
-1.580025e-007 10.3431
-1.578025e-007 10.3182
-1.576025e-007 10.1453
-1.574025e-007 10.0465
-1.572025e-007 10.1401
-1.570025e-007 10.2685
-1.568025e-007 10.2426
-1.566025e-007 10.081
-1.564025e-007 9.90771
-1.562025e-007 9.82968
-1.560025e-007 9.88251
-1.558025e-007 9.94569
-1.556025e-007 9.92359
-1.554025e-007 9.90564
-1.552025e-007 9.95329
-1.550025e-007 10.0299
-1.548025e-007 10.1149
-1.546025e-007 10.1287
-1.544025e-007 9.98505
-1.542025e-007 9.84591
-1.540025e-007 9.89425
-1.538025e-007 10.0444
-1.536025e-007 10.1504
-1.534025e-007 10.1667
-1.532025e-007 10.1491
-1.530025e-007 10.1625
-1.528025e-007 10.1632
-1.526025e-007 10.0924
-1.524025e-007 10.0027
-1.522025e-007 9.96503
-1.520025e-007 9.96054
-1.518025e-007 9.95881
-1.516025e-007 9.95881
-1.514025e-007 9.97021
-1.512025e-007 10.0068
-1.510025e-007 10.0589
-1.508025e-007 10.0966
-1.506025e-007 10.081
-1.504025e-007 9.98712
-1.502025e-007 9.88527
-1.500025e-007 9.88354
-1.498025e-007 9.92808
-1.496025e-007 9.89735
-1.494025e-007 9.84833
-1.492025e-007 9.88803
-1.490025e-007 9.95122
-1.488025e-007 9.96779
-1.486025e-007 10.0393
-1.484025e-007 10.1905
-1.482025e-007 10.2064
-1.480025e-007 10.0282
-1.478025e-007 9.92187
-1.476025e-007 9.98367
-1.474025e-007 10.0489
-1.472025e-007 10.0455
-1.470025e-007 10.0006
-1.468025e-007 9.9557
-1.466025e-007 9.94569
-1.464025e-007 9.95709
-1.462025e-007 9.94155
-1.460025e-007 9.90978
-1.458025e-007 9.94845
-1.456025e-007 10.0382
-1.454025e-007 10.098
-1.452025e-007 10.1415
-1.450025e-007 10.1812
-1.448025e-007 10.1919
-1.446025e-007 10.139
-1.444025e-007 9.96537
-1.442025e-007 9.77237
-1.440025e-007 9.78894
-1.438025e-007 9.97953
-1.436025e-007 10.0876
-1.434025e-007 10.0234
-1.432025e-007 9.91324
-1.430025e-007 9.90219
-1.428025e-007 10.002
-1.426025e-007 10.1024
-1.424025e-007 10.1221
-1.422025e-007 10.0955
-1.420025e-007 10.0824
-1.418025e-007 10.0772
-1.416025e-007 10.0686
-1.414025e-007 10.0997
-1.412025e-007 10.168
-1.410025e-007 10.1908
-1.408025e-007 10.0876
-1.406025e-007 9.90391
-1.404025e-007 9.85696
-1.402025e-007 9.99161
-1.400025e-007 10.1259
-1.398025e-007 10.1977
-1.396025e-007 10.1891
-1.394025e-007 10.0769
-1.392025e-007 9.97815
-1.390025e-007 9.93015
-1.388025e-007 9.84798
-1.386025e-007 9.78997
-1.384025e-007 9.84211
-1.382025e-007 9.94397
-1.380025e-007 10.0348
-1.378025e-007 10.1069
-1.376025e-007 10.1677
-1.374025e-007 10.2195
-1.372025e-007 10.2178
-1.370025e-007 10.1021
-1.368025e-007 9.94431
-1.366025e-007 9.93188
-1.364025e-007 10.0362
-1.362025e-007 10.0279
-1.360025e-007 9.87767
-1.358025e-007 9.81035
-1.356025e-007 9.91772
-1.354025e-007 9.97469
-1.352025e-007 9.89839
-1.350025e-007 9.87664
-1.348025e-007 9.95329
-1.346025e-007 10.0289
-1.344025e-007 10.0589
-1.342025e-007 10.0444
-1.340025e-007 10.0199
-1.338025e-007 10.0503
-1.336025e-007 10.0914
-1.334025e-007 10.0172
-1.332025e-007 9.89045
-1.330025e-007 9.87491
-1.328025e-007 9.96779
-1.326025e-007 10.0672
-1.324025e-007 10.0886
-1.322025e-007 10.0085
-1.320025e-007 9.95432
-1.318025e-007 10.0417
-1.316025e-007 10.1328
-1.314025e-007 10.098
-1.312025e-007 10.0337
-1.310025e-007 10.0272
-1.308025e-007 10.0254
-1.306025e-007 9.9595
-1.304025e-007 9.88285
-1.302025e-007 9.91289
-1.300025e-007 10.0472
-1.298025e-007 10.1567
-1.296025e-007 10.1684
-1.294025e-007 10.1477
-1.292025e-007 10.1508
-1.290025e-007 10.127
-1.288025e-007 10.0734
-1.286025e-007 10.0634
-1.284025e-007 10.0679
-1.282025e-007 10.0061
-1.280025e-007 9.91703
-1.278025e-007 9.90909
-1.276025e-007 9.96952
-1.274025e-007 9.97953
-1.272025e-007 9.93913
-1.270025e-007 9.945
-1.268025e-007 10.0058
-1.266025e-007 10.0779
-1.264025e-007 10.1463
-1.262025e-007 10.1891
-1.260025e-007 10.1815
-1.258025e-007 10.1107
-1.256025e-007 10.0251
-1.254025e-007 10.0103
-1.252025e-007 10.0448
-1.250025e-007 10.0596
-1.248025e-007 10.0189
-1.246025e-007 9.94604
-1.244025e-007 9.94707
-1.242025e-007 10.0161
-1.240025e-007 9.99368
-1.238025e-007 9.89528
-1.236025e-007 9.94811
-1.234025e-007 10.1325
-1.232025e-007 10.1957
-1.230025e-007 10.0973
-1.228025e-007 9.96986
-1.226025e-007 9.90909
-1.224025e-007 9.92049
-1.222025e-007 9.93154
-1.220025e-007 9.94017
-1.218025e-007 10.0051
-1.216025e-007 10.1446
-1.214025e-007 10.3113
-1.212025e-007 10.3528
-1.210025e-007 10.2236
-1.208025e-007 10.1038
-1.206025e-007 10.1107
-1.204025e-007 10.1529
-1.202025e-007 10.128
-1.200025e-007 10.0935
-1.198025e-007 10.0703
-1.196025e-007 9.97573
-1.194025e-007 9.86317
-1.192025e-007 9.87974
-1.190025e-007 10.0327
-1.188025e-007 10.1304
-1.186025e-007 10.0652
-1.184025e-007 9.99023
-1.182025e-007 9.99127
-1.180025e-007 9.96226
-1.178025e-007 9.88423
-1.176025e-007 9.87871
-1.174025e-007 9.99161
-1.172025e-007 10.0955
-1.170025e-007 10.0683
-1.168025e-007 9.92636
-1.166025e-007 9.77064
-1.164025e-007 9.74578
-1.162025e-007 9.88769
-1.160025e-007 10.0061
-1.158025e-007 9.99472
-1.156025e-007 9.98471
-1.154025e-007 10.0002
-1.152025e-007 9.96503
-1.150025e-007 9.93602
-1.148025e-007 9.93948
-1.146025e-007 9.93913
-1.144025e-007 9.95881
-1.142025e-007 10.031
-1.140025e-007 10.147
-1.138025e-007 10.205
-1.136025e-007 10.1525
-1.134025e-007 10.1276
-1.132025e-007 10.1839
-1.130025e-007 10.1998
-1.128025e-007 10.1401
-1.126025e-007 10.0614
-1.124025e-007 10.0016
-1.122025e-007 9.99679
-1.120025e-007 10.0254
-1.118025e-007 10.0462
-1.116025e-007 10.0862
-1.114025e-007 10.1263
-1.112025e-007 10.1259
-1.110025e-007 10.1235
-1.108025e-007 10.1349
-1.106025e-007 10.1508
-1.104025e-007 10.1411
-1.102025e-007 10.0669
-1.100025e-007 10.0234
-1.098025e-007 10.0897
-1.096025e-007 10.1587
-1.094025e-007 10.157
-1.092025e-007 10.1225
-1.090025e-007 10.0807
-1.088025e-007 10.0351
-1.086025e-007 10.0116
-1.084025e-007 10.0627
-1.082025e-007 10.1746
-1.080025e-007 10.2264
-1.078025e-007 10.1725
-1.076025e-007 10.1276
-1.074025e-007 10.1225
-1.072025e-007 10.0482
-1.070025e-007 9.95743
-1.068025e-007 9.96399
-1.066025e-007 9.97538
-1.064025e-007 9.97366
-1.062025e-007 10.0676
-1.060025e-007 10.177
-1.058025e-007 10.1591
-1.056025e-007 10.0938
-1.054025e-007 10.1252
-1.052025e-007 10.1701
-1.050025e-007 10.1283
-1.048025e-007 10.0662
-1.046025e-007 10.0393
-1.044025e-007 10.0296
-1.042025e-007 10.023
-1.040025e-007 10.0672
-1.038025e-007 10.128
-1.036025e-007 10.0565
-1.034025e-007 9.90184
-1.032025e-007 9.87664
-1.030025e-007 9.97642
-1.028025e-007 10.0372
-1.026025e-007 10.0099
-1.024025e-007 9.9816
-1.022025e-007 10.0382
-1.020025e-007 10.1
-1.018025e-007 10.0341
-1.016025e-007 9.92532
-1.014025e-007 9.93568
-1.012025e-007 10.042
-1.010025e-007 10.1263
-1.008025e-007 10.1494
-1.006025e-007 10.0976
-1.004025e-007 9.98643
-1.002025e-007 9.96779
-1.000025e-007 10.0658
-9.980246e-008 10.1028
-9.960246e-008 10.0683
-9.940246e-008 10.0134
-9.920246e-008 9.91013
-9.900246e-008 9.86041
-9.880246e-008 9.91186
-9.860246e-008 9.97746
-9.840246e-008 10.0776
-9.820246e-008 10.1991
-9.800246e-008 10.2178
-9.780246e-008 10.1283
-9.760246e-008 10.0182
-9.740246e-008 9.96986
-9.720246e-008 10.0341
-9.700246e-008 10.1138
-9.680246e-008 10.0838
-9.660246e-008 10.0137
-9.640246e-008 10.003
-9.620246e-008 10.0458
-9.600246e-008 10.0948
-9.580246e-008 10.0524
-9.560246e-008 9.97746
-9.540246e-008 10.0341
-9.520246e-008 10.1342
-9.500246e-008 10.1239
-9.480246e-008 10.0527
-9.460246e-008 10.0351
-9.440246e-008 10.0876
-9.420246e-008 10.1425
-9.400246e-008 10.1636
-9.380246e-008 10.196
-9.360246e-008 10.245
-9.340246e-008 10.2181
-9.320246e-008 10.1045
-9.300246e-008 10.0113
-9.280246e-008 9.95432
-9.260246e-008 9.92118
-9.240246e-008 9.97124
-9.220246e-008 10.0424
-9.200246e-008 10.0696
-9.180246e-008 10.0762
-9.160246e-008 10.0275
-9.140246e-008 9.98712
-9.120246e-008 10.0569
-9.100246e-008 10.1266
-9.080246e-008 10.0696
-9.060246e-008 9.96123
-9.040246e-008 9.89217
-9.020246e-008 9.85143
-9.000246e-008 9.88113
-8.980246e-008 9.99092
-8.960246e-008 10.0935
-8.940246e-008 10.1442
-8.920246e-008 10.1497
-8.900246e-008 10.1473
-8.880246e-008 10.1459
-8.860246e-008 10.0921
-8.840246e-008 9.98678
-8.820246e-008 9.90426
-8.800246e-008 9.88009
-8.780246e-008 9.88734
-8.760246e-008 9.96157
-8.740246e-008 10.0928
-8.720246e-008 10.1439
-8.700246e-008 10.1052
-8.680246e-008 10.0555
-8.660246e-008 10.0324
-8.640246e-008 10.0959
-8.620246e-008 10.2008
-8.600246e-008 10.2133
-8.580246e-008 10.1594
-8.560246e-008 10.1397
-8.540246e-008 10.1311
-8.520246e-008 10.079
-8.500246e-008 9.99817
-8.480246e-008 9.97815
-8.460246e-008 10.0645
-8.440246e-008 10.1425
-8.420246e-008 10.1156
-8.400246e-008 10.0479
-8.380246e-008 10.0368
-8.360246e-008 10.0786
-8.340246e-008 10.0731
-8.320246e-008 9.97918
-8.300246e-008 9.91738
-8.280246e-008 9.96296
-8.260246e-008 10.0199
-8.240246e-008 10.0538
-8.220246e-008 10.1114
-8.200246e-008 10.1211
-8.180246e-008 10.0607
-8.160246e-008 10.0493
-8.140246e-008 10.0783
-8.120246e-008 10.069
-8.100246e-008 10.0327
-8.080246e-008 10.0137
-8.060246e-008 10.0203
-8.040246e-008 10.0061
-8.020246e-008 9.97677
-8.000246e-008 9.97193
-7.980246e-008 9.95847
-7.960246e-008 9.93326
-7.940246e-008 9.93982
-7.920246e-008 9.96192
-7.900246e-008 9.95536
-7.880246e-008 9.9343
-7.860246e-008 9.974
-7.840246e-008 10.0821
-7.820246e-008 10.1591
-7.800246e-008 10.1473
-7.780246e-008 10.0969
-7.760246e-008 10.0973
-7.740246e-008 10.1698
-7.720246e-008 10.2261
-7.700246e-008 10.2081
-7.680246e-008 10.1508
-7.660246e-008 10.0741
-7.640246e-008 10.0241
-7.620246e-008 10.0548
-7.600246e-008 10.1138
-7.580246e-008 10.176
-7.560246e-008 10.2316
-7.540246e-008 10.2191
-7.520246e-008 10.1857
-7.500246e-008 10.1694
-7.480246e-008 10.0993
-7.460246e-008 10.0144
-7.440246e-008 10.0103
-7.420246e-008 10.0482
-7.400246e-008 10.0821
-7.380246e-008 10.1018
-7.360246e-008 10.0645
-7.340246e-008 10.0348
-7.320246e-008 10.0931
-7.300246e-008 10.1556
-7.280246e-008 10.166
-7.260246e-008 10.1377
-7.240246e-008 10.0607
-7.220246e-008 9.97953
-7.200246e-008 9.93499
-7.180246e-008 9.90288
-7.160246e-008 9.88389
-7.140246e-008 9.95294
-7.120246e-008 10.07
-7.100246e-008 10.0627
-7.080246e-008 9.99783
-7.060246e-008 10.0254
-7.040246e-008 10.0693
-7.020246e-008 10.0617
-7.000246e-008 9.9892
-6.980246e-008 9.88113
-6.960246e-008 9.89183
-6.940246e-008 9.98712
-6.920246e-008 9.97987
-6.900246e-008 9.93223
-6.880246e-008 9.99748
-6.860246e-008 10.1356
-6.840246e-008 10.1798
-6.820246e-008 10.0814
-6.800246e-008 9.99196
-6.780246e-008 10.0203
-6.760246e-008 10.0921
-6.740246e-008 10.1038
-6.720246e-008 10.0607
-6.700246e-008 10.0113
-6.680246e-008 9.94466
-6.660246e-008 9.88389
-6.640246e-008 9.90737
-6.620246e-008 10.0337
-6.600246e-008 10.1867
-6.580246e-008 10.2271
-6.560246e-008 10.1346
-6.540246e-008 10.0603
-6.520246e-008 10.0258
-6.500246e-008 9.92912
-6.480246e-008 9.84038
-6.460246e-008 9.84384
-6.440246e-008 9.88527
-6.420246e-008 9.96088
-6.400246e-008 10.0265
-6.380246e-008 10.023
-6.360246e-008 10.0113
-6.340246e-008 9.96675
-6.320246e-008 9.85765
-6.300246e-008 9.82485
-6.280246e-008 9.92808
-6.260246e-008 10.0268
-6.240246e-008 10.033
-6.220246e-008 10.0137
-6.200246e-008 10.0403
-6.180246e-008 10.079
-6.160246e-008 10.06
-6.140246e-008 10.0182
-6.120246e-008 10.0448
-6.100246e-008 10.1339
-6.080246e-008 10.1974
-6.060246e-008 10.1767
-6.040246e-008 10.0731
-6.020246e-008 9.94845
-6.000246e-008 9.92083
-5.980246e-008 10.0406
-5.960246e-008 10.1753
-5.940246e-008 10.1667
-5.920246e-008 10.0527
-5.900246e-008 9.96641
-5.880246e-008 9.945
-5.860246e-008 9.95467
-5.840246e-008 9.974
-5.820246e-008 10.0199
-5.800246e-008 10.0838
-5.780246e-008 10.1221
-5.760246e-008 10.1356
-5.740246e-008 10.1501
-5.720246e-008 10.195
-5.700246e-008 10.2167
-5.680246e-008 10.0772
-5.660246e-008 9.85903
-5.640246e-008 9.83521
-5.620246e-008 9.97849
-5.600246e-008 10.0189
-5.580246e-008 9.94707
-5.560246e-008 9.8901
-5.540246e-008 9.85454
-5.520246e-008 9.90426
-5.500246e-008 10.0524
-5.480246e-008 10.1173
-5.460246e-008 10.0106
-5.440246e-008 9.85696
-5.420246e-008 9.82278
-5.400246e-008 9.92912
-5.380246e-008 10.0279
-5.360246e-008 10.033
-5.340246e-008 9.98056
-5.320246e-008 9.9198
-5.300246e-008 9.94017
-5.280246e-008 10.0765
-5.260246e-008 10.158
-5.240246e-008 10.05
-5.220246e-008 9.93257
-5.200246e-008 9.95605
-5.180246e-008 9.99265
-5.160246e-008 9.98194
-5.140246e-008 9.96572
-5.120246e-008 9.96503
-5.100246e-008 10.0251
-5.080246e-008 10.0783
-5.060246e-008 10.0527
-5.040246e-008 10.0158
-5.020246e-008 9.97021
-5.000246e-008 9.91255
-4.980246e-008 9.94086
-4.960246e-008 10.0355
-4.940246e-008 10.1107
-4.920246e-008 10.1684
-4.900246e-008 10.175
-4.880246e-008 10.1259
-4.860246e-008 10.1083
-4.840246e-008 10.1314
-4.820246e-008 10.1332
-4.800246e-008 10.0703
-4.780246e-008 9.98333
-4.760246e-008 9.97608
-4.740246e-008 10.0034
-4.720246e-008 9.97987
-4.700246e-008 9.99437
-4.680246e-008 10.0524
-4.660246e-008 10.0448
-4.640246e-008 10.0213
-4.620246e-008 10.0614
-4.600246e-008 10.0945
-4.580246e-008 10.0797
-4.560246e-008 10.0638
-4.540246e-008 10.0538
-4.520246e-008 10.0883
-4.500246e-008 10.1798
-4.480246e-008 10.166
-4.460246e-008 10.0196
-4.440246e-008 9.95536
-4.420246e-008 9.99679
-4.400246e-008 10.0082
-4.380246e-008 10.0168
-4.360246e-008 10.0496
-4.340246e-008 10.0037
-4.320246e-008 9.91082
-4.300246e-008 9.89632
-4.280246e-008 9.91289
-4.260246e-008 9.92083
-4.240246e-008 9.97159
-4.220246e-008 10.0196
-4.200246e-008 10.0289
-4.180246e-008 10.0489
-4.160246e-008 10.1194
-4.140246e-008 10.224
-4.120246e-008 10.2568
-4.100246e-008 10.167
-4.080246e-008 10.0617
-4.060246e-008 10.0375
-4.040246e-008 10.0755
-4.020246e-008 10.0831
-4.000246e-008 10.0386
-3.980246e-008 10.0106
-3.960246e-008 9.97366
-3.940246e-008 9.90426
-3.920246e-008 9.89287
-3.900246e-008 9.94569
-3.880246e-008 9.99886
-3.860246e-008 10.041
-3.840246e-008 10.0379
-3.820246e-008 9.94707
-3.800246e-008 9.84142
-3.780246e-008 9.84902
-3.760246e-008 9.92014
-3.740246e-008 9.91669
-3.720246e-008 9.88976
-3.700246e-008 9.93844
-3.680246e-008 10.0085
-3.660246e-008 10.0469
-3.640246e-008 10.0907
-3.620246e-008 10.127
-3.600246e-008 10.0917
-3.580246e-008 9.98091
-3.560246e-008 9.89079
-3.540246e-008 9.92118
-3.520246e-008 9.99334
-3.500246e-008 10.0372
-3.480246e-008 10.0924
-3.460246e-008 10.0541
-3.440246e-008 9.90219
-3.420246e-008 9.87629
-3.400246e-008 10.0199
-3.380246e-008 10.1394
-3.360246e-008 10.1494
-3.340246e-008 10.0921
-3.320246e-008 10.0396
-3.300246e-008 10.0099
-3.280246e-008 9.97366
-3.260246e-008 9.99161
-3.240246e-008 10.0869
-3.220246e-008 10.1228
-3.200246e-008 10.0793
-3.180246e-008 10.0541
-3.160246e-008 10.0078
-3.140246e-008 9.9015
-3.120246e-008 9.87008
-3.100246e-008 9.97262
-3.080246e-008 10.0817
-3.060246e-008 10.1356
-3.040246e-008 10.1939
-3.020246e-008 10.2633
-3.000246e-008 10.2461
-2.980246e-008 10.0966
-2.960246e-008 9.98816
-2.940246e-008 10.07
-2.920246e-008 10.166
-2.900246e-008 10.1221
-2.880246e-008 10.0745
-2.860246e-008 10.0879
-2.840246e-008 10.0541
-2.820246e-008 9.9488
-2.800246e-008 9.90322
-2.780246e-008 10.023
-2.760246e-008 10.1321
-2.740246e-008 10.0375
-2.720246e-008 9.91427
-2.700246e-008 9.93154
-2.680246e-008 9.97953
-2.660246e-008 9.97469
-2.640246e-008 9.95639
-2.620246e-008 9.95294
-2.600246e-008 9.99127
-2.580246e-008 10.1031
-2.560246e-008 10.2043
-2.540246e-008 10.1995
-2.520246e-008 10.1539
-2.500246e-008 10.0883
-2.480246e-008 9.97331
-2.460246e-008 9.9122
-2.440246e-008 9.96365
-2.420246e-008 10.022
-2.400246e-008 10.0431
-2.380246e-008 10.0634
-2.360246e-008 10.032
-2.340246e-008 9.91634
-2.320246e-008 9.81207
-2.300246e-008 9.8283
-2.280246e-008 9.94431
-2.260246e-008 10.0082
-2.240246e-008 9.97711
-2.220246e-008 9.95812
-2.200246e-008 9.94293
-2.180246e-008 9.88907
-2.160246e-008 9.83175
-2.140246e-008 9.82036
-2.120246e-008 9.90081
-2.100246e-008 10.0075
-2.080246e-008 10.069
-2.060246e-008 10.1304
-2.040246e-008 10.1542
-2.020246e-008 10.0658
-2.000246e-008 9.98471
-1.980246e-008 10.0334
-1.960246e-008 10.0879
-1.940246e-008 10.0427
-1.920246e-008 9.97608
-1.900246e-008 9.93879
-1.880246e-008 9.916
-1.860246e-008 9.9412
-1.840246e-008 10.0444
-1.820246e-008 10.1463
-1.800246e-008 10.1777
-1.780246e-008 10.1763
-1.760246e-008 10.157
-1.740246e-008 10.0752
-1.720246e-008 9.98885
-1.700246e-008 10.0317
-1.680246e-008 10.1408
-1.660246e-008 10.1273
-1.640246e-008 10.0189
-1.620246e-008 9.98954
-1.600246e-008 10.0624
-1.580246e-008 10.0948
-1.560246e-008 10.0348
-1.540246e-008 9.99368
-1.520246e-008 10.0351
-1.500246e-008 10.0952
-1.480246e-008 10.0997
-1.460246e-008 10.0696
-1.440246e-008 10.0703
-1.420246e-008 10.1145
-1.400246e-008 10.1722
-1.380246e-008 10.176
-1.360246e-008 10.1359
-1.340246e-008 10.1553
-1.320246e-008 10.1984
-1.300246e-008 10.1615
-1.280246e-008 10.09
-1.260246e-008 10.0365
-1.240246e-008 9.98816
-1.220246e-008 9.9999
-1.200246e-008 10.0741
-1.180246e-008 10.1487
-1.160246e-008 10.2457
-1.140246e-008 10.32
-1.120246e-008 10.2364
-1.100246e-008 10.0741
-1.080246e-008 10.0403
-1.060246e-008 10.0959
-1.040246e-008 10.0786
-1.020246e-008 10.0185
-1.000246e-008 10.0386
-9.802461e-009 10.0997
-9.602461e-009 10.0679
-9.402461e-009 10.0027
-9.202461e-009 10.0479
-9.002461e-009 10.1083
-8.802461e-009 10.0779
-8.602461e-009 10.0793
-8.402461e-009 10.1477
-8.202461e-009 10.1587
-8.002461e-009 10.1049
-7.802461e-009 10.0845
-7.602461e-009 10.0976
-7.402461e-009 10.0748
-7.202461e-009 10.04
-7.002461e-009 10.0475
-6.802461e-009 10.0838
-6.602461e-009 10.0707
-6.402461e-009 9.96606
-6.202461e-009 9.88113
-6.002461e-009 9.95501
-5.802461e-009 10.1173
-5.602461e-009 10.1763
-5.402461e-009 10.1073
-5.202461e-009 9.99058
-5.002461e-009 9.85765
-4.802461e-009 9.78652
-4.602461e-009 9.88285
-4.402461e-009 10.069
-4.202461e-009 10.1066
-4.002461e-009 9.98954
-3.802461e-009 9.96296
-3.602461e-009 10.0085
-3.402461e-009 9.95398
-3.202461e-009 9.91772
-3.002461e-009 9.99196
-2.802461e-009 10.051
-2.602461e-009 10.0431
-2.402461e-009 10.0213
-2.202461e-009 10.0075
-2.002461e-009 9.95605
-1.802461e-009 9.77893
-1.602461e-009 9.29969
-1.402461e-009 8.4448
-1.202461e-009 7.36963
-1.002461e-009 6.1384
-8.024609e-010 4.84536
-6.024609e-010 3.78814
-4.024609e-010 3.03683
-2.024609e-010 2.43434
-2.460853e-012 1.98618
1.975391e-010 1.75415
3.975391e-010 1.64367
5.975391e-010 1.52317
7.975391e-010 1.36158
9.975391e-010 1.24799
1.197539e-009 1.24212
1.397539e-009 1.287
1.597539e-009 1.33396
1.797539e-009 1.34432
1.997539e-009 1.31048
2.197539e-009 1.26387
2.397539e-009 1.22762
2.597539e-009 1.27457
2.797539e-009 1.37885
2.997539e-009 1.37505
3.197539e-009 1.30427
3.397539e-009 1.30634
3.597539e-009 1.33292
3.797539e-009 1.36089
3.997539e-009 1.42615
4.197539e-009 1.46136
4.397539e-009 1.40681
4.597539e-009 1.36642
4.797539e-009 1.40612
4.997539e-009 1.422
5.197539e-009 1.41165
5.397539e-009 1.43616
5.597539e-009 1.41648
5.797539e-009 1.3457
5.997539e-009 1.34017
6.197539e-009 1.37436
6.397539e-009 1.364
6.597539e-009 1.34777
6.797539e-009 1.39093
6.997539e-009 1.4548
7.197539e-009 1.43892
7.397539e-009 1.31324
7.597539e-009 1.16858
7.797539e-009 1.14233
7.997539e-009 1.22555
8.197539e-009 1.30289
8.397539e-009 1.3312
8.597539e-009 1.26076
8.797539e-009 1.0978
8.997539e-009 1.01355
9.197539e-009 1.07432
9.397539e-009 1.16443
9.597539e-009 1.2252
9.797539e-009 1.23694
9.997539e-009 1.2
1.019754e-008 1.15235
1.039754e-008 1.08398
1.059754e-008 1.04428
1.079754e-008 1.10815
1.099754e-008 1.21898
1.119754e-008 1.28735
1.139754e-008 1.32705
1.159754e-008 1.34121
1.179754e-008 1.26836
1.199754e-008 1.1848
1.219754e-008 1.21553
1.239754e-008 1.29805
1.259754e-008 1.33431
1.279754e-008 1.32878
1.299754e-008 1.25075
1.319754e-008 1.07432
1.339754e-008 0.932756
1.359754e-008 0.956234
1.379754e-008 1.11955
1.399754e-008 1.28286
1.419754e-008 1.3022
1.439754e-008 1.2328
1.459754e-008 1.18515
1.479754e-008 1.16202
1.499754e-008 1.17997
1.519754e-008 1.18239
1.539754e-008 1.14303
1.559754e-008 1.19447
1.579754e-008 1.31428
1.599754e-008 1.31359
1.619754e-008 1.16236
1.639754e-008 1.00492
1.659754e-008 0.973152
1.679754e-008 1.04739
1.699754e-008 1.10125
1.719754e-008 1.13543
1.739754e-008 1.21726
1.759754e-008 1.25662
1.779754e-008 1.16512
1.799754e-008 1.02356
1.819754e-008 1.00941
1.839754e-008 1.18411
1.859754e-008 1.33223
1.879754e-008 1.27561
1.899754e-008 1.19689
1.919754e-008 1.22762
1.939754e-008 1.16719
1.959754e-008 0.990761
1.979754e-008 0.931029
1.999754e-008 1.00526
2.019754e-008 1.08019
2.039754e-008 1.14199
2.059754e-008 1.20414
2.079754e-008 1.23797
2.099754e-008 1.22934
2.119754e-008 1.17203
2.139754e-008 1.12404
2.159754e-008 1.11713
2.179754e-008 1.0757
2.199754e-008 1.04083
2.219754e-008 1.1306
2.239754e-008 1.22762
2.259754e-008 1.17272
2.279754e-008 1.07777
2.299754e-008 1.07881
2.319754e-008 1.1123
2.339754e-008 1.09849
2.359754e-008 1.07052
2.379754e-008 1.11092
2.399754e-008 1.22175
2.419754e-008 1.24453
2.439754e-008 1.11506
2.459754e-008 0.967283
2.479754e-008 0.898919
2.499754e-008 0.957615
2.519754e-008 1.07432
2.539754e-008 1.06948
2.559754e-008 0.983165
2.579754e-008 0.980748
2.599754e-008 1.01148
2.619754e-008 0.97626
2.639754e-008 0.942078
2.659754e-008 0.954853
2.679754e-008 0.981784
2.699754e-008 1.05049
2.719754e-008 1.1413
2.739754e-008 1.1703
2.759754e-008 1.19309
2.779754e-008 1.24764
2.799754e-008 1.23763
2.819754e-008 1.18204
2.839754e-008 1.15753
2.859754e-008 1.11437
2.879754e-008 1.03012
2.899754e-008 0.983511
2.919754e-008 1.00733
2.939754e-008 1.01907
2.959754e-008 0.958651
2.979754e-008 0.923088
2.999754e-008 1.02045
3.019754e-008 1.1306
3.039754e-008 1.08847
3.059754e-008 1.01493
3.079754e-008 1.07397
3.099754e-008 1.15269
3.119754e-008 1.10125
3.139754e-008 0.991452
3.159754e-008 0.952781
3.179754e-008 0.98869
3.199754e-008 1.01182
3.219754e-008 0.95071
3.239754e-008 0.889942
3.259754e-008 0.95727
3.279754e-008 1.07708
3.299754e-008 1.14648
3.319754e-008 1.19447
3.339754e-008 1.20034
3.359754e-008 1.16547
3.379754e-008 1.17445
3.399754e-008 1.19067
3.419754e-008 1.13716
3.439754e-008 1.08053
3.459754e-008 1.08088
3.479754e-008 1.08882
3.499754e-008 1.1009
3.519754e-008 1.13439
3.539754e-008 1.14233
3.559754e-008 1.11092
3.579754e-008 1.04393
3.599754e-008 0.977986
3.619754e-008 1.01148
3.639754e-008 1.11022
3.659754e-008 1.16271
3.679754e-008 1.15684
3.699754e-008 1.09538
3.719754e-008 0.990416
3.739754e-008 0.922052
3.759754e-008 0.923779
3.779754e-008 0.967628
3.799754e-008 1.01286
3.819754e-008 1.05602
3.839754e-008 1.17583
3.859754e-008 1.30116
3.879754e-008 1.26939
3.899754e-008 1.17306
3.919754e-008 1.17721
3.939754e-008 1.23452
3.959754e-008 1.23867
3.979754e-008 1.16512
3.999754e-008 1.04152
4.019754e-008 0.993178
4.039754e-008 1.05187
4.059754e-008 1.07501
4.079754e-008 1.06016
4.099754e-008 1.09193
4.119754e-008 1.10919
4.139754e-008 1.05947
4.159754e-008 1.00423
4.179754e-008 0.992833
4.199754e-008 1.01838
4.219754e-008 1.02978
4.239754e-008 1.02391
4.259754e-008 1.06223
4.279754e-008 1.12162
4.299754e-008 1.11713
4.319754e-008 1.04048
4.339754e-008 0.995595
4.359754e-008 1.07363
4.379754e-008 1.21242
4.399754e-008 1.26318
4.419754e-008 1.18895
4.439754e-008 1.09469
4.459754e-008 1.02563
4.479754e-008 0.95727
4.499754e-008 0.94484
4.519754e-008 1.01804
4.539754e-008 1.11092
4.559754e-008 1.1596
4.579754e-008 1.13405
4.599754e-008 1.09952
4.619754e-008 1.10919
4.639754e-008 1.09193
4.659754e-008 1.05912
4.679754e-008 1.10919
4.699754e-008 1.1924
4.719754e-008 1.20172
4.739754e-008 1.17617
4.759754e-008 1.16685
4.779754e-008 1.14026
4.799754e-008 1.123
4.819754e-008 1.1482
4.839754e-008 1.15131
4.859754e-008 1.08813
4.879754e-008 1.03323
4.899754e-008 1.02667
4.919754e-008 0.998702
4.939754e-008 0.956925
4.959754e-008 0.985237
4.979754e-008 1.08571
4.999754e-008 1.19585
5.019754e-008 1.27457
5.039754e-008 1.26491
5.059754e-008 1.1489
5.079754e-008 1.10436
5.099754e-008 1.22865
5.119754e-008 1.32809
5.139754e-008 1.29391
5.159754e-008 1.22796
5.179754e-008 1.19896
5.199754e-008 1.17928
5.219754e-008 1.1482
5.239754e-008 1.14372
5.259754e-008 1.13094
5.279754e-008 1.06189
5.299754e-008 1.0315
5.319754e-008 1.07846
5.339754e-008 1.08191
5.359754e-008 1.02115
5.379754e-008 1.02218
5.399754e-008 1.09952
5.419754e-008 1.13474
5.439754e-008 1.11886
5.459754e-008 1.13543
5.479754e-008 1.1482
5.499754e-008 1.09158
5.519754e-008 1.0132
5.539754e-008 0.996631
5.559754e-008 1.0719
5.579754e-008 1.15615
5.599754e-008 1.15718
5.619754e-008 1.11851
5.639754e-008 1.09641
5.659754e-008 1.08122
5.679754e-008 1.10436
5.699754e-008 1.17203
5.719754e-008 1.16443
5.739754e-008 1.08329
5.759754e-008 1.07121
5.779754e-008 1.10712
5.799754e-008 1.12162
5.819754e-008 1.14579
5.839754e-008 1.13888
5.859754e-008 1.06292
5.879754e-008 1.02909
5.899754e-008 1.07742
5.919754e-008 1.10436
5.939754e-008 1.10539
5.959754e-008 1.1413
5.979754e-008 1.14337
5.999754e-008 1.05464
6.019754e-008 0.991797
6.039754e-008 1.03496
6.059754e-008 1.09193
6.079754e-008 1.08295
6.099754e-008 1.04946
6.119754e-008 1.0757
6.139754e-008 1.12956
6.159754e-008 1.1047
6.179754e-008 1.05567
6.199754e-008 1.10366
6.219754e-008 1.21415
6.239754e-008 1.2656
6.259754e-008 1.22313
6.279754e-008 1.14924
6.299754e-008 1.08675
6.319754e-008 1.05774
6.339754e-008 1.1009
6.359754e-008 1.13543
6.379754e-008 1.08675
6.399754e-008 1.08088
6.419754e-008 1.152
6.439754e-008 1.12265
6.459754e-008 0.999048
6.479754e-008 1.00216
6.499754e-008 1.13439
6.519754e-008 1.20794
6.539754e-008 1.18515
6.559754e-008 1.17652
6.579754e-008 1.24971
6.599754e-008 1.33189
6.619754e-008 1.30081
6.639754e-008 1.16409
6.659754e-008 1.08744
6.679754e-008 1.16409
6.699754e-008 1.258
6.719754e-008 1.23797
6.739754e-008 1.13405
6.759754e-008 1.0536
6.779754e-008 1.09607
6.799754e-008 1.18031
6.819754e-008 1.18031
6.839754e-008 1.15097
6.859754e-008 1.13267
6.879754e-008 1.10436
6.899754e-008 1.10021
6.919754e-008 1.11955
6.939754e-008 1.14855
6.959754e-008 1.19516
6.979754e-008 1.21208
6.999754e-008 1.19102
7.019754e-008 1.18998
7.039754e-008 1.19792
7.059754e-008 1.21104
7.079754e-008 1.30012
7.099754e-008 1.40267
7.119754e-008 1.36227
7.139754e-008 1.23763
7.159754e-008 1.19067
7.179754e-008 1.17514
7.199754e-008 1.11713
7.219754e-008 1.07984
7.239754e-008 1.06534
7.259754e-008 1.06154
7.279754e-008 1.07501
7.299754e-008 1.05878
7.319754e-008 1.05912
7.339754e-008 1.11989
7.359754e-008 1.15131
7.379754e-008 1.11817
7.399754e-008 1.0536
7.419754e-008 1.00077
7.439754e-008 1.00492
7.459754e-008 1.05636
7.479754e-008 1.13647
7.499754e-008 1.17824
7.519754e-008 1.13232
7.539754e-008 1.13647
7.559754e-008 1.23245
7.579754e-008 1.21898
7.599754e-008 1.09227
7.619754e-008 1.05636
7.639754e-008 1.10056
7.659754e-008 1.12507
7.679754e-008 1.13785
7.699754e-008 1.12404
7.719754e-008 1.09331
7.739754e-008 1.09918
7.759754e-008 1.10125
7.779754e-008 1.06603
7.799754e-008 1.07501
7.819754e-008 1.14579
7.839754e-008 1.16547
7.859754e-008 1.09262
7.879754e-008 1.07294
7.899754e-008 1.21381
7.919754e-008 1.33258
7.939754e-008 1.27803
7.959754e-008 1.18757
7.979754e-008 1.14717
7.999754e-008 1.07742
8.019754e-008 0.999738
8.039754e-008 1.01873
8.059754e-008 1.10608
8.079754e-008 1.14855
8.099754e-008 1.15373
8.119754e-008 1.17548
8.139754e-008 1.18273
8.159754e-008 1.21001
8.179754e-008 1.31566
8.199754e-008 1.37505
8.219754e-008 1.29253
8.239754e-008 1.19136
8.259754e-008 1.1665
8.279754e-008 1.1703
8.299754e-008 1.1993
8.319754e-008 1.28355
8.339754e-008 1.32395
8.359754e-008 1.24281
8.379754e-008 1.18066
8.399754e-008 1.23383
8.419754e-008 1.2504
8.439754e-008 1.15856
8.459754e-008 1.12231
8.479754e-008 1.19827
8.499754e-008 1.22416
8.519754e-008 1.18204
8.539754e-008 1.18273
8.559754e-008 1.14441
8.579754e-008 1.0315
8.599754e-008 1.0063
8.619754e-008 1.10297
8.639754e-008 1.19654
8.659754e-008 1.20379
8.679754e-008 1.14233
8.699754e-008 1.13267
8.719754e-008 1.20621
8.739754e-008 1.21173
8.759754e-008 1.10988
8.779754e-008 1.0643
8.799754e-008 1.18377
8.819754e-008 1.36952
8.839754e-008 1.38851
8.859754e-008 1.21139
8.879754e-008 1.08364
8.899754e-008 1.11575
8.919754e-008 1.18964
8.939754e-008 1.1993
8.959754e-008 1.12196
8.979754e-008 1.05084
8.999754e-008 1.06534
9.019754e-008 1.07225
9.039754e-008 1.02322
9.059754e-008 1.02598
9.079754e-008 1.12162
9.099754e-008 1.21726
9.119754e-008 1.21588
9.139754e-008 1.17237
9.159754e-008 1.21553
9.179754e-008 1.25731
9.199754e-008 1.17824
9.219754e-008 1.12611
9.239754e-008 1.17099
9.259754e-008 1.14855
9.279754e-008 1.07881
9.299754e-008 1.0864
9.319754e-008 1.10263
9.339754e-008 1.11437
9.359754e-008 1.1779
9.379754e-008 1.229
9.399754e-008 1.26732
9.419754e-008 1.31877
9.439754e-008 1.26939
9.459754e-008 1.16961
9.479754e-008 1.17652
9.499754e-008 1.21381
9.519754e-008 1.18826
9.539754e-008 1.16581
9.559754e-008 1.17962
9.579754e-008 1.18066
9.599754e-008 1.17548
9.619754e-008 1.17375
9.639754e-008 1.14233
9.659754e-008 1.12093
9.679754e-008 1.13612
9.699754e-008 1.14786
9.719754e-008 1.17859
9.739754e-008 1.2397
9.759754e-008 1.28286
9.779754e-008 1.28735
9.799754e-008 1.24246
9.819754e-008 1.19413
9.839754e-008 1.22658
9.859754e-008 1.28666
9.879754e-008 1.29391
9.899754e-008 1.25386
9.919754e-008 1.16305
9.939754e-008 1.09193
9.959754e-008 1.12093
9.979754e-008 1.17583
9.999754e-008 1.18204
1.001975e-007 1.15407
1.003975e-007 1.11126
1.005975e-007 1.08502
1.007975e-007 1.10159
1.009975e-007 1.1047
1.011975e-007 1.05498
1.013975e-007 1.01562
1.015975e-007 1.00906
1.017975e-007 1.03081
1.019975e-007 1.1154
1.021975e-007 1.20207
1.023975e-007 1.23452
1.025975e-007 1.28251
1.027975e-007 1.33361
1.029975e-007 1.3457
1.031975e-007 1.34363
1.033975e-007 1.30737
1.035975e-007 1.25248
1.037975e-007 1.2031
1.039975e-007 1.13923
1.041975e-007 1.1337
1.043975e-007 1.21864
1.045975e-007 1.24799
1.047975e-007 1.18342
1.049975e-007 1.16409
1.051975e-007 1.17099
1.053975e-007 1.14579
1.055975e-007 1.17721
1.057975e-007 1.23038
1.059975e-007 1.20379
1.061975e-007 1.15442
1.063975e-007 1.13785
1.065975e-007 1.13854
1.067975e-007 1.17583
1.069975e-007 1.22071
1.071975e-007 1.16788
1.073975e-007 1.06914
1.075975e-007 1.09918
1.077975e-007 1.23141
1.079975e-007 1.27354
1.081975e-007 1.17583
1.083975e-007 1.07604
1.085975e-007 1.07881
1.087975e-007 1.12369
1.089975e-007 1.13508
1.091975e-007 1.11195
1.093975e-007 1.0902
1.095975e-007 1.13508
1.097975e-007 1.24523
1.099975e-007 1.28769
1.101975e-007 1.20932
1.103975e-007 1.14855
1.105975e-007 1.17928
1.107975e-007 1.24212
1.109975e-007 1.28355
1.111975e-007 1.24315
1.113975e-007 1.17237
1.115975e-007 1.21864
1.117975e-007 1.32464
1.119975e-007 1.35295
1.121975e-007 1.31462
1.123975e-007 1.229
1.125975e-007 1.11609
1.127975e-007 1.06361
1.129975e-007 1.09469
1.131975e-007 1.12093
1.133975e-007 1.11713
1.135975e-007 1.13992
1.137975e-007 1.18273
1.139975e-007 1.2435
1.141975e-007 1.30427
1.143975e-007 1.28251
1.145975e-007 1.22209
1.147975e-007 1.22209
1.149975e-007 1.2542
1.151975e-007 1.26352
1.153975e-007 1.24419
1.155975e-007 1.22416
1.157975e-007 1.23556
1.159975e-007 1.24626
1.161975e-007 1.22313
1.163975e-007 1.20069
1.165975e-007 1.22347
1.167975e-007 1.28251
1.169975e-007 1.30496
1.171975e-007 1.25904
1.173975e-007 1.20414
1.175975e-007 1.18101
1.177975e-007 1.16961
1.179975e-007 1.17237
1.181975e-007 1.18757
1.183975e-007 1.16961
1.185975e-007 1.15822
1.187975e-007 1.23728
1.189975e-007 1.31221
1.191975e-007 1.28666
1.193975e-007 1.24246
1.195975e-007 1.18411
1.197975e-007 1.11402
1.199975e-007 1.09883
1.201975e-007 1.08433
1.203975e-007 1.0391
1.205975e-007 1.01735
1.207975e-007 1.02598
1.209975e-007 1.02425
1.211975e-007 0.987309
1.213975e-007 0.93172
1.215975e-007 0.92585
1.217975e-007 0.997667
1.219975e-007 1.02287
1.221975e-007 0.972462
1.223975e-007 1.0025
1.225975e-007 1.0978
1.227975e-007 1.10712
1.229975e-007 1.03288
1.231975e-007 0.99594
1.233975e-007 1.04324
1.235975e-007 1.10332
1.237975e-007 1.13854
1.239975e-007 1.16305
1.241975e-007 1.16063
1.243975e-007 1.10815
1.245975e-007 1.05912
1.247975e-007 1.08295
1.249975e-007 1.10746
1.251975e-007 1.05118
1.253975e-007 0.990761
1.255975e-007 1.02391
1.257975e-007 1.14303
1.259975e-007 1.26801
1.261975e-007 1.31255
1.263975e-007 1.26456
1.265975e-007 1.19171
1.267975e-007 1.16409
1.269975e-007 1.20103
1.271975e-007 1.26525
1.273975e-007 1.27319
1.275975e-007 1.15546
1.277975e-007 0.994214
1.279975e-007 0.948638
1.281975e-007 1.03185
1.283975e-007 1.1482
1.285975e-007 1.22209
1.287975e-007 1.21864
1.289975e-007 1.19447
1.291975e-007 1.21139
1.293975e-007 1.20414
1.295975e-007 1.18377
1.297975e-007 1.25627
1.299975e-007 1.33223
1.301975e-007 1.28769
1.303975e-007 1.1924
1.305975e-007 1.16719
1.307975e-007 1.24626
1.309975e-007 1.33431
1.311975e-007 1.34604
1.313975e-007 1.3533
1.315975e-007 1.37608
1.317975e-007 1.3274
1.319975e-007 1.26939
1.321975e-007 1.28977
1.323975e-007 1.31635
1.325975e-007 1.3053
1.327975e-007 1.27078
1.329975e-007 1.25282
1.331975e-007 1.31324
1.333975e-007 1.35053
1.335975e-007 1.26456
1.337975e-007 1.21208
1.339975e-007 1.30323
1.341975e-007 1.40543
1.343975e-007 1.43858
1.345975e-007 1.47034
1.347975e-007 1.53767
1.349975e-007 1.59429
1.351975e-007 1.54665
1.353975e-007 1.40267
1.355975e-007 1.30668
1.357975e-007 1.29149
1.359975e-007 1.27319
1.361975e-007 1.25835
1.363975e-007 1.25938
1.365975e-007 1.26456
1.367975e-007 1.33085
1.369975e-007 1.40647
1.371975e-007 1.37608
1.373975e-007 1.30737
1.375975e-007 1.32982
1.377975e-007 1.42718
1.379975e-007 1.49382
1.381975e-007 1.48208
1.383975e-007 1.44617
1.385975e-007 1.43996
1.387975e-007 1.43961
1.389975e-007 1.46275
1.391975e-007 1.5356
1.393975e-007 1.59637
1.395975e-007 1.60223
1.397975e-007 1.55183
1.399975e-007 1.50142
1.401975e-007 1.52455
1.403975e-007 1.53836
1.405975e-007 1.44583
1.407975e-007 1.35502
1.409975e-007 1.39058
1.411975e-007 1.4548
1.413975e-007 1.41752
1.415975e-007 1.3495
1.417975e-007 1.36365
1.419975e-007 1.47932
1.421975e-007 1.64263
1.423975e-007 1.67923
1.425975e-007 1.55977
1.427975e-007 1.5211
1.429975e-007 1.60707
1.431975e-007 1.65817
1.433975e-007 1.66473
1.435975e-007 1.66231
1.437975e-007 1.62778
1.439975e-007 1.57358
1.441975e-007 1.49071
1.443975e-007 1.39369
1.445975e-007 1.35571
1.447975e-007 1.42995
1.449975e-007 1.6081
1.451975e-007 1.7179
1.453975e-007 1.63849
1.455975e-007 1.56598
1.457975e-007 1.60603
1.459975e-007 1.58946
1.461975e-007 1.54492
1.463975e-007 1.63504
1.465975e-007 1.7362
1.467975e-007 1.70443
1.469975e-007 1.6592
1.471975e-007 1.70202
1.473975e-007 1.7324
1.475975e-007 1.68199
1.477975e-007 1.61156
1.479975e-007 1.58463
1.481975e-007 1.63227
1.483975e-007 1.67785
1.485975e-007 1.67543
1.487975e-007 1.70305
1.489975e-007 1.72584
1.491975e-007 1.67992
1.493975e-007 1.61328
1.495975e-007 1.57461
1.497975e-007 1.60638
1.499975e-007 1.67267
1.501975e-007 1.69373
1.503975e-007 1.72135
1.505975e-007 1.79075
1.507975e-007 1.79455
1.509975e-007 1.71686
1.511975e-007 1.66922
1.513975e-007 1.68096
1.515975e-007 1.711
1.517975e-007 1.74828
1.519975e-007 1.78316
1.521975e-007 1.79351
1.523975e-007 1.75277
1.525975e-007 1.6706
1.527975e-007 1.64677
1.529975e-007 1.71065
1.531975e-007 1.76071
1.533975e-007 1.73206
1.535975e-007 1.66231
1.537975e-007 1.63952
1.539975e-007 1.67785
1.541975e-007 1.70823
1.543975e-007 1.69304
1.545975e-007 1.6668
1.547975e-007 1.69718
1.549975e-007 1.76037
1.551975e-007 1.79213
1.553975e-007 1.82459
1.555975e-007 1.85877
1.557975e-007 1.8491
1.559975e-007 1.80146
1.561975e-007 1.77867
1.563975e-007 1.87534
1.565975e-007 2.0024
1.567975e-007 1.95614
1.569975e-007 1.79869
1.571975e-007 1.7324
1.573975e-007 1.7438
1.575975e-007 1.74483
1.577975e-007 1.79351
1.579975e-007 1.91954
1.581975e-007 2.04315
1.583975e-007 2.07456
1.585975e-007 1.96788
1.587975e-007 1.83633
1.589975e-007 1.81976
1.591975e-007 1.84772
1.593975e-007 1.84841
1.595975e-007 1.89226
1.597975e-007 1.9299
1.599975e-007 1.87258
1.601975e-007 1.79662
1.603975e-007 1.76002
1.605975e-007 1.7621
1.607975e-007 1.81768
1.609975e-007 1.87845
1.611975e-007 1.90089
1.613975e-007 1.93197
1.615975e-007 1.99101
1.617975e-007 2.04453
1.619975e-007 2.10771
1.621975e-007 2.16675
1.623975e-007 2.17642
1.625975e-007 2.13844
1.627975e-007 2.05834
1.629975e-007 2.01207
1.631975e-007 2.04591
1.633975e-007 2.0611
1.635975e-007 2.01967
1.637975e-007 1.97927
1.639975e-007 1.9482
1.641975e-007 1.93991
1.643975e-007 1.96891
1.645975e-007 1.93715
1.647975e-007 1.85014
1.649975e-007 1.89779
1.651975e-007 2.02139
1.653975e-007 1.95683
1.655975e-007 1.77073
1.657975e-007 1.74518
1.659975e-007 1.91091
1.661975e-007 2.10253
1.663975e-007 2.20542
1.665975e-007 2.19852
1.667975e-007 2.12083
1.669975e-007 2.02381
1.671975e-007 1.96373
1.673975e-007 1.98687
1.675975e-007 2.0573
1.677975e-007 2.09286
1.679975e-007 2.06939
1.681975e-007 2.06144
1.683975e-007 2.0901
1.685975e-007 2.05868
1.687975e-007 1.97167
1.689975e-007 1.97582
1.691975e-007 2.10598
1.693975e-007 2.16848
1.695975e-007 2.06662
1.697975e-007 1.99066
1.699975e-007 2.04763
1.701975e-007 2.11323
1.703975e-007 2.11289
1.705975e-007 2.09045
1.707975e-007 2.09597
1.709975e-007 2.10598
1.711975e-007 2.08492
1.713975e-007 2.08492
1.715975e-007 2.09321
1.717975e-007 2.06248
1.719975e-007 2.05972
1.721975e-007 2.05937
1.723975e-007 2.00482
1.725975e-007 1.97513
1.727975e-007 2.00655
1.729975e-007 2.05937
1.731975e-007 2.07595
1.733975e-007 2.04176
1.735975e-007 2.06904
1.737975e-007 2.17884
1.739975e-007 2.21647
1.741975e-007 2.17953
1.743975e-007 2.17815
1.745975e-007 2.19265
1.747975e-007 2.19679
1.749975e-007 2.22579
1.751975e-007 2.26723
1.753975e-007 2.26032
1.755975e-007 2.18919
1.757975e-007 2.12497
1.759975e-007 2.09563
1.761975e-007 2.07387
1.763975e-007 2.06421
1.765975e-007 2.02416
1.767975e-007 1.98031
1.769975e-007 2.06697
1.771975e-007 2.22061
1.773975e-007 2.29519
1.775975e-007 2.33317
1.777975e-007 2.3677
1.779975e-007 2.32454
1.781975e-007 2.2327
1.783975e-007 2.17435
1.785975e-007 2.14258
1.787975e-007 2.17159
1.789975e-007 2.30072
1.791975e-007 2.44262
1.793975e-007 2.51099
1.795975e-007 2.49787
1.797975e-007 2.48371
1.799975e-007 2.56243
1.801975e-007 2.61595
1.803975e-007 2.48544
1.805975e-007 2.31418
1.807975e-007 2.29347
1.809975e-007 2.35561
1.811975e-007 2.36804
1.813975e-007 2.31625
1.815975e-007 2.27413
1.817975e-007 2.30072
1.819975e-007 2.33455
1.821975e-007 2.31315
1.823975e-007 2.33801
1.825975e-007 2.46437
1.827975e-007 2.55311
1.829975e-007 2.52721
1.831975e-007 2.49027
1.833975e-007 2.48958
1.835975e-007 2.4257
1.837975e-007 2.26101
1.839975e-007 2.16192
1.841975e-007 2.30555
1.843975e-007 2.5172
1.845975e-007 2.49096
1.847975e-007 2.36563
1.849975e-007 2.38255
1.851975e-007 2.42225
1.853975e-007 2.3929
1.855975e-007 2.36908
1.857975e-007 2.41604
1.859975e-007 2.53861
1.861975e-007 2.57383
1.863975e-007 2.44469
1.865975e-007 2.31487
1.867975e-007 2.30728
1.869975e-007 2.40223
1.871975e-007 2.4882
1.873975e-007 2.50477
1.875975e-007 2.52583
1.877975e-007 2.54068
1.879975e-007 2.47335
1.881975e-007 2.42363
1.883975e-007 2.47508
1.885975e-007 2.49787
1.887975e-007 2.45264
1.889975e-007 2.43054
1.891975e-007 2.39636
1.893975e-007 2.34767
1.895975e-007 2.40775
1.897975e-007 2.55449
1.899975e-007 2.62527
1.901975e-007 2.58729
1.903975e-007 2.53101
1.905975e-007 2.54966
1.907975e-007 2.62976
1.909975e-007 2.62734
1.911975e-007 2.53205
1.913975e-007 2.5248
1.915975e-007 2.61111
1.917975e-007 2.61906
1.919975e-007 2.55725
1.921975e-007 2.51409
1.923975e-007 2.46714
1.925975e-007 2.43226
1.927975e-007 2.40292
1.929975e-007 2.3715
1.931975e-007 2.41362
1.933975e-007 2.49338
1.935975e-007 2.54828
1.937975e-007 2.65945
1.939975e-007 2.82207
1.941975e-007 2.82864
1.943975e-007 2.63356
1.945975e-007 2.50339
1.947975e-007 2.59523
1.949975e-007 2.76649
1.951975e-007 2.7986
1.953975e-007 2.67395
1.955975e-007 2.59178
1.957975e-007 2.63183
1.959975e-007 2.69329
1.961975e-007 2.69743
1.963975e-007 2.64495
1.965975e-007 2.60559
1.967975e-007 2.62216
1.969975e-007 2.67326
1.971975e-007 2.69467
1.973975e-007 2.65117
1.975975e-007 2.5973
1.977975e-007 2.56243
1.979975e-007 2.5576
1.981975e-007 2.62147
1.983975e-007 2.74232
1.985975e-007 2.88077
1.987975e-007 2.9519
1.989975e-007 2.85349
1.991975e-007 2.6781
1.993975e-007 2.6011
1.995975e-007 2.62423
1.997975e-007 2.66567
1.999975e-007 2.65842
2.001975e-007 2.59765
2.003975e-007 2.58073
2.005975e-007 2.65151
2.007975e-007 2.73438
2.009975e-007 2.78064
2.011975e-007 2.76856
2.013975e-007 2.67361
2.015975e-007 2.59247
2.017975e-007 2.66394
2.019975e-007 2.80239
2.021975e-007 2.79998
2.023975e-007 2.69605
2.025975e-007 2.66567
2.027975e-007 2.70399
2.029975e-007 2.69225
2.031975e-007 2.61871
2.033975e-007 2.63149
2.035975e-007 2.76062
2.037975e-007 2.81966
2.039975e-007 2.76096
2.041975e-007 2.74508
2.043975e-007 2.79549
2.045975e-007 2.77339
2.047975e-007 2.6812
2.049975e-007 2.65911
2.051975e-007 2.72782
2.053975e-007 2.80067
2.055975e-007 2.87594
2.057975e-007 2.93256
2.059975e-007 2.89389
2.061975e-007 2.86247
2.063975e-007 2.91115
2.065975e-007 2.93809
2.067975e-007 2.95052
2.069975e-007 2.96847
2.071975e-007 2.94913
2.073975e-007 2.95811
2.075975e-007 2.97986
2.077975e-007 2.91806
2.079975e-007 2.82346
2.081975e-007 2.78133
2.083975e-007 2.77754
2.085975e-007 2.77754
2.087975e-007 2.83209
2.089975e-007 2.92738
2.091975e-007 2.90736
2.093975e-007 2.8131
2.095975e-007 2.84555
2.097975e-007 2.94499
2.099975e-007 2.95362
2.101975e-007 2.93222
2.103975e-007 2.95742
2.105975e-007 2.97434
2.107975e-007 2.94844
2.109975e-007 2.95604
2.111975e-007 3.05582
2.113975e-007 3.1411
2.115975e-007 3.10209
2.117975e-007 3.02751
2.119975e-007 3.00818
2.121975e-007 2.99471
2.123975e-007 2.98366
2.125975e-007 3.01681
2.127975e-007 3.08655
2.129975e-007 3.1418
2.131975e-007 3.09277
2.133975e-007 2.94913
2.135975e-007 2.87525
2.137975e-007 2.93325
2.139975e-007 2.98677
2.141975e-007 2.98159
2.143975e-007 3.00576
2.145975e-007 3.06135
2.147975e-007 3.09346
2.149975e-007 3.07412
2.151975e-007 2.98124
2.153975e-007 2.92427
2.155975e-007 3.01439
2.157975e-007 3.12867
2.159975e-007 3.12246
2.161975e-007 3.00541
2.163975e-007 2.89424
2.165975e-007 2.86592
2.167975e-007 2.89286
2.169975e-007 2.99609
2.171975e-007 3.1083
2.173975e-007 3.07757
2.175975e-007 2.99644
2.177975e-007 3.00507
2.179975e-007 3.00403
2.181975e-007 2.94326
2.183975e-007 2.95569
2.185975e-007 3.02578
2.187975e-007 3.03269
2.189975e-007 3.03165
2.191975e-007 3.07481
2.193975e-007 3.09035
2.195975e-007 3.0907
2.197975e-007 3.11935
2.199975e-007 3.12971
2.201975e-007 3.12281
2.203975e-007 3.11728
2.205975e-007 3.08586
2.207975e-007 3.06549
2.209975e-007 3.11348
2.211975e-007 3.21292
2.213975e-007 3.2837
2.215975e-007 3.27334
2.217975e-007 3.21465
2.219975e-007 3.16735
2.221975e-007 3.18323
2.223975e-007 3.2257
2.225975e-007 3.22224
2.227975e-007 3.18426
2.229975e-007 3.18461
2.231975e-007 3.26402
2.233975e-007 3.32272
2.235975e-007 3.24883
2.237975e-007 3.11694
2.239975e-007 3.08931
2.241975e-007 3.18012
2.243975e-007 3.27196
2.245975e-007 3.30235
2.247975e-007 3.29302
2.249975e-007 3.25988
2.251975e-007 3.20912
2.253975e-007 3.2036
2.255975e-007 3.27334
2.257975e-007 3.36346
2.259975e-007 3.39074
2.261975e-007 3.31512
2.263975e-007 3.24917
2.265975e-007 3.25504
2.267975e-007 3.23502
2.269975e-007 3.22362
2.271975e-007 3.28197
2.273975e-007 3.30545
2.275975e-007 3.28094
2.277975e-007 3.29855
2.279975e-007 3.31443
2.281975e-007 3.25815
2.283975e-007 3.18979
2.285975e-007 3.18737
2.287975e-007 3.25297
2.289975e-007 3.31823
2.291975e-007 3.3058
2.293975e-007 3.25781
2.295975e-007 3.25884
2.297975e-007 3.30925
2.299975e-007 3.39004
2.301975e-007 3.45426
2.303975e-007 3.4484
2.305975e-007 3.45841
2.307975e-007 3.53126
2.309975e-007 3.49846
2.311975e-007 3.34067
2.313975e-007 3.27887
2.315975e-007 3.31374
2.317975e-007 3.26713
2.319975e-007 3.2143
2.321975e-007 3.32341
2.323975e-007 3.44425
2.325975e-007 3.4118
2.327975e-007 3.33825
2.329975e-007 3.28474
2.331975e-007 3.22673
2.333975e-007 3.21292
2.335975e-007 3.24952
2.337975e-007 3.29786
2.339975e-007 3.32272
2.341975e-007 3.31478
2.343975e-007 3.29371
2.345975e-007 3.27921
2.347975e-007 3.33618
2.349975e-007 3.4149
2.351975e-007 3.41007
2.353975e-007 3.40316
2.355975e-007 3.42699
2.357975e-007 3.42664
2.359975e-007 3.43942
2.361975e-007 3.45565
2.363975e-007 3.43458
2.365975e-007 3.40006
2.367975e-007 3.37451
2.369975e-007 3.36691
2.371975e-007 3.38314
2.373975e-007 3.40178
2.375975e-007 3.36933
2.377975e-007 3.31892
2.379975e-007 3.33584
2.381975e-007 3.35897
2.383975e-007 3.34827
2.385975e-007 3.39143
2.387975e-007 3.46531
2.389975e-007 3.52953
2.391975e-007 3.61309
2.393975e-007 3.59928
2.395975e-007 3.42423
2.397975e-007 3.3607
2.399975e-007 3.55474
2.401975e-007 3.67213
2.403975e-007 3.49811
2.405975e-007 3.30304
2.407975e-007 3.33584
2.409975e-007 3.49984
2.411975e-007 3.61482
2.413975e-007 3.68283
2.415975e-007 3.72427
2.417975e-007 3.64106
2.419975e-007 3.47947
2.421975e-007 3.4118
2.423975e-007 3.42285
2.425975e-007 3.41352
2.427975e-007 3.45841
2.429975e-007 3.6414
2.431975e-007 3.80782
2.433975e-007 3.76742
2.435975e-007 3.62207
2.437975e-007 3.57028
2.439975e-007 3.58236
2.441975e-007 3.61136
2.443975e-007 3.68111
2.445975e-007 3.67282
2.447975e-007 3.56959
2.449975e-007 3.56061
2.451975e-007 3.62794
2.453975e-007 3.59652
2.455975e-007 3.5171
2.457975e-007 3.49224
2.459975e-007 3.48983
2.461975e-007 3.5064
2.463975e-007 3.55577
2.465975e-007 3.61067
2.467975e-007 3.65556
2.469975e-007 3.67455
2.471975e-007 3.63381
2.473975e-007 3.57062
2.475975e-007 3.54231
2.477975e-007 3.52159
2.479975e-007 3.52263
2.481975e-007 3.58443
2.483975e-007 3.63726
2.485975e-007 3.61136
2.487975e-007 3.57407
2.489975e-007 3.5941
2.491975e-007 3.60308
2.493975e-007 3.5865
2.495975e-007 3.60031
2.497975e-007 3.62207
2.499975e-007 3.62414
2.501975e-007 3.58443
2.503975e-007 3.54921
2.505975e-007 3.58409
2.507975e-007 3.59686
2.509975e-007 3.53299
2.511975e-007 3.51814
2.513975e-007 3.63484
2.515975e-007 3.7878
2.517975e-007 3.86272
2.519975e-007 3.84787
2.521975e-007 3.79815
