-4.79623e-008 10.196
-4.77623e-008 10.2271
-4.75623e-008 10.1318
-4.73623e-008 10.0268
-4.71623e-008 9.99368
-4.69623e-008 10.05
-4.67623e-008 10.1111
-4.65623e-008 10.0997
-4.63623e-008 10.0969
-4.61623e-008 10.1349
-4.59623e-008 10.1159
-4.57623e-008 10.041
-4.55623e-008 10.0123
-4.53623e-008 10.0728
-4.51623e-008 10.1235
-4.49623e-008 10.0745
-4.47623e-008 10.0189
-4.45623e-008 10.0738
-4.43623e-008 10.1442
-4.41623e-008 10.0703
-4.39623e-008 9.94466
-4.37623e-008 9.9305
-4.35623e-008 9.95812
-4.33623e-008 9.92532
-4.31623e-008 9.88147
-4.29623e-008 9.93361
-4.27623e-008 10.0541
-4.25623e-008 10.0752
-4.23623e-008 9.98574
-4.21623e-008 9.95087
-4.19623e-008 9.96123
-4.17623e-008 9.87664
-4.15623e-008 9.84246
-4.13623e-008 9.99265
-4.11623e-008 10.0652
-4.09623e-008 9.93637
-4.07623e-008 9.82623
-4.05623e-008 9.84867
-4.03623e-008 9.93602
-4.01623e-008 9.99817
-3.99623e-008 9.99921
-3.97623e-008 10.0016
-3.95623e-008 10.0586
-3.93623e-008 10.1428
-3.91623e-008 10.1622
-3.89623e-008 10.0745
-3.87623e-008 9.9854
-3.85623e-008 9.97642
-3.83623e-008 10.003
-3.81623e-008 10.0451
-3.79623e-008 10.1152
-3.77623e-008 10.1577
-3.75623e-008 10.1808
-3.73623e-008 10.2302
-3.71623e-008 10.2292
-3.69623e-008 10.1463
-3.67623e-008 10.0648
-3.65623e-008 10.0344
-3.63623e-008 10.0724
-3.61623e-008 10.1598
-3.59623e-008 10.186
-3.57623e-008 10.1097
-3.55623e-008 10.033
-3.53623e-008 9.99161
-3.51623e-008 9.9046
-3.49623e-008 9.82174
-3.47623e-008 9.87802
-3.45623e-008 10.0013
-3.43623e-008 10.0534
-3.41623e-008 10.0393
-3.39623e-008 10.0082
-3.37623e-008 10.0154
-3.35623e-008 10.0724
-3.33623e-008 10.0993
-3.31623e-008 10.0555
-3.29623e-008 10.032
-3.27623e-008 10.1173
-3.25623e-008 10.2084
-3.23623e-008 10.1753
-3.21623e-008 10.1007
-3.19623e-008 10.1007
-3.17623e-008 10.1163
-3.15623e-008 10.0755
-3.13623e-008 10.023
-3.11623e-008 9.98747
-3.09623e-008 9.99299
-3.07623e-008 10.0717
-3.05623e-008 10.1394
-3.03623e-008 10.1232
-3.01623e-008 10.0738
-2.99623e-008 10.0103
-2.97623e-008 9.90771
-2.95623e-008 9.80655
-2.93623e-008 9.79584
-2.91623e-008 9.93499
-2.89623e-008 10.1363
-2.87623e-008 10.2419
-2.85623e-008 10.2316
-2.83623e-008 10.1739
-2.81623e-008 10.1611
-2.79623e-008 10.2319
-2.77623e-008 10.2702
-2.75623e-008 10.1808
-2.73623e-008 10.0292
-2.71623e-008 9.9778
-2.69623e-008 10.0562
-2.67623e-008 10.0755
-2.65623e-008 9.99714
-2.63623e-008 9.95501
-2.61623e-008 9.96917
-2.59623e-008 9.95467
-2.57623e-008 9.83382
-2.55623e-008 9.75407
-2.53623e-008 9.85765
-2.51623e-008 9.91842
-2.49623e-008 9.83382
-2.47623e-008 9.80758
-2.45623e-008 9.85316
-2.43623e-008 9.8756
-2.41623e-008 9.92049
-2.39623e-008 9.99472
-2.37623e-008 10.0375
-2.35623e-008 10.081
-2.33623e-008 10.1373
-2.31623e-008 10.1097
-2.29623e-008 10.0372
-2.27623e-008 10.0241
-2.25623e-008 10.0016
-2.23623e-008 9.93084
-2.21623e-008 9.90322
-2.19623e-008 9.94051
-2.17623e-008 9.97228
-2.15623e-008 9.99058
-2.13623e-008 10.041
-2.11623e-008 10.0855
-2.09623e-008 10.0938
-2.07623e-008 10.1366
-2.05623e-008 10.1936
-2.03623e-008 10.1432
-2.01623e-008 10.0303
-1.99623e-008 10.0223
-1.97623e-008 10.07
-1.95623e-008 9.99852
-1.93623e-008 9.87974
-1.91623e-008 9.86628
-1.89623e-008 9.93533
-1.87623e-008 10.0151
-1.85623e-008 10.0058
-1.83623e-008 9.88872
-1.81623e-008 9.8649
-1.79623e-008 9.96468
-1.77623e-008 9.96054
-1.75623e-008 9.87836
-1.73623e-008 9.94189
-1.71623e-008 10.1135
-1.69623e-008 10.1691
-1.67623e-008 10.0838
-1.65623e-008 10.0289
-1.63623e-008 10.0534
-1.61623e-008 10.0793
-1.59623e-008 10.0993
-1.57623e-008 10.1194
-1.55623e-008 10.1308
-1.53623e-008 10.1497
-1.51623e-008 10.1204
-1.49623e-008 10.0272
-1.47623e-008 9.97366
-1.45623e-008 9.98816
-1.43623e-008 9.99886
-1.41623e-008 9.97366
-1.39623e-008 9.97228
-1.37623e-008 10.0251
-1.35623e-008 10.0538
-1.33623e-008 10.0337
-1.31623e-008 10.0507
-1.29623e-008 10.1083
-1.27623e-008 10.1214
-1.25623e-008 10.1056
-1.23623e-008 10.0862
-1.21623e-008 10.0096
-1.19623e-008 9.90219
-1.17623e-008 9.88147
-1.15623e-008 9.98747
-1.13623e-008 10.1152
-1.11623e-008 10.1529
-1.09623e-008 10.1118
-1.07623e-008 10.0879
-1.05623e-008 10.0634
-1.03623e-008 9.93119
-1.01623e-008 9.7848
-9.96234e-009 9.80344
-9.76234e-009 9.94604
-9.56234e-009 10.0058
-9.36234e-009 9.92049
-9.16234e-009 9.86283
-8.96234e-009 9.8977
-8.76234e-009 9.91738
-8.56234e-009 9.93119
-8.36234e-009 10.0065
-8.16234e-009 10.1042
-7.96234e-009 10.1328
-7.76234e-009 10.0551
-7.56234e-009 9.96641
-7.36234e-009 9.98678
-7.16234e-009 10.0565
-6.96234e-009 10.0265
-6.76234e-009 9.92601
-6.56234e-009 9.89356
-6.36234e-009 9.95087
-6.16234e-009 10.0009
-5.96234e-009 9.99645
-5.76234e-009 9.9892
-5.56234e-009 10.0009
-5.36234e-009 10.0075
-5.16234e-009 9.99437
-4.96234e-009 9.98781
-4.76234e-009 10.0341
-4.56234e-009 10.0959
-4.36234e-009 10.1
-4.16234e-009 10.0475
-3.96234e-009 10.0192
-3.76234e-009 10.0503
-3.56234e-009 10.0479
-3.36234e-009 10.0023
-3.16234e-009 10.0099
-2.96234e-009 10.0185
-2.76234e-009 9.95156
-2.56234e-009 9.89287
-2.36234e-009 9.8756
-2.16234e-009 9.85592
-1.96234e-009 9.82105
-1.76234e-009 9.66292
-1.56234e-009 9.22787
-1.36234e-009 8.40337
-1.16234e-009 7.15971
-9.62343e-010 5.74064
-7.62343e-010 4.54325
-5.62343e-010 3.72392
-3.62343e-010 3.0793
-1.62343e-010 2.42985
3.76571e-011 1.91263
2.37657e-010 1.66646
4.37657e-010 1.59637
6.37657e-010 1.55839
8.37657e-010 1.49727
1.03766e-009 1.4006
1.23766e-009 1.32257
1.43766e-009 1.36193
1.63766e-009 1.4441
1.83766e-009 1.41234
2.03766e-009 1.31808
2.23766e-009 1.29978
2.43766e-009 1.30496
2.63766e-009 1.26663
2.83766e-009 1.27285
3.03766e-009 1.30012
3.23766e-009 1.28424
3.43766e-009 1.31255
3.63766e-009 1.39438
3.83766e-009 1.46654
4.03766e-009 1.48415
4.23766e-009 1.41199
4.43766e-009 1.31773
4.63766e-009 1.27906
4.83766e-009 1.287
5.03766e-009 1.32257
5.23766e-009 1.37436
5.43766e-009 1.36849
5.63766e-009 1.3053
5.83766e-009 1.287
6.03766e-009 1.27112
6.23766e-009 1.23728
6.43766e-009 1.29633
6.63766e-009 1.36124
6.83766e-009 1.30668
7.03766e-009 1.24419
7.23766e-009 1.26629
7.43766e-009 1.29529
7.63766e-009 1.27319
7.83766e-009 1.24488
8.03766e-009 1.24384
8.23766e-009 1.27526
8.43766e-009 1.32878
8.63766e-009 1.36883
8.83766e-009 1.3968
9.03766e-009 1.39369
9.23766e-009 1.29633
9.43766e-009 1.1665
9.63766e-009 1.15718
9.83766e-009 1.26352
1.00377e-008 1.32153
1.02377e-008 1.25869
1.04377e-008 1.15373
1.06377e-008 1.12058
1.08377e-008 1.19965
1.10377e-008 1.3015
1.12377e-008 1.30668
1.14377e-008 1.23003
1.16377e-008 1.19413
1.18377e-008 1.23176
1.20377e-008 1.25524
1.22377e-008 1.22693
1.24377e-008 1.20966
1.26377e-008 1.22555
1.28377e-008 1.21484
1.30377e-008 1.17203
1.32377e-008 1.13957
1.34377e-008 1.12196
1.36377e-008 1.12645
1.38377e-008 1.15511
1.40377e-008 1.16271
1.42377e-008 1.12231
1.44377e-008 1.09572
1.46377e-008 1.1558
1.48377e-008 1.21795
1.50377e-008 1.16202
1.52377e-008 1.12196
1.54377e-008 1.22865
1.56377e-008 1.30012
1.58377e-008 1.25213
1.60377e-008 1.22347
1.62377e-008 1.17928
1.64377e-008 1.09607
1.66377e-008 1.09365
1.68377e-008 1.12162
1.70377e-008 1.11886
1.72377e-008 1.15097
1.74377e-008 1.16409
1.76377e-008 1.06948
1.78377e-008 0.98938
1.80377e-008 1.01873
1.82377e-008 1.05498
1.84377e-008 1.03219
1.86377e-008 1.01217
1.88377e-008 1.06914
1.90377e-008 1.14993
1.92377e-008 1.14579
1.94377e-008 1.09469
1.96377e-008 1.09227
1.98377e-008 1.12058
2.00377e-008 1.11886
2.02377e-008 1.0643
2.04377e-008 0.992488
2.06377e-008 0.998357
2.08377e-008 1.11195
2.10377e-008 1.20138
2.12377e-008 1.15822
2.14377e-008 1.07086
2.16377e-008 1.04842
2.18377e-008 1.08191
2.20377e-008 1.10988
2.22377e-008 1.07363
2.24377e-008 1.00872
2.26377e-008 1.00008
2.28377e-008 1.01976
2.30377e-008 1.01666
2.32377e-008 1.00802
2.34377e-008 0.985237
2.36377e-008 0.969354
2.38377e-008 1.00457
2.40377e-008 1.03288
2.42377e-008 1.02909
2.44377e-008 1.08433
2.46377e-008 1.17099
2.48377e-008 1.16961
2.50377e-008 1.12852
2.52377e-008 1.10677
2.54377e-008 1.04877
2.56377e-008 1.0025
2.58377e-008 1.03979
2.60377e-008 1.07846
2.62377e-008 1.06603
2.64377e-008 1.04877
2.66377e-008 1.04842
2.68377e-008 1.09814
2.70377e-008 1.16927
2.72377e-008 1.14303
2.74377e-008 1.08778
2.76377e-008 1.15684
2.78377e-008 1.22175
2.80377e-008 1.12991
2.82377e-008 1.03323
2.84377e-008 1.0681
2.86377e-008 1.1123
2.88377e-008 1.06845
2.90377e-008 1.00526
2.92377e-008 0.968319
2.94377e-008 0.955198
2.96377e-008 0.973152
2.98377e-008 1.01562
3.00377e-008 1.06707
3.02377e-008 1.09158
3.04377e-008 1.1047
3.06377e-008 1.13439
3.08377e-008 1.1192
3.10377e-008 1.03772
3.12377e-008 0.983511
3.14377e-008 1.02667
3.16377e-008 1.12404
3.18377e-008 1.18411
3.20377e-008 1.17065
3.22377e-008 1.13612
3.24377e-008 1.13129
3.26377e-008 1.09814
3.28377e-008 1.03254
3.30377e-008 1.05498
3.32377e-008 1.15062
3.34377e-008 1.17375
3.36377e-008 1.09262
3.38377e-008 1.02667
3.40377e-008 1.04531
3.42377e-008 1.05118
3.44377e-008 0.95727
3.46377e-008 0.868536
3.48377e-008 0.926886
3.50377e-008 1.10712
3.52377e-008 1.2763
3.54377e-008 1.30358
3.56377e-008 1.19171
3.58377e-008 1.1047
3.60377e-008 1.11644
3.62377e-008 1.13785
3.64377e-008 1.13819
3.66377e-008 1.14164
3.68377e-008 1.12162
3.70377e-008 1.05912
3.72377e-008 0.990071
3.74377e-008 0.977641
3.76377e-008 1.00733
3.78377e-008 1.02011
3.80377e-008 1.03496
3.82377e-008 1.06914
3.84377e-008 1.08675
3.86377e-008 1.10263
3.88377e-008 1.15753
3.90377e-008 1.18204
3.92377e-008 1.08398
3.94377e-008 0.987999
3.96377e-008 1.07881
3.98377e-008 1.22934
4.00377e-008 1.21242
4.02377e-008 1.07811
4.04377e-008 1.0429
4.06377e-008 1.14441
4.08377e-008 1.17721
4.10377e-008 1.07397
4.12377e-008 0.975224
4.14377e-008 0.936209
4.16377e-008 0.966247
4.18377e-008 1.04221
4.20377e-008 1.05636
4.22377e-008 1.00181
4.24377e-008 0.958306
4.26377e-008 0.952781
4.28377e-008 0.997667
4.30377e-008 1.07915
4.32377e-008 1.11264
4.34377e-008 1.06327
4.36377e-008 1.02563
4.38377e-008 1.0536
4.40377e-008 1.0864
4.42377e-008 1.10781
4.44377e-008 1.13716
4.46377e-008 1.12956
4.48377e-008 1.10608
4.50377e-008 1.11264
4.52377e-008 1.06845
4.54377e-008 0.984892
4.56377e-008 1.01562
4.58377e-008 1.12093
4.60377e-008 1.09987
4.62377e-008 0.978677
4.64377e-008 0.980748
4.66377e-008 1.14475
4.68377e-008 1.28424
4.70377e-008 1.28355
4.72377e-008 1.20483
4.74377e-008 1.13888
4.76377e-008 1.11195
4.78377e-008 1.12438
4.80377e-008 1.15787
4.82377e-008 1.16443
4.84377e-008 1.13267
4.86377e-008 1.12058
4.88377e-008 1.16098
4.90377e-008 1.18895
4.92377e-008 1.12921
4.94377e-008 1.05602
4.96377e-008 1.07501
4.98377e-008 1.11748
5.00377e-008 1.1009
5.02377e-008 1.06948
5.04377e-008 1.06603
5.06377e-008 1.0757
5.08377e-008 1.0795
5.10377e-008 1.07708
5.12377e-008 1.07501
5.14377e-008 1.0864
5.16377e-008 1.14544
5.18377e-008 1.22693
5.20377e-008 1.23418
5.22377e-008 1.16512
