-2.28438e-008 10.1
-2.26438e-008 10.0821
-2.24438e-008 10.0068
-2.22438e-008 9.98989
-2.20438e-008 10.0434
-2.18438e-008 10.0769
-2.16438e-008 9.99196
-2.14438e-008 9.84315
-2.12438e-008 9.82347
-2.10438e-008 9.94466
-2.08438e-008 10.0109
-2.06438e-008 9.95605
-2.04438e-008 9.86248
-2.02438e-008 9.81932
-2.00438e-008 9.84798
-1.98438e-008 9.90322
-1.96438e-008 9.97573
-1.94438e-008 10.0582
-1.92438e-008 10.1163
-1.90438e-008 10.1415
-1.88438e-008 10.1314
-1.86438e-008 10.099
-1.84438e-008 10.1031
-1.82438e-008 10.1705
-1.80438e-008 10.224
-1.78438e-008 10.1964
-1.76438e-008 10.1149
-1.74438e-008 10.0441
-1.72438e-008 10.0375
-1.70438e-008 10.0586
-1.68438e-008 10.0113
-1.66438e-008 9.95432
-1.64438e-008 10.0071
-1.62438e-008 10.0772
-1.60438e-008 10.0368
-1.58438e-008 9.93361
-1.56438e-008 9.87111
-1.54438e-008 9.88596
-1.52438e-008 9.93257
-1.50438e-008 9.99541
-1.48438e-008 10.0883
-1.46438e-008 10.175
-1.44438e-008 10.2167
-1.42438e-008 10.1698
-1.40438e-008 10.0431
-1.38438e-008 9.95225
-1.36438e-008 10.0092
-1.34438e-008 10.1781
-1.32438e-008 10.2561
-1.30438e-008 10.1252
-1.28438e-008 9.95881
-1.26438e-008 9.89701
-1.24438e-008 9.85592
-1.22438e-008 9.84798
-1.20438e-008 9.92359
-1.18438e-008 9.99507
-1.16438e-008 9.99196
-1.14438e-008 9.90184
-1.12438e-008 9.78687
-1.10438e-008 9.79067
-1.08438e-008 9.90737
-1.06438e-008 9.94258
-1.04438e-008 9.89045
-1.02438e-008 9.88527
-1.00438e-008 9.89252
-9.84376e-009 9.90633
-9.64376e-009 9.94086
-9.44376e-009 9.93741
-9.24376e-009 9.95639
-9.04376e-009 10.031
-8.84376e-009 10.0935
-8.64376e-009 10.1428
-8.44376e-009 10.1615
-8.24376e-009 10.1083
-8.04376e-009 10.0627
-7.84376e-009 10.0451
-7.64376e-009 9.945
-7.44376e-009 9.84971
-7.24376e-009 9.90737
-7.04376e-009 10.0679
-6.84376e-009 10.2084
-6.64376e-009 10.1567
-6.44376e-009 9.96192
-6.24376e-009 9.96157
-6.04376e-009 10.1725
-5.84376e-009 10.2613
-5.64376e-009 10.1166
-5.44376e-009 9.96468
-5.24376e-009 9.97884
-5.04376e-009 10.0234
-4.84376e-009 9.9961
-4.64376e-009 10.0037
-4.44376e-009 10.0286
-4.24376e-009 10.0009
-4.04376e-009 9.97159
-3.84376e-009 9.95053
-3.64376e-009 9.90944
-3.44376e-009 9.89114
-3.24376e-009 9.94258
-3.04376e-009 9.99852
-2.84376e-009 10.0092
-2.64376e-009 10.0379
-2.44376e-009 10.1004
-2.24376e-009 10.1225
-2.04376e-009 9.99955
-1.84376e-009 9.72161
-1.64376e-009 9.37703
-1.44376e-009 8.80975
-1.24376e-009 7.74943
-1.04376e-009 6.34625
-8.43759e-010 5.01938
-6.43759e-010 3.92625
-4.43759e-010 3.01681
-2.43759e-010 2.34975
-4.37588e-011 1.97962
1.56241e-010 1.81492
3.56241e-010 1.68614
5.56241e-010 1.47172
7.56241e-010 1.28666
9.56241e-010 1.26387
1.15624e-009 1.29494
1.35624e-009 1.27526
1.55624e-009 1.24557
1.75624e-009 1.2542
1.95624e-009 1.33292
2.15624e-009 1.43236
2.35624e-009 1.39473
2.55624e-009 1.24971
2.75624e-009 1.20586
2.95624e-009 1.25317
3.15624e-009 1.24833
3.35624e-009 1.23867
3.55624e-009 1.28251
3.75624e-009 1.28977
3.95624e-009 1.25455
4.15624e-009 1.21898
4.35624e-009 1.19827
4.55624e-009 1.23556
4.75624e-009 1.2656
4.95624e-009 1.229
5.15624e-009 1.23936
5.35624e-009 1.31186
5.55624e-009 1.35364
5.75624e-009 1.34225
5.95624e-009 1.27043
6.15624e-009 1.24039
6.35624e-009 1.34294
6.55624e-009 1.44168
6.75624e-009 1.43754
6.95624e-009 1.40336
7.15624e-009 1.34156
7.35624e-009 1.24557
7.55624e-009 1.22278
7.75624e-009 1.30254
7.95624e-009 1.38989
8.15624e-009 1.36849
8.35624e-009 1.22244
8.55624e-009 1.09572
8.75624e-009 1.10401
8.95624e-009 1.20345
9.15624e-009 1.28493
9.35624e-009 1.29909
9.55624e-009 1.22278
9.75624e-009 1.09572
9.95624e-009 1.06914
1.01562e-008 1.16927
1.03562e-008 1.24246
1.05562e-008 1.24108
1.07562e-008 1.22796
1.09562e-008 1.21553
1.11562e-008 1.23763
1.13562e-008 1.30392
1.15562e-008 1.31842
1.17562e-008 1.25627
1.19562e-008 1.16616
1.21562e-008 1.08191
1.23562e-008 1.06189
1.25562e-008 1.13716
1.27562e-008 1.24419
1.29562e-008 1.28597
1.31562e-008 1.27457
1.33562e-008 1.28079
1.35562e-008 1.28838
1.37562e-008 1.25558
1.39562e-008 1.23072
1.41562e-008 1.26698
1.43562e-008 1.26594
1.45562e-008 1.15338
1.47562e-008 1.07225
1.49562e-008 1.09641
1.51562e-008 1.10884
1.53562e-008 1.10159
1.55562e-008 1.11713
1.57562e-008 1.07121
1.59562e-008 0.983856
1.61562e-008 1.00354
1.63562e-008 1.08467
1.65562e-008 1.05878
1.67562e-008 0.955544
1.69562e-008 0.942769
1.71562e-008 1.05153
1.73562e-008 1.12335
1.75562e-008 1.10781
1.77562e-008 1.14544
1.79562e-008 1.22071
1.81562e-008 1.18895
1.83562e-008 1.06465
1.85562e-008 0.981094
1.87562e-008 1.00733
1.89562e-008 1.06499
1.91562e-008 1.02874
1.93562e-008 0.930684
1.95562e-008 0.944495
1.97562e-008 1.10401
1.99562e-008 1.22727
2.01562e-008 1.19033
2.03562e-008 1.07225
2.05562e-008 1.01597
2.07562e-008 1.06051
2.09562e-008 1.10332
2.11562e-008 1.07846
2.13562e-008 1.06638
2.15562e-008 1.08364
2.17562e-008 1.07121
2.19562e-008 1.07121
2.21562e-008 1.08744
2.23562e-008 1.07052
2.25562e-008 1.06983
2.27562e-008 1.08709
2.29562e-008 1.04911
2.31562e-008 0.986273
2.33562e-008 0.978677
2.35562e-008 1.01976
2.37562e-008 1.03461
2.39562e-008 1.01355
2.41562e-008 1.0025
2.43562e-008 1.00664
2.45562e-008 1.05498
2.47562e-008 1.15718
2.49562e-008 1.22934
2.51562e-008 1.21864
2.53562e-008 1.19205
2.55562e-008 1.2107
2.57562e-008 1.19413
2.59562e-008 1.10401
2.61562e-008 1.04704
2.63562e-008 1.08122
2.65562e-008 1.16581
2.67562e-008 1.19136
2.69562e-008 1.09434
2.71562e-008 0.977641
2.73562e-008 0.973843
