-2.480797e-007 9.91496
-2.478797e-007 9.98505
-2.476797e-007 9.97159
-2.474797e-007 9.94155
-2.472797e-007 10.0147
-2.470797e-007 10.1159
-2.468797e-007 10.1235
-2.466797e-007 10.0258
-2.464797e-007 9.96019
-2.462797e-007 10.0058
-2.460797e-007 10.0752
-2.458797e-007 10.1131
-2.456797e-007 10.1242
-2.454797e-007 10.0728
-2.452797e-007 9.97573
-2.450797e-007 9.97228
-2.448797e-007 10.0486
-2.446797e-007 10.0185
-2.444797e-007 9.94742
-2.442797e-007 9.95812
-2.440797e-007 9.95398
-2.438797e-007 9.93568
-2.436797e-007 9.9854
-2.434797e-007 10.0641
-2.432797e-007 10.0942
-2.430797e-007 10.0448
-2.428797e-007 9.96468
-2.426797e-007 9.9343
-2.424797e-007 9.95122
-2.422797e-007 9.97677
-2.420797e-007 9.9892
-2.418797e-007 9.96296
-2.416797e-007 9.92843
-2.414797e-007 9.93706
-2.412797e-007 9.95191
-2.410797e-007 9.96365
-2.408797e-007 10.05
-2.406797e-007 10.1411
-2.404797e-007 10.0765
-2.402797e-007 9.92532
-2.400797e-007 9.88872
-2.398797e-007 9.99472
-2.396797e-007 10.0831
-2.394797e-007 10.0524
-2.392797e-007 10.0234
-2.390797e-007 10.0931
-2.388797e-007 10.1377
-2.386797e-007 10.0721
-2.384797e-007 9.98091
-2.382797e-007 9.94224
-2.380797e-007 9.9709
-2.378797e-007 10.0355
-2.376797e-007 10.0572
-2.374797e-007 10.042
-2.372797e-007 10.0527
-2.370797e-007 10.0406
-2.368797e-007 9.99955
-2.366797e-007 10.0009
-2.364797e-007 9.99403
-2.362797e-007 9.95743
-2.360797e-007 10.0127
-2.358797e-007 10.1321
-2.356797e-007 10.0976
-2.354797e-007 9.91289
-2.352797e-007 9.81104
-2.350797e-007 9.85281
-2.348797e-007 9.94224
-2.346797e-007 10.0199
-2.344797e-007 10.0703
-2.342797e-007 10.051
-2.340797e-007 9.9305
-2.338797e-007 9.8321
-2.336797e-007 9.86317
-2.334797e-007 9.92774
-2.332797e-007 9.93568
-2.330797e-007 9.9267
-2.328797e-007 9.95536
-2.326797e-007 10.0016
-2.324797e-007 10.0286
-2.322797e-007 10.0548
-2.320797e-007 10.099
-2.318797e-007 10.1384
-2.316797e-007 10.0821
-2.314797e-007 9.90806
-2.312797e-007 9.84798
-2.310797e-007 9.97608
-2.308797e-007 10.0258
-2.306797e-007 9.97262
-2.304797e-007 9.98367
-2.302797e-007 10.0303
-2.300797e-007 10.0517
-2.298797e-007 10.0641
-2.296797e-007 10.062
-2.294797e-007 10.003
-2.292797e-007 9.94017
-2.290797e-007 9.96157
-2.288797e-007 10.012
-2.286797e-007 10.0085
-2.284797e-007 9.97884
-2.282797e-007 10.004
-2.280797e-007 10.0672
-2.278797e-007 10.0679
-2.276797e-007 10.0023
-2.274797e-007 9.916
-2.272797e-007 9.84487
-2.270797e-007 9.86041
-2.268797e-007 9.93257
-2.266797e-007 9.98229
-2.264797e-007 10.05
-2.262797e-007 10.1011
-2.260797e-007 10.0741
-2.258797e-007 10.0589
-2.256797e-007 10.0762
-2.254797e-007 10.0869
-2.252797e-007 10.1384
-2.250797e-007 10.2181
-2.248797e-007 10.2164
-2.246797e-007 10.0904
-2.244797e-007 9.90806
-2.242797e-007 9.80379
-2.240797e-007 9.88458
-2.238797e-007 9.99921
-2.236797e-007 9.95156
-2.234797e-007 9.90668
-2.232797e-007 9.98885
-2.230797e-007 9.98816
-2.228797e-007 9.86939
-2.226797e-007 9.79861
-2.224797e-007 9.78445
-2.222797e-007 9.82381
-2.220797e-007 9.94914
-2.218797e-007 10.0866
-2.216797e-007 10.1881
-2.214797e-007 10.2312
-2.212797e-007 10.1484
-2.210797e-007 9.99817
-2.208797e-007 9.92325
-2.206797e-007 9.93879
-2.204797e-007 9.94466
-2.202797e-007 9.89494
-2.200797e-007 9.887
-2.198797e-007 9.98989
-2.196797e-007 10.0703
-2.194797e-007 10.0058
-2.192797e-007 9.93568
-2.190797e-007 10.003
-2.188797e-007 10.0824
-2.186797e-007 10.0507
-2.184797e-007 10.0127
-2.182797e-007 10.0465
-2.180797e-007 10.06
-2.178797e-007 10.0185
-2.176797e-007 9.97849
-2.174797e-007 9.93637
-2.172797e-007 9.85903
-2.170797e-007 9.7917
-2.168797e-007 9.839
-2.166797e-007 9.97538
-2.164797e-007 10.0579
-2.162797e-007 10.0817
-2.160797e-007 10.0641
-2.158797e-007 9.94293
-2.156797e-007 9.8428
-2.154797e-007 9.88458
-2.152797e-007 9.93154
-2.150797e-007 9.90771
-2.148797e-007 9.88354
-2.146797e-007 9.87457
-2.144797e-007 9.89045
-2.142797e-007 9.93119
-2.140797e-007 9.93913
-2.138797e-007 9.91669
-2.136797e-007 9.90737
-2.134797e-007 9.95605
-2.132797e-007 10.0848
-2.130797e-007 10.1656
-2.128797e-007 10.0717
-2.126797e-007 9.916
-2.124797e-007 9.83348
-2.122797e-007 9.79343
-2.120797e-007 9.77202
-2.118797e-007 9.74371
-2.116797e-007 9.7185
-2.114797e-007 9.8176
-2.112797e-007 9.95847
-2.110797e-007 9.94811
-2.108797e-007 9.90737
-2.106797e-007 9.98885
-2.104797e-007 10.0862
-2.102797e-007 10.1432
-2.100797e-007 10.2174
-2.098797e-007 10.2689
-2.096797e-007 10.2071
-2.094797e-007 10.0165
-2.092797e-007 9.84384
-2.090797e-007 9.85178
-2.088797e-007 9.90046
-2.086797e-007 9.81069
-2.084797e-007 9.7185
-2.082797e-007 9.74302
-2.080797e-007 9.83659
-2.078797e-007 9.97711
-2.076797e-007 10.1014
-2.074797e-007 10.1176
-2.072797e-007 10.0282
-2.070797e-007 9.92981
-2.068797e-007 9.91807
-2.066797e-007 9.94707
-2.064797e-007 9.94707
-2.062797e-007 9.94707
-2.060797e-007 9.96986
-2.058797e-007 9.99955
-2.056797e-007 10.0234
-2.054797e-007 10.0652
-2.052797e-007 10.1263
-2.050797e-007 10.1439
-2.048797e-007 10.0855
-2.046797e-007 9.95156
-2.044797e-007 9.80724
-2.042797e-007 9.84798
-2.040797e-007 10.0524
-2.038797e-007 10.0924
-2.036797e-007 9.93499
-2.034797e-007 9.8832
-2.032797e-007 10.0223
-2.030797e-007 10.1387
-2.028797e-007 10.0503
-2.026797e-007 9.84004
-2.024797e-007 9.77064
-2.022797e-007 9.87491
-2.020797e-007 9.90771
-2.018797e-007 9.85696
-2.016797e-007 9.90702
-2.014797e-007 9.98781
-2.012797e-007 9.97366
-2.010797e-007 9.96296
-2.008797e-007 10.0217
-2.006797e-007 10.0562
-2.004797e-007 9.99196
-2.002797e-007 9.88251
-2.000797e-007 9.86939
-1.998797e-007 9.95709
-1.996797e-007 9.99955
-1.994797e-007 9.98194
-1.992797e-007 9.96296
-1.990797e-007 9.92083
-1.988797e-007 9.87974
-1.986797e-007 9.89114
-1.984797e-007 9.94155
-1.982797e-007 10.0299
-1.980797e-007 10.1076
-1.978797e-007 10.0931
-1.976797e-007 10.0517
-1.974797e-007 10.0451
-1.972797e-007 10.0358
-1.970797e-007 10.0662
-1.968797e-007 10.1674
-1.966797e-007 10.2236
-1.964797e-007 10.1525
-1.962797e-007 10.0127
-1.960797e-007 9.9046
-1.958797e-007 9.89425
-1.956797e-007 9.93637
-1.954797e-007 9.95156
-1.952797e-007 9.95191
-1.950797e-007 9.94776
-1.948797e-007 9.91393
-1.946797e-007 9.87111
-1.944797e-007 9.8794
-1.942797e-007 9.97331
-1.940797e-007 10.1104
-1.938797e-007 10.1781
-1.936797e-007 10.1328
-1.934797e-007 10.0969
-1.932797e-007 10.1359
-1.930797e-007 10.1611
-1.928797e-007 10.1435
-1.926797e-007 10.0966
-1.924797e-007 10.0006
-1.922797e-007 9.92912
-1.920797e-007 9.94914
-1.918797e-007 10.0006
-1.916797e-007 10.0527
-1.914797e-007 10.0631
-1.912797e-007 9.99507
-1.910797e-007 9.91496
-1.908797e-007 9.84694
-1.906797e-007 9.78514
-1.904797e-007 9.78583
-1.902797e-007 9.8718
-1.900797e-007 9.97573
-1.898797e-007 10.0565
-1.896797e-007 10.1477
-1.894797e-007 10.1964
-1.892797e-007 10.1283
-1.890797e-007 10.0462
-1.888797e-007 10.0658
-1.886797e-007 10.1114
-1.884797e-007 10.0738
-1.882797e-007 10.0013
-1.880797e-007 9.94776
-1.878797e-007 9.88907
-1.876797e-007 9.87491
-1.874797e-007 9.92256
-1.872797e-007 9.95329
-1.870797e-007 9.97849
-1.868797e-007 10.0324
-1.866797e-007 10.0752
-1.864797e-007 10.1042
-1.862797e-007 10.1
-1.860797e-007 10.0134
-1.858797e-007 9.95294
-1.856797e-007 10.04
-1.854797e-007 10.1328
-1.852797e-007 10.0986
-1.850797e-007 10.0665
-1.848797e-007 10.1473
-1.846797e-007 10.2185
-1.844797e-007 10.1691
-1.842797e-007 10.0848
-1.840797e-007 10.0545
-1.838797e-007 10.0403
-1.836797e-007 9.9892
-1.834797e-007 9.91047
-1.832797e-007 9.8466
-1.830797e-007 9.83003
-1.828797e-007 9.91047
-1.826797e-007 10.062
-1.824797e-007 10.1066
-1.822797e-007 9.99265
-1.820797e-007 9.88769
-1.818797e-007 9.89425
-1.816797e-007 9.98574
-1.814797e-007 10.0986
-1.812797e-007 10.1591
-1.810797e-007 10.1636
-1.808797e-007 10.1466
-1.806797e-007 10.0976
-1.804797e-007 10.0541
-1.802797e-007 10.0565
-1.800797e-007 10.0607
-1.798797e-007 10.0489
-1.796797e-007 10.0217
-1.794797e-007 9.96226
-1.792797e-007 9.90771
-1.790797e-007 9.90944
-1.788797e-007 9.96088
-1.786797e-007 10.0306
-1.784797e-007 10.0907
-1.782797e-007 10.0876
-1.780797e-007 10.0562
-1.778797e-007 10.1135
-1.776797e-007 10.1884
-1.774797e-007 10.1487
-1.772797e-007 10.0769
-1.770797e-007 10.0251
-1.768797e-007 9.94535
-1.766797e-007 9.9122
-1.764797e-007 9.97193
-1.762797e-007 10.0237
-1.760797e-007 10.0082
-1.758797e-007 9.94189
-1.756797e-007 9.8939
-1.754797e-007 9.93361
-1.752797e-007 9.99541
-1.750797e-007 10.0116
-1.748797e-007 9.9961
-1.746797e-007 9.93223
-1.744797e-007 9.90529
-1.742797e-007 9.99507
-1.740797e-007 10.0558
-1.738797e-007 10.0103
-1.736797e-007 9.98643
-1.734797e-007 10.0292
-1.732797e-007 10.0734
-1.730797e-007 10.1049
-1.728797e-007 10.1228
-1.726797e-007 10.0973
-1.724797e-007 10.0172
-1.722797e-007 9.87974
-1.720797e-007 9.78411
-1.718797e-007 9.86421
-1.716797e-007 9.96572
-1.714797e-007 9.90322
-1.712797e-007 9.84694
-1.710797e-007 9.91911
-1.708797e-007 9.95156
-1.706797e-007 9.90219
-1.704797e-007 9.8756
-1.702797e-007 9.89632
-1.700797e-007 9.95536
-1.698797e-007 10.0106
-1.696797e-007 10.0199
-1.694797e-007 9.99403
-1.692797e-007 9.97228
-1.690797e-007 10.0075
-1.688797e-007 10.0921
-1.686797e-007 10.1404
-1.684797e-007 10.1276
-1.682797e-007 10.119
-1.680797e-007 10.1007
-1.678797e-007 10.0534
-1.676797e-007 10.0545
-1.674797e-007 10.0603
-1.672797e-007 9.99507
-1.670797e-007 9.93775
-1.668797e-007 9.93084
-1.666797e-007 9.91462
-1.664797e-007 9.87698
-1.662797e-007 9.88078
-1.660797e-007 9.93879
-1.658797e-007 9.95639
-1.656797e-007 9.91945
-1.654797e-007 9.96779
-1.652797e-007 10.0855
-1.650797e-007 10.0859
-1.648797e-007 9.98989
-1.646797e-007 9.93844
-1.644797e-007 9.90115
-1.642797e-007 9.84936
-1.640797e-007 9.86524
-1.638797e-007 9.95398
-1.636797e-007 10.0099
-1.634797e-007 9.97573
-1.632797e-007 9.94604
-1.630797e-007 10.0375
-1.628797e-007 10.1877
-1.626797e-007 10.2381
-1.624797e-007 10.1491
-1.622797e-007 10.0614
-1.620797e-007 10.0759
-1.618797e-007 10.0883
-1.616797e-007 10.0627
-1.614797e-007 10.1042
-1.612797e-007 10.1718
-1.610797e-007 10.1684
-1.608797e-007 10.1332
-1.606797e-007 10.1352
-1.604797e-007 10.1594
-1.602797e-007 10.1335
-1.600797e-007 10.0721
-1.598797e-007 10.061
-1.596797e-007 10.0569
-1.594797e-007 10.003
-1.592797e-007 9.99645
-1.590797e-007 10.0465
-1.588797e-007 10.0206
-1.586797e-007 9.93879
-1.584797e-007 9.94327
-1.582797e-007 10.0503
-1.580797e-007 10.1594
-1.578797e-007 10.1801
-1.576797e-007 10.118
-1.574797e-007 10.0489
-1.572797e-007 9.98298
-1.570797e-007 9.96157
-1.568797e-007 10.0524
-1.566797e-007 10.1332
-1.564797e-007 10.0728
-1.562797e-007 9.92705
-1.560797e-007 9.81414
-1.558797e-007 9.81518
-1.556797e-007 9.88492
-1.554797e-007 9.9267
-1.552797e-007 9.98125
-1.550797e-007 10.0417
-1.548797e-007 9.96779
-1.546797e-007 9.81276
-1.544797e-007 9.79895
-1.542797e-007 9.90288
-1.540797e-007 9.94983
-1.538797e-007 9.98229
-1.536797e-007 10.0341
-1.534797e-007 10.0199
-1.532797e-007 9.98643
-1.530797e-007 9.9816
-1.528797e-007 10.0027
-1.526797e-007 10.0759
-1.524797e-007 10.1152
-1.522797e-007 10.0482
-1.520797e-007 9.99127
-1.518797e-007 10.0082
-1.516797e-007 10.0437
-1.514797e-007 10.0807
-1.512797e-007 10.081
-1.510797e-007 10.0362
-1.508797e-007 10.0217
-1.506797e-007 10.033
-1.504797e-007 10.0299
-1.502797e-007 10.0351
-1.500797e-007 10.06
-1.498797e-007 10.1104
-1.496797e-007 10.1625
-1.494797e-007 10.1518
-1.492797e-007 10.0765
-1.490797e-007 9.97953
-1.488797e-007 9.92946
-1.486797e-007 9.98885
-1.484797e-007 10.079
-1.482797e-007 10.0541
-1.480797e-007 9.94914
-1.478797e-007 9.90322
-1.476797e-007 9.89183
-1.474797e-007 9.9015
-1.472797e-007 10.0165
-1.470797e-007 10.1397
-1.468797e-007 10.1297
-1.466797e-007 10.0524
-1.464797e-007 10.0441
-1.462797e-007 10.1235
-1.460797e-007 10.1625
-1.458797e-007 10.0921
-1.456797e-007 10.0344
-1.454797e-007 10.0413
-1.452797e-007 10.0406
-1.450797e-007 10.0797
-1.448797e-007 10.1591
-1.446797e-007 10.1069
-1.444797e-007 9.96296
-1.442797e-007 9.92394
-1.440797e-007 9.98298
-1.438797e-007 10.0786
-1.436797e-007 10.1649
-1.434797e-007 10.1622
-1.432797e-007 10.0997
-1.430797e-007 10.0714
-1.428797e-007 10.062
-1.426797e-007 9.99127
-1.424797e-007 9.89252
-1.422797e-007 9.88423
-1.420797e-007 9.95847
-1.418797e-007 10.0496
-1.416797e-007 10.1408
-1.414797e-007 10.196
-1.412797e-007 10.1739
-1.410797e-007 10.0838
-1.408797e-007 9.99679
-1.406797e-007 9.96641
-1.404797e-007 9.95191
-1.402797e-007 9.95536
-1.400797e-007 10.0261
-1.398797e-007 10.0707
-1.396797e-007 10.0058
-1.394797e-007 9.94776
-1.392797e-007 9.9854
-1.390797e-007 10.0503
-1.388797e-007 10.0462
-1.386797e-007 9.93499
-1.384797e-007 9.79101
-1.382797e-007 9.79274
-1.380797e-007 9.97297
-1.378797e-007 10.1066
-1.376797e-007 10.0541
-1.374797e-007 9.93879
-1.372797e-007 9.90046
-1.370797e-007 9.98194
-1.368797e-007 10.1187
-1.366797e-007 10.1567
-1.364797e-007 10.0355
-1.362797e-007 9.84211
-1.360797e-007 9.7337
-1.358797e-007 9.80655
-1.356797e-007 9.95225
-1.354797e-007 10.0272
-1.352797e-007 10.0458
-1.350797e-007 10.0403
-1.348797e-007 10.0451
-1.346797e-007 10.06
-1.344797e-007 9.95432
-1.342797e-007 9.81449
-1.340797e-007 9.88147
-1.338797e-007 10.0175
-1.336797e-007 10.0141
-1.334797e-007 9.98712
-1.332797e-007 10.0051
-1.330797e-007 9.99955
-1.328797e-007 10.0009
-1.326797e-007 10.0147
-1.324797e-007 9.98643
-1.322797e-007 9.97124
-1.320797e-007 10.0206
-1.318797e-007 10.0531
-1.316797e-007 10.0023
-1.314797e-007 9.90909
-1.312797e-007 9.88561
-1.310797e-007 9.95329
-1.308797e-007 10.0044
-1.306797e-007 10.0507
-1.304797e-007 10.1705
-1.302797e-007 10.2948
-1.300797e-007 10.3172
-1.298797e-007 10.2074
-1.296797e-007 10.0558
-1.294797e-007 10.0444
-1.292797e-007 10.1684
-1.290797e-007 10.1998
-1.288797e-007 10.0779
-1.286797e-007 9.98436
-1.284797e-007 10.0196
-1.282797e-007 10.0838
-1.280797e-007 10.0683
-1.278797e-007 9.97504
-1.276797e-007 9.87422
-1.274797e-007 9.89494
-1.272797e-007 10.012
-1.270797e-007 10.0092
-1.268797e-007 9.92221
-1.266797e-007 9.90806
-1.264797e-007 9.91289
-1.262797e-007 9.94983
-1.260797e-007 10.0258
-1.258797e-007 10.0168
-1.256797e-007 9.99817
-1.254797e-007 10.0738
-1.252797e-007 10.0955
-1.250797e-007 9.99852
-1.248797e-007 9.9595
-1.246797e-007 10.0582
-1.244797e-007 10.1473
-1.242797e-007 10.0862
-1.240797e-007 9.93775
-1.238797e-007 9.91151
-1.236797e-007 10.031
-1.234797e-007 10.099
-1.232797e-007 10.0669
-1.230797e-007 10.0134
-1.228797e-007 9.98678
-1.226797e-007 10.0179
-1.224797e-007 10.0365
-1.222797e-007 9.98712
-1.220797e-007 9.93154
-1.218797e-007 9.89839
-1.216797e-007 9.88354
-1.214797e-007 9.91082
-1.212797e-007 9.94638
-1.210797e-007 9.94811
-1.208797e-007 9.95847
-1.206797e-007 9.99541
-1.204797e-007 10.0044
-1.202797e-007 9.97262
-1.200797e-007 9.9595
-1.198797e-007 9.9778
-1.196797e-007 9.97677
-1.194797e-007 9.95847
-1.192797e-007 9.95294
-1.190797e-007 9.95778
-1.188797e-007 9.93913
-1.186797e-007 9.9198
-1.184797e-007 9.99645
-1.182797e-007 10.1166
-1.180797e-007 10.1297
-1.178797e-007 10.071
-1.176797e-007 10.0714
-1.174797e-007 10.1373
-1.172797e-007 10.1794
-1.170797e-007 10.1159
-1.168797e-007 9.97124
-1.166797e-007 9.90253
-1.164797e-007 9.99472
-1.162797e-007 10.1342
-1.160797e-007 10.1577
-1.158797e-007 10.0413
-1.156797e-007 9.89908
-1.154797e-007 9.86006
-1.152797e-007 9.92774
-1.150797e-007 9.99334
-1.148797e-007 10.023
-1.146797e-007 10.0441
-1.144797e-007 10.0755
-1.142797e-007 10.1014
-1.140797e-007 10.0341
-1.138797e-007 9.91496
-1.136797e-007 9.93223
-1.134797e-007 10.0665
-1.132797e-007 10.1466
-1.130797e-007 10.1256
-1.128797e-007 10.05
-1.126797e-007 10.0123
-1.124797e-007 10.0586
-1.122797e-007 10.0862
-1.120797e-007 10.0337
-1.118797e-007 9.99645
-1.116797e-007 10.0034
-1.114797e-007 9.97435
-1.112797e-007 9.93844
-1.110797e-007 9.96986
-1.108797e-007 10.0144
-1.106797e-007 10.0175
-1.104797e-007 9.98125
-1.102797e-007 9.92567
-1.100797e-007 9.9305
-1.098797e-007 10.0275
-1.096797e-007 10.0904
-1.094797e-007 10.0441
-1.092797e-007 9.95363
-1.090797e-007 9.8977
-1.088797e-007 9.93188
-1.086797e-007 9.98264
-1.084797e-007 9.97538
-1.082797e-007 9.96606
-1.080797e-007 9.96744
-1.078797e-007 9.94914
-1.076797e-007 9.90944
-1.074797e-007 9.86939
-1.072797e-007 9.86973
-1.070797e-007 9.93741
-1.068797e-007 10.0358
-1.066797e-007 10.0779
-1.064797e-007 10.0586
-1.062797e-007 10.0071
-1.060797e-007 9.91047
-1.058797e-007 9.83003
-1.056797e-007 9.86835
-1.054797e-007 10.0168
-1.052797e-007 10.1497
-1.050797e-007 10.1539
-1.048797e-007 10.0676
-1.046797e-007 10.0082
-1.044797e-007 9.98643
-1.042797e-007 9.98678
-1.040797e-007 10.0151
-1.038797e-007 9.99092
-1.036797e-007 9.88527
-1.034797e-007 9.83659
-1.032797e-007 9.90115
-1.030797e-007 9.92705
-1.028797e-007 9.91082
-1.026797e-007 9.99576
-1.024797e-007 10.0759
-1.022797e-007 10.05
-1.020797e-007 10.0582
-1.018797e-007 10.0841
-1.016797e-007 9.99092
-1.014797e-007 9.86248
-1.012797e-007 9.88527
-1.010797e-007 10.0572
-1.008797e-007 10.1259
-1.006797e-007 9.98954
-1.004797e-007 9.8573
-1.002797e-007 9.83106
-1.000797e-007 9.85489
-9.987975e-008 9.8901
-9.967975e-008 9.87111
-9.947975e-008 9.78687
-9.927975e-008 9.7551
-9.907975e-008 9.8504
-9.887975e-008 9.96882
-9.867975e-008 10.0065
-9.847975e-008 10.0013
-9.827975e-008 10.0223
-9.807975e-008 10.0869
-9.787975e-008 10.167
-9.767975e-008 10.2371
-9.747975e-008 10.2454
-9.727975e-008 10.1377
-9.707975e-008 10.002
-9.687975e-008 9.97262
-9.667975e-008 9.99748
-9.647975e-008 9.92532
-9.627975e-008 9.82485
-9.607975e-008 9.88251
-9.587975e-008 10.0244
-9.567975e-008 10.0596
-9.547975e-008 10.0223
-9.527975e-008 10.0116
-9.507975e-008 9.99023
-9.487975e-008 9.94189
-9.467975e-008 9.95432
-9.447975e-008 10.0413
-9.427975e-008 10.0976
-9.407975e-008 10.0859
-9.387975e-008 10.1076
-9.367975e-008 10.1542
-9.347975e-008 10.0745
-9.327975e-008 9.93257
-9.307975e-008 9.91427
-9.287975e-008 10.0223
-9.267975e-008 10.1056
-9.247975e-008 10.0289
-9.227975e-008 9.87733
-9.207975e-008 9.81207
-9.187975e-008 9.80966
-9.167975e-008 9.79481
-9.147975e-008 9.82139
-9.127975e-008 9.9557
-9.107975e-008 10.1121
-9.087975e-008 10.1504
-9.067975e-008 10.0676
-9.047975e-008 9.99714
-9.027975e-008 10.0044
-9.007975e-008 10.0189
-8.987975e-008 9.99714
-8.967975e-008 9.93015
-8.947975e-008 9.839
-8.927975e-008 9.84211
-8.907975e-008 9.97262
-8.887975e-008 10.0679
-8.867975e-008 10.0645
-8.847975e-008 10.0762
-8.827975e-008 10.1066
-8.807975e-008 10.0579
-8.787975e-008 9.96503
-8.767975e-008 9.95156
-8.747975e-008 10.0448
-8.727975e-008 10.1335
-8.707975e-008 10.108
-8.687975e-008 10.0261
-8.667975e-008 10.0317
-8.647975e-008 10.1173
-8.627975e-008 10.1422
-8.607975e-008 10.0652
-8.587975e-008 9.99955
-8.567975e-008 10.0603
-8.547975e-008 10.2119
-8.527975e-008 10.2509
-8.507975e-008 10.1128
-8.487975e-008 10.023
-8.467975e-008 10.0655
-8.447975e-008 10.0755
-8.427975e-008 10.05
-8.407975e-008 10.1042
-8.387975e-008 10.1542
-8.367975e-008 10.0638
-8.347975e-008 9.89597
-8.327975e-008 9.81829
-8.307975e-008 9.88216
-8.287975e-008 9.93844
-8.267975e-008 9.91013
-8.247975e-008 9.94742
-8.227975e-008 10.0486
-8.207975e-008 10.0582
-8.187975e-008 10.0147
-8.167975e-008 10.0324
-8.147975e-008 10.0873
-8.127975e-008 10.0876
-8.107975e-008 10.0248
-8.087975e-008 10.0044
-8.067975e-008 10.0424
-8.047975e-008 9.99541
-8.027975e-008 9.87733
-8.007975e-008 9.88769
-7.987975e-008 10.0199
-7.967975e-008 10.0911
-7.947975e-008 10.0455
-7.927975e-008 9.94293
-7.907975e-008 9.86076
-7.887975e-008 9.8794
-7.867975e-008 9.98885
-7.847975e-008 10.05
-7.827975e-008 9.98816
-7.807975e-008 9.92601
-7.787975e-008 9.98367
-7.767975e-008 10.0786
-7.747975e-008 10.0776
-7.727975e-008 10.0227
-7.707975e-008 10.04
-7.687975e-008 10.0769
-7.667975e-008 9.99437
-7.647975e-008 9.88734
-7.627975e-008 9.91427
-7.607975e-008 10.0037
-7.587975e-008 10.0213
-7.567975e-008 9.96296
-7.547975e-008 9.89563
-7.527975e-008 9.87249
-7.507975e-008 9.89804
-7.487975e-008 9.93499
-7.467975e-008 9.97021
-7.447975e-008 10.0244
-7.427975e-008 10.0641
-7.407975e-008 9.98298
-7.387975e-008 9.83313
-7.367975e-008 9.85558
-7.347975e-008 10.0465
-7.327975e-008 10.1428
-7.307975e-008 10.0966
-7.287975e-008 10.0513
-7.267975e-008 10.023
-7.247975e-008 9.974
-7.227975e-008 9.95467
-7.207975e-008 9.97608
-7.187975e-008 9.9999
-7.167975e-008 10.0213
-7.147975e-008 9.98816
-7.127975e-008 9.90426
-7.107975e-008 9.86628
-7.087975e-008 9.86076
-7.067975e-008 9.87008
-7.047975e-008 9.93948
-7.027975e-008 9.9709
-7.007975e-008 9.90219
-6.987975e-008 9.90184
-6.967975e-008 10.004
-6.947975e-008 10.0593
-6.927975e-008 10.041
-6.907975e-008 10.0068
-6.887975e-008 10.0144
-6.867975e-008 10.0507
-6.847975e-008 10.0268
-6.827975e-008 9.99437
-6.807975e-008 10.0368
-6.787975e-008 10.0517
-6.767975e-008 9.97469
-6.747975e-008 9.85696
-6.727975e-008 9.74647
-6.707975e-008 9.73818
-6.687975e-008 9.86973
-6.667975e-008 10.0458
-6.647975e-008 10.1563
-6.627975e-008 10.1674
-6.607975e-008 10.1145
-6.587975e-008 10.0413
-6.567975e-008 10.0358
-6.547975e-008 10.1352
-6.527975e-008 10.2129
-6.507975e-008 10.214
-6.487975e-008 10.1895
-6.467975e-008 10.1611
-6.447975e-008 10.1494
-6.427975e-008 10.1332
-6.407975e-008 10.1308
-6.387975e-008 10.1791
-6.367975e-008 10.1853
-6.347975e-008 10.1045
-6.327975e-008 10.032
-6.307975e-008 9.99334
-6.287975e-008 9.91634
-6.267975e-008 9.84694
-6.247975e-008 9.85005
-6.227975e-008 9.86283
-6.207975e-008 9.89666
-6.187975e-008 9.98022
-6.167975e-008 10.0517
-6.147975e-008 10.0904
-6.127975e-008 10.1024
-6.107975e-008 10.1056
-6.087975e-008 10.0817
-6.067975e-008 9.97469
-6.047975e-008 9.88078
-6.027975e-008 9.91945
-6.007975e-008 9.99645
-5.987975e-008 10.0058
-5.967975e-008 9.98229
-5.947975e-008 9.95122
-5.927975e-008 9.93879
-5.907975e-008 9.9557
-5.887975e-008 9.92152
-5.867975e-008 9.84867
-5.847975e-008 9.85834
-5.827975e-008 9.9198
-5.807975e-008 9.89148
-5.787975e-008 9.80517
-5.767975e-008 9.78756
-5.747975e-008 9.85558
-5.727975e-008 9.98091
-5.707975e-008 10.0752
-5.687975e-008 10.0534
-5.667975e-008 10.0154
-5.647975e-008 10.0462
-5.627975e-008 10.07
-5.607975e-008 10.0765
-5.587975e-008 10.1149
-5.567975e-008 10.1263
-5.547975e-008 10.0731
-5.527975e-008 9.99714
-5.507975e-008 9.92532
-5.487975e-008 9.89356
-5.467975e-008 9.89563
-5.447975e-008 9.92739
-5.427975e-008 10.0237
-5.407975e-008 10.1
-5.387975e-008 10.0814
-5.367975e-008 10.0503
-5.347975e-008 10.0703
-5.327975e-008 10.11
-5.307975e-008 10.1591
-5.287975e-008 10.2057
-5.267975e-008 10.1836
-5.247975e-008 10.0731
-5.227975e-008 9.91358
-5.207975e-008 9.79999
-5.187975e-008 9.82623
-5.167975e-008 9.89356
-5.147975e-008 9.89252
-5.127975e-008 9.92325
-5.107975e-008 10.0234
-5.087975e-008 10.0469
-5.067975e-008 9.94293
-5.047975e-008 9.86904
-5.027975e-008 9.94776
-5.007975e-008 10.1076
-4.987975e-008 10.1863
-4.967975e-008 10.1359
-4.947975e-008 10.062
-4.927975e-008 10.003
-4.907975e-008 9.92049
-4.887975e-008 9.86766
-4.867975e-008 9.91013
-4.847975e-008 9.97435
-4.827975e-008 9.97918
-4.807975e-008 10.0244
-4.787975e-008 10.1494
-4.767975e-008 10.1653
-4.747975e-008 9.98505
-4.727975e-008 9.82278
-4.707975e-008 9.84384
-4.687975e-008 9.9046
-4.667975e-008 9.87974
-4.647975e-008 9.89356
-4.627975e-008 10.0289
-4.607975e-008 10.1573
-4.587975e-008 10.1529
-4.567975e-008 10.0652
-4.547975e-008 10.0296
-4.527975e-008 10.0493
-4.507975e-008 10.0227
-4.487975e-008 9.98333
-4.467975e-008 10.0127
-4.447975e-008 10.0254
-4.427975e-008 9.98505
-4.407975e-008 10.0109
-4.387975e-008 10.0462
-4.367975e-008 10.0037
-4.347975e-008 10.0099
-4.327975e-008 10.0724
-4.307975e-008 10.0793
-4.287975e-008 10.0265
-4.267975e-008 9.94224
-4.247975e-008 9.89977
-4.227975e-008 9.96882
-4.207975e-008 10.0161
-4.187975e-008 9.92981
-4.167975e-008 9.85212
-4.147975e-008 9.88009
-4.127975e-008 9.95916
-4.107975e-008 10.0607
-4.087975e-008 10.1335
-4.067975e-008 10.1349
-4.047975e-008 10.1232
-4.027975e-008 10.099
-4.007975e-008 10.0624
-3.987975e-008 10.1128
-3.967975e-008 10.1535
-3.947975e-008 10.0282
-3.927975e-008 9.90599
-3.907975e-008 9.92187
-3.887975e-008 9.93499
-3.867975e-008 9.89735
-3.847975e-008 9.90184
-3.827975e-008 9.97193
-3.807975e-008 10.0479
-3.787975e-008 10.0596
-3.767975e-008 10.0165
-3.747975e-008 9.98885
-3.727975e-008 10.0172
-3.707975e-008 10.0793
-3.687975e-008 10.1004
-3.667975e-008 10.0313
-3.647975e-008 9.90391
-3.627975e-008 9.85281
-3.607975e-008 9.93395
-3.587975e-008 9.97677
-3.567975e-008 9.9381
-3.547975e-008 9.9557
-3.527975e-008 9.99886
-3.507975e-008 9.98436
-3.487975e-008 9.94224
-3.467975e-008 9.94535
-3.447975e-008 10.0268
-3.427975e-008 10.0634
-3.407975e-008 9.98091
-3.387975e-008 9.93084
-3.367975e-008 9.96641
-3.347975e-008 10.0165
-3.327975e-008 10.0845
-3.307975e-008 10.1235
-3.287975e-008 10.0703
-3.267975e-008 10.0071
-3.247975e-008 10.0058
-3.227975e-008 10.0051
-3.207975e-008 9.97055
-3.187975e-008 9.95881
-3.167975e-008 9.9999
-3.147975e-008 10.061
-3.127975e-008 10.0886
-3.107975e-008 10.0334
-3.087975e-008 9.94086
-3.067975e-008 9.90806
-3.047975e-008 9.93948
-3.027975e-008 10.0358
-3.007975e-008 10.1439
-2.987975e-008 10.1252
-2.967975e-008 10.05
-2.947975e-008 10.0665
-2.927975e-008 10.0886
-2.907975e-008 10.0765
-2.887975e-008 10.1304
-2.867975e-008 10.1542
-2.847975e-008 10.0334
-2.827975e-008 9.89735
-2.807975e-008 9.88423
-2.787975e-008 9.95812
-2.767975e-008 10.0061
-2.747975e-008 10.0061
-2.727975e-008 10.002
-2.707975e-008 9.94742
-2.687975e-008 9.88665
-2.667975e-008 9.96157
-2.647975e-008 10.0841
-2.627975e-008 10.0755
-2.607975e-008 9.96468
-2.587975e-008 9.90081
-2.567975e-008 9.94086
-2.547975e-008 9.9961
-2.527975e-008 9.94397
-2.507975e-008 9.80896
-2.487975e-008 9.77202
-2.467975e-008 9.88354
-2.447975e-008 9.99645
-2.427975e-008 10.0265
-2.407975e-008 9.99921
-2.387975e-008 9.94949
-2.367975e-008 9.88907
-2.347975e-008 9.84142
-2.327975e-008 9.85661
-2.307975e-008 9.88803
-2.287975e-008 9.88113
-2.267975e-008 9.88941
-2.247975e-008 9.90668
-2.227975e-008 9.92049
-2.207975e-008 9.97366
-2.187975e-008 10.0092
-2.167975e-008 9.99196
-2.147975e-008 9.9961
-2.127975e-008 10.0272
-2.107975e-008 10.0248
-2.087975e-008 10.0344
-2.067975e-008 10.0835
-2.047975e-008 10.0641
-2.027975e-008 9.98505
-2.007975e-008 9.97746
-1.987975e-008 10.0358
-1.967975e-008 10.0451
-1.947975e-008 9.97262
-1.927975e-008 9.90219
-1.907975e-008 9.91565
-1.887975e-008 9.97608
-1.867975e-008 9.96813
-1.847975e-008 9.91116
-1.827975e-008 9.92877
-1.807975e-008 9.98851
-1.787975e-008 10.0116
-1.767975e-008 10.042
-1.747975e-008 10.0786
-1.727975e-008 10.0917
-1.707975e-008 10.1059
-1.687975e-008 10.0962
-1.667975e-008 10.0662
-1.647975e-008 10.0817
-1.627975e-008 10.1415
-1.607975e-008 10.1881
-1.587975e-008 10.1722
-1.567975e-008 10.0859
-1.547975e-008 10.0199
-1.527975e-008 10.0389
-1.507975e-008 10.0341
-1.487975e-008 9.96882
-1.467975e-008 9.98125
-1.447975e-008 10.0855
-1.427975e-008 10.1477
-1.407975e-008 10.1097
-1.387975e-008 10.0555
-1.367975e-008 10.0634
-1.347975e-008 10.0959
-1.327975e-008 10.0914
-1.307975e-008 10.0565
-1.287975e-008 10.0254
-1.267975e-008 10.0054
-1.247975e-008 10.0196
-1.227975e-008 10.0527
-1.207975e-008 10.0037
-1.187975e-008 9.89873
-1.167975e-008 9.88147
-1.147975e-008 9.945
-1.127975e-008 9.99161
-1.107975e-008 9.99472
-1.087975e-008 9.92636
-1.067975e-008 9.80517
-1.047975e-008 9.7772
-1.027975e-008 9.84246
-1.007975e-008 9.86041
-9.879747e-009 9.89632
-9.679747e-009 9.99161
-9.479747e-009 10.012
-9.279747e-009 9.9854
-9.079747e-009 10.0265
-8.879747e-009 10.0835
-8.679747e-009 10.0876
-8.479747e-009 10.0803
-8.279747e-009 10.1
-8.079747e-009 10.1204
-7.879747e-009 10.0765
-7.679747e-009 9.9999
-7.479747e-009 9.97918
-7.279747e-009 9.96606
-7.079747e-009 9.94466
-6.879747e-009 9.974
-6.679747e-009 9.99161
-6.479747e-009 9.94258
-6.279747e-009 9.94224
-6.079747e-009 9.99299
-5.879747e-009 9.92221
-5.679747e-009 9.8245
-5.479747e-009 9.86179
-5.279747e-009 9.89701
-5.079747e-009 9.87077
-4.879747e-009 9.9046
-4.679747e-009 10.0034
-4.479747e-009 10.0462
-4.279747e-009 9.96054
-4.079747e-009 9.85316
-3.879747e-009 9.88113
-3.679747e-009 9.99265
-3.479747e-009 10.0286
-3.279747e-009 9.96848
-3.079747e-009 9.88354
-2.879747e-009 9.85558
-2.679747e-009 9.96226
-2.479747e-009 10.1045
-2.279747e-009 10.1142
-2.079747e-009 10.0469
-1.879747e-009 9.94845
-1.679747e-009 9.67776
-1.479747e-009 9.13776
-1.279747e-009 8.2511
-1.079747e-009 7.00951
-8.79747e-010 5.66503
-6.79747e-010 4.44726
-4.79747e-010 3.4408
-2.79747e-010 2.71953
-7.974699e-011 2.25307
1.20253e-010 1.98445
3.20253e-010 1.82045
5.20253e-010 1.60707
7.20253e-010 1.42062
9.20253e-010 1.39611
1.120253e-009 1.41613
1.320253e-009 1.37125
1.520253e-009 1.33707
1.720253e-009 1.364
1.920253e-009 1.39507
2.120253e-009 1.37332
2.320253e-009 1.32257
2.520253e-009 1.34639
2.720253e-009 1.39473
2.920253e-009 1.30254
3.120253e-009 1.19965
3.320253e-009 1.24246
3.520253e-009 1.28113
3.720253e-009 1.24281
3.920253e-009 1.22762
4.120253e-009 1.24868
4.320253e-009 1.24937
4.520253e-009 1.21968
4.720253e-009 1.20966
4.920253e-009 1.22831
5.120253e-009 1.20448
5.320253e-009 1.15649
5.520253e-009 1.1817
5.720253e-009 1.21829
5.920253e-009 1.16547
6.120253e-009 1.11299
6.320253e-009 1.14786
6.520253e-009 1.23211
6.720253e-009 1.34466
6.920253e-009 1.44134
7.120253e-009 1.4037
7.320253e-009 1.30461
7.520253e-009 1.3091
7.720253e-009 1.3236
7.920253e-009 1.26939
8.120253e-009 1.26732
8.320253e-009 1.31946
8.520253e-009 1.32567
8.720253e-009 1.24315
8.920253e-009 1.08329
9.120253e-009 1.00388
9.320253e-009 1.1192
9.520253e-009 1.28113
9.720253e-009 1.36883
9.920253e-009 1.41993
1.012025e-008 1.43271
1.032025e-008 1.39956
1.052025e-008 1.35226
1.072025e-008 1.28321
1.092025e-008 1.19896
1.112025e-008 1.17168
1.132025e-008 1.22347
1.152025e-008 1.29218
1.172025e-008 1.35088
1.192025e-008 1.34777
1.212025e-008 1.22934
1.232025e-008 1.11506
1.252025e-008 1.12956
1.272025e-008 1.18342
1.292025e-008 1.17134
1.312025e-008 1.18066
1.332025e-008 1.26629
1.352025e-008 1.31393
1.372025e-008 1.26663
1.392025e-008 1.21381
1.412025e-008 1.2473
1.432025e-008 1.32015
1.452025e-008 1.32049
1.472025e-008 1.27319
1.492025e-008 1.25904
1.512025e-008 1.23867
1.532025e-008 1.19171
1.552025e-008 1.16063
1.572025e-008 1.11195
1.592025e-008 1.07225
1.612025e-008 1.12991
1.632025e-008 1.21726
1.652025e-008 1.2359
1.672025e-008 1.19067
1.692025e-008 1.12714
1.712025e-008 1.08985
1.732025e-008 1.04393
1.752025e-008 0.963485
1.772025e-008 0.929303
1.792025e-008 0.989035
1.812025e-008 1.08502
1.832025e-008 1.13888
1.852025e-008 1.14613
1.872025e-008 1.16478
1.892025e-008 1.18135
1.912025e-008 1.11506
1.932025e-008 1.01044
1.952025e-008 0.987999
1.972025e-008 1.01631
1.992025e-008 0.998012
2.012025e-008 0.948293
2.032025e-008 0.93828
2.052025e-008 0.996286
2.072025e-008 1.07294
2.092025e-008 1.05602
2.112025e-008 0.936899
2.132025e-008 0.893395
2.152025e-008 1.01942
2.172025e-008 1.17306
2.192025e-008 1.16788
2.212025e-008 1.01597
2.232025e-008 0.926886
2.252025e-008 1.01666
2.272025e-008 1.15166
2.292025e-008 1.15166
2.312025e-008 1.07259
2.332025e-008 1.10436
2.352025e-008 1.24212
2.372025e-008 1.29771
2.392025e-008 1.20207
2.412025e-008 1.09849
2.432025e-008 1.07777
2.452025e-008 1.05049
2.472025e-008 0.958306
2.492025e-008 0.903063
2.512025e-008 0.949329
2.532025e-008 1.02632
2.552025e-008 1.11022
2.572025e-008 1.22209
2.592025e-008 1.26491
2.612025e-008 1.14372
2.632025e-008 0.991452
2.652025e-008 0.962794
2.672025e-008 0.993523
2.692025e-008 0.999048
2.712025e-008 0.977641
2.732025e-008 0.947602
2.752025e-008 0.955889
2.772025e-008 1.00181
2.792025e-008 1.00285
2.812025e-008 0.953817
2.832025e-008 0.927231
2.852025e-008 0.979713
2.872025e-008 1.08226
2.892025e-008 1.0978
2.912025e-008 1.04531
2.932025e-008 1.06879
2.952025e-008 1.13992
2.972025e-008 1.17617
2.992025e-008 1.15269
3.012025e-008 1.07881
3.032025e-008 1.03047
3.052025e-008 1.05084
3.072025e-008 1.08398
3.092025e-008 1.0757
3.112025e-008 1.00664
3.132025e-008 0.943459
3.152025e-008 0.979022
3.172025e-008 1.04497
3.192025e-008 1.07466
3.212025e-008 1.08364
3.232025e-008 1.03461
3.252025e-008 0.971771
3.272025e-008 1.01182
3.292025e-008 1.10159
3.312025e-008 1.11575
3.332025e-008 1.07846
3.352025e-008 1.05222
3.372025e-008 1.03565
3.392025e-008 1.02701
3.412025e-008 1.04048
3.432025e-008 1.09123
3.452025e-008 1.15822
3.472025e-008 1.18515
3.492025e-008 1.17134
3.512025e-008 1.15925
3.532025e-008 1.13888
3.552025e-008 1.05947
3.572025e-008 0.973843
3.592025e-008 0.983165
3.612025e-008 1.01528
3.632025e-008 0.987309
3.652025e-008 0.966592
3.672025e-008 0.981439
3.692025e-008 1.00423
3.712025e-008 0.994904
3.732025e-008 0.9186
3.752025e-008 0.885454
3.772025e-008 0.966938
3.792025e-008 1.00457
3.812025e-008 0.954163
3.832025e-008 0.969354
3.852025e-008 1.05947
3.872025e-008 1.10539
3.892025e-008 1.07777
3.912025e-008 1.00008
3.932025e-008 0.929994
3.952025e-008 0.966247
3.972025e-008 1.07811
3.992025e-008 1.14475
4.012025e-008 1.10643
4.032025e-008 1.02874
4.052025e-008 1.03979
4.072025e-008 1.09262
4.092025e-008 1.0498
4.112025e-008 0.961759
4.132025e-008 0.992142
4.152025e-008 1.14233
4.172025e-008 1.23487
4.192025e-008 1.21312
4.212025e-008 1.15476
4.232025e-008 1.04739
4.252025e-008 0.932756
4.272025e-008 0.974188
4.292025e-008 1.14682
4.312025e-008 1.23107
4.332025e-008 1.14441
4.352025e-008 1.02356
4.372025e-008 0.994214
4.392025e-008 1.01458
4.412025e-008 1.01735
4.432025e-008 1.03185
4.452025e-008 1.06914
4.472025e-008 1.07708
4.492025e-008 1.05567
4.512025e-008 1.06845
4.532025e-008 1.09193
4.552025e-008 1.06189
4.572025e-008 1.03254
4.592025e-008 1.06672
4.612025e-008 1.13198
4.632025e-008 1.17375
4.652025e-008 1.16547
4.672025e-008 1.13854
4.692025e-008 1.14441
4.712025e-008 1.15615
4.732025e-008 1.13543
4.752025e-008 1.09123
4.772025e-008 1.05153
4.792025e-008 1.06396
4.812025e-008 1.11402
4.832025e-008 1.14751
4.852025e-008 1.14095
4.872025e-008 1.07363
4.892025e-008 1.0101
4.912025e-008 1.05636
4.932025e-008 1.12576
4.952025e-008 1.07673
4.972025e-008 1.00285
4.992025e-008 1.00837
5.012025e-008 1.00319
5.032025e-008 0.985927
5.052025e-008 1.05843
5.072025e-008 1.14406
5.092025e-008 1.11402
5.112025e-008 1.03116
5.132025e-008 1.01597
5.152025e-008 1.07294
5.172025e-008 1.10643
5.192025e-008 1.06396
5.212025e-008 1.0063
5.232025e-008 1.01355
5.252025e-008 1.1123
5.272025e-008 1.18549
5.292025e-008 1.13129
5.312025e-008 1.05636
5.332025e-008 1.05256
5.352025e-008 1.05498
5.372025e-008 0.98938
5.392025e-008 0.922052
5.412025e-008 0.966592
5.432025e-008 1.06983
5.452025e-008 1.10884
5.472025e-008 1.10781
5.492025e-008 1.11851
5.512025e-008 1.08019
5.532025e-008 1.03012
5.552025e-008 1.06016
5.572025e-008 1.08744
5.592025e-008 1.05153
5.612025e-008 1.00837
5.632025e-008 0.985582
5.652025e-008 0.97039
5.672025e-008 0.961413
5.692025e-008 1.00664
5.712025e-008 1.10125
5.732025e-008 1.13923
5.752025e-008 1.10815
5.772025e-008 1.0978
5.792025e-008 1.11748
5.812025e-008 1.12714
5.832025e-008 1.1337
5.852025e-008 1.17686
5.872025e-008 1.22244
5.892025e-008 1.16788
5.912025e-008 1.0467
5.932025e-008 1.00423
5.952025e-008 1.03219
5.972025e-008 1.0315
5.992025e-008 1.05256
6.012025e-008 1.1482
6.032025e-008 1.19551
6.052025e-008 1.10125
6.072025e-008 0.999738
6.092025e-008 1.00077
6.112025e-008 1.02425
6.132025e-008 1.08295
6.152025e-008 1.20414
6.172025e-008 1.2252
6.192025e-008 1.10297
6.212025e-008 1.0132
6.232025e-008 1.06016
6.252025e-008 1.15994
6.272025e-008 1.1634
6.292025e-008 1.04255
6.312025e-008 0.958996
6.332025e-008 1.02874
6.352025e-008 1.10125
6.372025e-008 1.05464
6.392025e-008 1.05774
6.412025e-008 1.18757
6.432025e-008 1.24039
6.452025e-008 1.15718
6.472025e-008 1.08053
6.492025e-008 1.05326
6.512025e-008 1.03634
6.532025e-008 1.02736
6.552025e-008 1.04013
6.572025e-008 1.06914
6.592025e-008 1.07432
6.612025e-008 1.05498
6.632025e-008 1.08019
6.652025e-008 1.15062
6.672025e-008 1.18687
6.692025e-008 1.18549
6.712025e-008 1.1848
6.732025e-008 1.16443
6.752025e-008 1.11402
6.772025e-008 1.08226
6.792025e-008 1.13267
6.812025e-008 1.22555
6.832025e-008 1.21622
6.852025e-008 1.1047
6.872025e-008 1.03944
6.892025e-008 1.0574
6.912025e-008 1.07294
6.932025e-008 1.08053
6.952025e-008 1.14372
6.972025e-008 1.19585
6.992025e-008 1.16927
7.012025e-008 1.12127
7.032025e-008 1.07259
7.052025e-008 1.01769
7.072025e-008 0.982475
7.092025e-008 1.03219
7.112025e-008 1.18031
7.132025e-008 1.25593
7.152025e-008 1.14233
7.172025e-008 0.993178
7.192025e-008 1.02909
7.212025e-008 1.22313
7.232025e-008 1.29391
7.252025e-008 1.11817
7.272025e-008 0.939316
7.292025e-008 0.965902
7.312025e-008 1.07846
7.332025e-008 1.13439
7.352025e-008 1.16823
7.372025e-008 1.1848
7.392025e-008 1.15822
7.412025e-008 1.16581
7.432025e-008 1.22244
7.452025e-008 1.22727
7.472025e-008 1.17583
7.492025e-008 1.12542
7.512025e-008 1.08329
7.532025e-008 1.06361
7.552025e-008 1.05982
7.572025e-008 1.0643
7.592025e-008 1.07742
7.612025e-008 1.03668
7.632025e-008 0.985237
7.652025e-008 1.03737
7.672025e-008 1.12714
7.692025e-008 1.1596
7.712025e-008 1.17237
7.732025e-008 1.20034
7.752025e-008 1.20656
7.772025e-008 1.18791
7.792025e-008 1.17997
7.812025e-008 1.16271
7.832025e-008 1.15891
7.852025e-008 1.229
7.872025e-008 1.29771
7.892025e-008 1.26318
7.912025e-008 1.152
7.932025e-008 1.07397
7.952025e-008 1.0971
7.972025e-008 1.16305
7.992025e-008 1.19654
8.012025e-008 1.17375
8.032025e-008 1.0795
8.052025e-008 1.01286
8.072025e-008 1.05602
8.092025e-008 1.09227
8.112025e-008 1.06499
8.132025e-008 1.05464
8.152025e-008 1.09503
8.172025e-008 1.18826
8.192025e-008 1.28182
8.212025e-008 1.27043
8.232025e-008 1.21346
8.252025e-008 1.23383
8.272025e-008 1.22831
8.292025e-008 1.1192
8.312025e-008 1.05118
8.332025e-008 1.08951
8.352025e-008 1.13474
8.372025e-008 1.13439
8.392025e-008 1.14061
8.412025e-008 1.21001
8.432025e-008 1.25317
8.452025e-008 1.1451
8.472025e-008 0.984892
8.492025e-008 0.948638
8.512025e-008 1.01286
8.532025e-008 1.06499
8.552025e-008 1.08019
8.572025e-008 1.03599
8.592025e-008 0.962104
8.612025e-008 0.996976
8.632025e-008 1.08882
8.652025e-008 1.07294
8.672025e-008 1.0132
8.692025e-008 1.06672
8.712025e-008 1.17203
8.732025e-008 1.17617
8.752025e-008 1.0971
8.772025e-008 1.0498
8.792025e-008 1.11713
8.812025e-008 1.18757
8.832025e-008 1.09883
8.852025e-008 0.990071
8.872025e-008 1.00872
8.892025e-008 1.07397
8.912025e-008 1.14061
8.932025e-008 1.17341
8.952025e-008 1.10781
8.972025e-008 1.0536
8.992025e-008 1.14717
9.012025e-008 1.27354
9.032025e-008 1.25938
9.052025e-008 1.17859
9.072025e-008 1.13819
9.092025e-008 1.12058
9.112025e-008 1.1375
9.132025e-008 1.14855
9.152025e-008 1.12369
9.172025e-008 1.14441
9.192025e-008 1.23728
9.212025e-008 1.33741
9.232025e-008 1.33879
9.252025e-008 1.21864
9.272025e-008 1.08157
9.292025e-008 1.02356
9.312025e-008 1.08226
9.332025e-008 1.17375
9.352025e-008 1.16029
9.372025e-008 1.10228
9.392025e-008 1.11195
9.412025e-008 1.14717
9.432025e-008 1.17548
9.452025e-008 1.19482
9.472025e-008 1.18135
9.492025e-008 1.1596
9.512025e-008 1.14682
9.532025e-008 1.11713
9.552025e-008 1.07811
9.572025e-008 1.08571
9.592025e-008 1.14544
9.612025e-008 1.18377
9.632025e-008 1.17548
9.652025e-008 1.14959
9.672025e-008 1.13405
9.692025e-008 1.1268
9.712025e-008 1.09676
9.732025e-008 1.07742
9.752025e-008 1.08157
9.772025e-008 1.08916
9.792025e-008 1.16581
9.812025e-008 1.26594
9.832025e-008 1.2511
9.852025e-008 1.17928
9.872025e-008 1.17375
9.892025e-008 1.18687
9.912025e-008 1.15822
9.932025e-008 1.16547
9.952025e-008 1.22209
9.972025e-008 1.23832
9.992025e-008 1.21242
1.001203e-007 1.1779
1.003203e-007 1.13198
1.005203e-007 1.10643
1.007203e-007 1.06948
1.009203e-007 0.955544
1.011203e-007 0.87406
1.013203e-007 0.962794
1.015203e-007 1.12852
1.017203e-007 1.21622
1.019203e-007 1.22175
1.021203e-007 1.19689
1.023203e-007 1.15649
1.025203e-007 1.10815
1.027203e-007 1.08364
1.029203e-007 1.09123
1.031203e-007 1.0795
1.033203e-007 1.05015
1.035203e-007 1.08813
1.037203e-007 1.20966
1.039203e-007 1.30254
1.041203e-007 1.25869
1.043203e-007 1.09365
1.045203e-007 0.946567
1.047203e-007 0.965211
1.049203e-007 1.11817
1.051203e-007 1.2252
1.053203e-007 1.1741
1.055203e-007 1.05705
1.057203e-007 1.06016
1.059203e-007 1.18964
1.061203e-007 1.27319
1.063203e-007 1.2656
1.065203e-007 1.24799
1.067203e-007 1.20345
1.069203e-007 1.18342
1.071203e-007 1.26836
1.073203e-007 1.30392
1.075203e-007 1.20794
1.077203e-007 1.12093
1.079203e-007 1.11609
1.081203e-007 1.17583
1.083203e-007 1.22831
1.085203e-007 1.19171
1.087203e-007 1.12921
1.089203e-007 1.11161
1.091203e-007 1.09434
1.093203e-007 1.09296
1.095203e-007 1.17445
1.097203e-007 1.31152
1.099203e-007 1.39473
1.101203e-007 1.37608
1.103203e-007 1.32188
1.105203e-007 1.2908
1.107203e-007 1.26663
1.109203e-007 1.18066
1.111203e-007 1.04946
1.113203e-007 1.03496
1.115203e-007 1.18377
1.117203e-007 1.3129
1.119203e-007 1.28079
1.121203e-007 1.16202
1.123203e-007 1.10401
1.125203e-007 1.12645
1.127203e-007 1.14061
1.129203e-007 1.13543
1.131203e-007 1.13992
1.133203e-007 1.13301
1.135203e-007 1.13992
1.137203e-007 1.17755
1.139203e-007 1.15511
1.141203e-007 1.0467
1.143203e-007 0.985927
1.145203e-007 1.04704
1.147203e-007 1.13094
1.149203e-007 1.14613
1.151203e-007 1.11195
1.153203e-007 1.0757
1.155203e-007 1.07604
1.157203e-007 1.12093
1.159203e-007 1.16788
1.161203e-007 1.18964
1.163203e-007 1.2031
1.165203e-007 1.19067
1.167203e-007 1.12749
1.169203e-007 1.05602
1.171203e-007 1.01044
1.173203e-007 0.975224
1.175203e-007 0.966247
1.177203e-007 1.02909
1.179203e-007 1.10746
1.181203e-007 1.10056
1.183203e-007 1.06051
1.185203e-007 1.08467
1.187203e-007 1.10712
1.189203e-007 1.07225
1.191203e-007 1.08537
1.193203e-007 1.17997
1.195203e-007 1.22831
1.197203e-007 1.20034
1.199203e-007 1.16478
1.201203e-007 1.13163
1.203203e-007 1.12127
1.205203e-007 1.13957
1.207203e-007 1.1268
1.209203e-007 1.0826
1.211203e-007 1.05084
1.213203e-007 1.04462
1.215203e-007 1.09641
1.217203e-007 1.19171
1.219203e-007 1.22762
1.221203e-007 1.19585
1.223203e-007 1.18584
1.225203e-007 1.17341
1.227203e-007 1.07363
1.229203e-007 0.955889
1.231203e-007 0.962104
1.233203e-007 1.05878
1.235203e-007 1.08571
1.237203e-007 1.02771
1.239203e-007 1.03323
1.241203e-007 1.123
1.243203e-007 1.14993
1.245203e-007 1.07225
1.247203e-007 0.983856
1.249203e-007 0.971771
1.251203e-007 1.04083
1.253203e-007 1.14268
1.255203e-007 1.2176
1.257203e-007 1.24143
1.259203e-007 1.22555
1.261203e-007 1.18101
1.263203e-007 1.15028
1.265203e-007 1.17721
1.267203e-007 1.28355
1.269203e-007 1.3533
1.271203e-007 1.23038
1.273203e-007 1.07846
1.275203e-007 1.08398
1.277203e-007 1.16996
1.279203e-007 1.25835
1.281203e-007 1.29046
1.283203e-007 1.22831
1.285203e-007 1.16547
1.287203e-007 1.17824
1.289203e-007 1.20345
1.291203e-007 1.18377
1.293203e-007 1.15718
1.295203e-007 1.16719
1.297203e-007 1.19033
1.299203e-007 1.16132
1.301203e-007 1.12127
1.303203e-007 1.21691
1.305203e-007 1.42718
1.307203e-007 1.52904
1.309203e-007 1.42546
1.311203e-007 1.27181
1.313203e-007 1.19447
1.315203e-007 1.18757
1.317203e-007 1.24143
1.319203e-007 1.27078
1.321203e-007 1.2176
1.323203e-007 1.21173
1.325203e-007 1.28493
1.327203e-007 1.26663
1.329203e-007 1.15753
1.331203e-007 1.16132
1.333203e-007 1.31083
1.335203e-007 1.41234
1.337203e-007 1.3602
1.339203e-007 1.24453
1.341203e-007 1.18308
1.343203e-007 1.20241
1.345203e-007 1.23867
1.347203e-007 1.23141
1.349203e-007 1.22727
1.351203e-007 1.27319
1.353203e-007 1.32291
1.355203e-007 1.32326
1.357203e-007 1.27423
1.359203e-007 1.28044
1.361203e-007 1.38782
1.363203e-007 1.46447
1.365203e-007 1.43029
1.367203e-007 1.32844
1.369203e-007 1.27561
1.371203e-007 1.32602
1.373203e-007 1.34846
1.375203e-007 1.31462
1.377203e-007 1.36158
1.379203e-007 1.47828
1.381203e-007 1.51108
1.383203e-007 1.39438
1.385203e-007 1.2801
1.387203e-007 1.34984
1.389203e-007 1.5318
1.391203e-007 1.64194
1.393203e-007 1.6157
1.395203e-007 1.49624
1.397203e-007 1.36952
1.399203e-007 1.33603
1.401203e-007 1.41026
1.403203e-007 1.4662
1.405203e-007 1.43547
1.407203e-007 1.40681
1.409203e-007 1.39887
1.411203e-007 1.37298
1.413203e-007 1.38782
1.415203e-007 1.45653
1.417203e-007 1.51764
1.419203e-007 1.56874
1.421203e-007 1.60983
1.423203e-007 1.65126
1.425203e-007 1.6958
1.427203e-007 1.64298
1.429203e-007 1.52248
1.431203e-007 1.50142
1.433203e-007 1.54734
1.435203e-007 1.54527
1.437203e-007 1.51626
1.439203e-007 1.51937
1.441203e-007 1.55286
1.443203e-007 1.58394
1.445203e-007 1.57185
1.447203e-007 1.5135
1.449203e-007 1.499
1.451203e-007 1.51488
1.453203e-007 1.49106
1.455203e-007 1.50936
1.457203e-007 1.59015
1.459203e-007 1.59982
1.461203e-007 1.49796
1.463203e-007 1.43996
1.465203e-007 1.54457
1.467203e-007 1.67509
1.469203e-007 1.64747
1.471203e-007 1.53905
1.473203e-007 1.49417
1.475203e-007 1.4845
1.477203e-007 1.50487
1.479203e-007 1.5684
1.481203e-007 1.5501
1.483203e-007 1.44479
1.485203e-007 1.44997
1.487203e-007 1.58773
1.489203e-007 1.68441
1.491203e-007 1.65713
1.493203e-007 1.57289
1.495203e-007 1.557
1.497203e-007 1.61397
1.499203e-007 1.62606
1.501203e-007 1.57599
1.503203e-007 1.53456
1.505203e-007 1.53871
1.507203e-007 1.6081
1.509203e-007 1.67302
1.511203e-007 1.6157
1.513203e-007 1.52006
1.515203e-007 1.5753
1.517203e-007 1.70374
1.519203e-007 1.7141
1.521203e-007 1.62882
1.523203e-007 1.55631
1.525203e-007 1.58428
1.527203e-007 1.68337
1.529203e-007 1.68303
1.531203e-007 1.60396
1.533203e-007 1.61294
1.535203e-007 1.73171
1.537203e-007 1.87638
1.539203e-007 1.92679
1.541203e-007 1.85152
1.543203e-007 1.75761
1.545203e-007 1.73206
1.547203e-007 1.75519
1.549203e-007 1.79144
1.551203e-007 1.85981
1.553203e-007 1.88225
1.555203e-007 1.80042
1.557203e-007 1.74449
1.559203e-007 1.73413
1.561203e-007 1.67163
1.563203e-007 1.6088
1.565203e-007 1.62019
1.567203e-007 1.67785
1.569203e-007 1.73516
1.571203e-007 1.73447
1.573203e-007 1.71479
1.575203e-007 1.79766
1.577203e-007 1.89882
1.579203e-007 1.90297
1.581203e-007 1.89192
1.583203e-007 1.9116
1.585203e-007 1.9444
1.587203e-007 1.9482
1.589203e-007 1.85083
1.591203e-007 1.77349
1.593203e-007 1.83667
1.595203e-007 1.87293
1.597203e-007 1.79421
1.599203e-007 1.75588
1.601203e-007 1.8163
1.603203e-007 1.89192
1.605203e-007 1.91678
1.607203e-007 1.87811
1.609203e-007 1.84703
1.611203e-007 1.85117
1.613203e-007 1.78661
1.615203e-007 1.69615
1.617203e-007 1.75415
1.619203e-007 1.90297
1.621203e-007 1.96339
1.623203e-007 1.93162
1.625203e-007 1.90331
1.627203e-007 1.95096
1.629203e-007 2.04176
1.631203e-007 2.02243
1.633203e-007 1.9185
1.635203e-007 1.8819
1.637203e-007 1.85187
1.639203e-007 1.77522
1.641203e-007 1.75864
1.643203e-007 1.80146
1.645203e-007 1.8308
1.647203e-007 1.87949
1.649203e-007 1.93059
1.651203e-007 1.90953
1.653203e-007 1.8636
1.655203e-007 1.8567
1.657203e-007 1.88156
1.659203e-007 1.86913
1.661203e-007 1.79041
1.663203e-007 1.77936
1.665203e-007 1.84738
1.667203e-007 1.82873
1.669203e-007 1.78626
1.671203e-007 1.846
1.673203e-007 1.90331
1.675203e-007 1.95441
1.677203e-007 2.09494
1.679203e-007 2.18125
1.681203e-007 2.07422
1.683203e-007 1.91229
1.685203e-007 1.87603
1.687203e-007 1.94129
1.689203e-007 1.98238
1.691203e-007 1.97202
1.693203e-007 1.9551
1.695203e-007 1.96546
1.697203e-007 2.04038
1.699203e-007 2.2144
1.701203e-007 2.37875
1.703203e-007 2.31971
1.705203e-007 2.09252
1.707203e-007 1.97513
1.709203e-007 2.00482
1.711203e-007 2.03969
1.713203e-007 2.05868
1.715203e-007 2.0756
1.717203e-007 2.03175
1.719203e-007 1.92403
1.721203e-007 1.85946
1.723203e-007 1.9078
1.725203e-007 2.01
1.727203e-007 2.05834
1.729203e-007 2.03935
1.731203e-007 2.06213
1.733203e-007 2.15467
1.735203e-007 2.23235
1.737203e-007 2.25894
1.739203e-007 2.24271
1.741203e-007 2.26274
1.743203e-007 2.3746
1.745203e-007 2.45989
1.747203e-007 2.41638
1.749203e-007 2.28691
1.751203e-007 2.18402
1.753203e-007 2.21647
1.755203e-007 2.30451
1.757203e-007 2.28725
1.759203e-007 2.22821
1.761203e-007 2.24962
1.763203e-007 2.32178
1.765203e-007 2.34767
1.767203e-007 2.29865
1.769203e-007 2.23063
1.771203e-007 2.16054
1.773203e-007 2.10495
1.775203e-007 2.09839
1.777203e-007 2.15743
1.779203e-007 2.27689
1.781203e-007 2.31798
1.783203e-007 2.2579
1.785203e-007 2.24789
1.787203e-007 2.28932
1.789203e-007 2.30555
1.791203e-007 2.25203
1.793203e-007 2.16364
1.795203e-007 2.14189
1.797203e-007 2.18712
1.799203e-007 2.24029
1.801203e-007 2.24168
1.803203e-007 2.16951
1.805203e-007 2.15674
1.807203e-007 2.2876
1.809203e-007 2.40085
1.811203e-007 2.35907
1.813203e-007 2.25307
1.815203e-007 2.19161
1.817203e-007 2.19679
1.819203e-007 2.28311
1.821203e-007 2.40706
1.823203e-007 2.4295
1.825203e-007 2.35113
1.827203e-007 2.35251
1.829203e-007 2.42605
1.831203e-007 2.492
1.833203e-007 2.54275
1.835203e-007 2.47301
1.837203e-007 2.35631
1.839203e-007 2.36459
1.841203e-007 2.39705
1.843203e-007 2.37978
1.845203e-007 2.43848
1.847203e-007 2.54241
1.849203e-007 2.49096
1.851203e-007 2.29519
1.853203e-007 2.21716
1.855203e-007 2.33628
1.857203e-007 2.44331
1.859203e-007 2.43434
1.861203e-007 2.38496
1.863203e-007 2.38565
1.865203e-007 2.47991
1.867203e-007 2.56519
1.869203e-007 2.51651
1.871203e-007 2.41707
1.873203e-007 2.41431
1.875203e-007 2.45885
1.877203e-007 2.41742
1.879203e-007 2.34318
1.881203e-007 2.32316
1.883203e-007 2.24375
1.885203e-007 2.145
1.887203e-007 2.25928
1.889203e-007 2.48475
1.891203e-007 2.5942
1.893203e-007 2.62976
1.895203e-007 2.65289
1.897203e-007 2.64081
1.899203e-007 2.59627
1.901203e-007 2.521
1.903203e-007 2.47784
1.905203e-007 2.53274
1.907203e-007 2.59765
1.909203e-007 2.63149
1.911203e-007 2.67568
1.913203e-007 2.66981
1.915203e-007 2.59834
1.917203e-007 2.52273
1.919203e-007 2.45678
1.921203e-007 2.45954
1.923203e-007 2.52549
1.925203e-007 2.54517
1.927203e-007 2.52825
1.929203e-007 2.50615
1.931203e-007 2.45091
1.933203e-007 2.40671
1.935203e-007 2.48716
1.937203e-007 2.66014
1.939203e-007 2.70019
1.941203e-007 2.58798
1.943203e-007 2.52929
1.945203e-007 2.57313
1.947203e-007 2.61698
1.949203e-007 2.59247
1.951203e-007 2.56934
1.953203e-007 2.60421
1.955203e-007 2.58039
1.957203e-007 2.47163
1.959203e-007 2.42191
1.961203e-007 2.48716
1.963203e-007 2.579
1.965203e-007 2.60697
1.967203e-007 2.56347
1.969203e-007 2.49752
1.971203e-007 2.5134
1.973203e-007 2.63977
1.975203e-007 2.72989
1.977203e-007 2.69398
1.979203e-007 2.6308
1.981203e-007 2.64668
1.983203e-007 2.685
1.985203e-007 2.69053
1.987203e-007 2.73334
1.989203e-007 2.76925
1.991203e-007 2.71159
1.993203e-007 2.66912
1.995203e-007 2.73127
1.997203e-007 2.80999
1.999203e-007 2.8131
2.001203e-007 2.7437
2.003203e-007 2.67775
2.005203e-007 2.68017
2.007203e-007 2.6812
2.009203e-007 2.60214
2.011203e-007 2.53067
2.013203e-007 2.55691
2.015203e-007 2.62216
2.017203e-007 2.64357
2.019203e-007 2.65013
2.021203e-007 2.69018
2.023203e-007 2.75682
2.025203e-007 2.84176
2.027203e-007 2.88077
2.029203e-007 2.84383
2.031203e-007 2.79756
2.033203e-007 2.75268
2.035203e-007 2.72022
2.037203e-007 2.74542
2.039203e-007 2.80826
2.041203e-007 2.84176
2.043203e-007 2.8093
2.045203e-007 2.75509
2.047203e-007 2.73852
2.049203e-007 2.76234
2.051203e-007 2.77477
2.053203e-007 2.72643
2.055203e-007 2.71677
2.057203e-007 2.81862
2.059203e-007 2.86696
2.061203e-007 2.8352
2.063203e-007 2.88595
2.065203e-007 2.98228
2.067203e-007 3.01784
2.069203e-007 3.02924
2.071203e-007 3.04512
2.073203e-007 2.97123
2.075203e-007 2.78755
2.077203e-007 2.67533
2.079203e-007 2.67913
2.081203e-007 2.68293
2.083203e-007 2.72298
2.085203e-007 2.81172
2.087203e-007 2.83899
2.089203e-007 2.82829
2.091203e-007 2.85004
2.093203e-007 2.84072
2.095203e-007 2.80723
2.097203e-007 2.83243
2.099203e-007 2.8314
2.101203e-007 2.75509
2.103203e-007 2.73023
2.105203e-007 2.82553
2.107203e-007 2.99609
2.109203e-007 3.12833
2.111203e-007 3.09311
2.113203e-007 2.90736
2.115203e-007 2.7948
2.117203e-007 2.86627
2.119203e-007 2.94775
2.121203e-007 2.93532
2.123203e-007 2.89286
2.125203e-007 2.81966
2.127203e-007 2.76614
2.129203e-007 2.8383
2.131203e-007 2.92393
2.133203e-007 2.9039
2.135203e-007 2.90045
2.137203e-007 2.96398
2.139203e-007 2.97572
2.141203e-007 2.96743
2.143203e-007 2.99506
2.145203e-007 2.97537
2.147203e-007 2.92531
2.149203e-007 2.92704
2.151203e-007 2.96709
2.153203e-007 2.96778
2.155203e-007 2.93153
2.157203e-007 2.96364
2.159203e-007 3.06445
2.161203e-007 3.13006
2.163203e-007 3.11694
2.165203e-007 3.06998
2.167203e-007 3.0389
2.169203e-007 3.00092
2.171203e-007 2.95431
2.173203e-007 2.98366
2.175203e-007 3.11866
2.177203e-007 3.2402
2.179203e-007 3.20153
2.181203e-007 3.0389
2.183203e-007 2.94603
2.185203e-007 2.97227
2.187203e-007 2.9771
2.189203e-007 2.92255
2.191203e-007 2.91392
2.193203e-007 2.99609
2.195203e-007 3.12419
2.197203e-007 3.18185
2.199203e-007 3.12488
2.201203e-007 3.08828
2.203203e-007 3.13109
2.205203e-007 3.14663
2.207203e-007 3.08068
2.209203e-007 3.02061
2.211203e-007 3.03545
2.213203e-007 3.10382
2.215203e-007 3.2074
2.217203e-007 3.28439
2.219203e-007 3.25332
2.221203e-007 3.1525
2.223203e-007 3.10969
2.225203e-007 3.1853
2.227203e-007 3.25642
2.229203e-007 3.21948
2.231203e-007 3.19393
2.233203e-007 3.23364
2.235203e-007 3.23364
2.237203e-007 3.19669
2.239203e-007 3.17425
2.241203e-007 3.16907
2.243203e-007 3.18495
2.245203e-007 3.15906
2.247203e-007 3.07861
2.249203e-007 3.07171
2.251203e-007 3.13075
2.253203e-007 3.14007
2.255203e-007 3.12142
2.257203e-007 3.15733
2.259203e-007 3.23122
2.261203e-007 3.30856
2.263203e-007 3.3859
2.265203e-007 3.40834
2.267203e-007 3.41249
2.269203e-007 3.4408
2.271203e-007 3.40627
2.273203e-007 3.29682
2.275203e-007 3.16355
2.277203e-007 3.07965
2.279203e-007 3.10692
2.281203e-007 3.17529
2.283203e-007 3.19704
2.285203e-007 3.13696
2.287203e-007 3.06687
2.289203e-007 3.14145
2.291203e-007 3.27818
2.293203e-007 3.26333
2.295203e-007 3.17805
2.297203e-007 3.18012
2.299203e-007 3.22259
2.301203e-007 3.24434
2.303203e-007 3.28025
2.305203e-007 3.34067
2.307203e-007 3.33825
2.309203e-007 3.2837
2.311203e-007 3.26782
2.313203e-007 3.24917
2.315203e-007 3.22501
2.317203e-007 3.28854
2.319203e-007 3.42768
2.321203e-007 3.5064
2.323203e-007 3.43044
2.325203e-007 3.32513
2.327203e-007 3.34102
2.329203e-007 3.34965
2.331203e-007 3.24538
2.333203e-007 3.18495
2.335203e-007 3.25677
2.337203e-007 3.34412
2.339203e-007 3.3569
2.341203e-007 3.35345
2.343203e-007 3.40524
2.345203e-007 3.46808
2.347203e-007 3.49294
2.349203e-007 3.48016
2.351203e-007 3.43597
2.353203e-007 3.41525
2.355203e-007 3.43458
2.357203e-007 3.43666
2.359203e-007 3.42941
2.361203e-007 3.44874
2.363203e-007 3.43631
2.365203e-007 3.34827
2.367203e-007 3.29061
2.369203e-007 3.32375
2.371203e-007 3.34274
2.373203e-007 3.31339
2.375203e-007 3.34136
2.377203e-007 3.42733
2.379203e-007 3.44632
2.381203e-007 3.41145
2.383203e-007 3.41698
2.385203e-007 3.46497
2.387203e-007 3.55474
2.389203e-007 3.5903
2.391203e-007 3.48396
2.393203e-007 3.4263
2.395203e-007 3.50088
2.397203e-007 3.50053
2.399203e-007 3.42802
2.401203e-007 3.44874
2.403203e-007 3.51538
2.405203e-007 3.5392
2.407203e-007 3.51296
2.409203e-007 3.42112
2.411203e-007 3.32306
2.413203e-007 3.32203
2.415203e-007 3.45254
2.417203e-007 3.62586
2.419203e-007 3.67075
2.421203e-007 3.58374
2.423203e-007 3.53195
2.425203e-007 3.55819
2.427203e-007 3.5613
2.429203e-007 3.50778
2.431203e-007 3.44529
2.433203e-007 3.43217
2.435203e-007 3.47084
2.437203e-007 3.48672
2.439203e-007 3.47774
2.441203e-007 3.47015
2.443203e-007 3.41663
2.445203e-007 3.36795
2.447203e-007 3.41421
2.449203e-007 3.45703
2.451203e-007 3.43148
2.453203e-007 3.43044
2.455203e-007 3.46255
2.457203e-007 3.4843
2.459203e-007 3.51262
2.461203e-007 3.51572
2.463203e-007 3.45254
2.465203e-007 3.44114
2.467203e-007 3.55888
2.469203e-007 3.64485
2.471203e-007 3.59893
2.473203e-007 3.57718
2.475203e-007 3.68732
2.477203e-007 3.77537
2.479203e-007 3.76501
2.481203e-007 3.75465
2.483203e-007 3.7032
2.485203e-007 3.6017
2.487203e-007 3.59583
2.489203e-007 3.66177
2.491203e-007 3.66177
2.493203e-007 3.61551
2.495203e-007 3.59099
2.497203e-007 3.56648
2.499203e-007 3.56579
2.501203e-007 3.62794
2.503203e-007 3.67075
2.505203e-007 3.63035
2.507203e-007 3.58063
2.509203e-007 3.57994
2.511203e-007 3.60722
2.513203e-007 3.62621
2.515203e-007 3.601
2.517203e-007 3.56441
2.519203e-007 3.60515
2.521203e-007 3.69734
